Data file for DataLogger.,,,,
==============================================================================,,,,
COMPANY    : <Company name>,,,,
COMP.STATUS: Do,,,,
DATE       : 19/10/2015,,,,
TIME       : 16:40:06,,,,
FILENAME   : C:\ProgramData\DiverOffice\ONR\CSV\ctd_18_151019164006_P9879.CSV,,,,
CREATED BY : SWS Diver-Office 4.0.76.0,,,,
==========================    BEGINNING OF DATA     ==========================,,,,
[Logger settings],,,,
  Instrument type         =CTD-Diver=17,,,,
  Status                  =Started =0,,,,
  Serial number           =..06-P9879  317.,,,,
  Instrument number       =                    ,,,,
                          =0,,,,
  Location                =ctd_18,,,,
  Sample period           =M10,,,,
  Sample method           =T   ,,,,
  Number of channels      =3,,,,
[Channel 1],,,,
  Identification          =PRESSURE,,,,
  Reference level         =400.0     cm,,,,
  Range                   =1750.0    cm,,,,
  Master level            =1750      CMH2O,,,,
  Altitude                =0         m,,,,
[Channel 2],,,,
  Identification          =TEMPERATURE,,,,
  Reference level         =-20.00    °C,,,,
  Range                   =100.00    °C,,,,
,,,,
,,,,
[Channel 3],,,,
  Identification          =2: SPEC.COND.,,,,
  Reference level         =0.00      mS/cm,,,,
  Range                   =120.00    mS/cm,,,,
,,,,
,,,,
[Series settings],,,,
  Serial number           =..06-P9879  317.,,,,
  Instrument number       =                    ,,,,
  Location                =ctd_18,,,,
  Sample period           =00 00:10:00 0,,,,
  Sample method           =T   ,,,,
  Start date / time       =00:00:13 15/03/15,,,,
  End date / time         =00:30:16 19/10/15,,,,
[Channel 1 from data header],,,,
  Identification          =PRESSURE,,,,
  Reference level         =400.0     cm,,,,
  Range                   =1750.0    cm,,,,
  Master level            =1750      CMH2O,,,,
  Altitude                =0         m,,,,
[Channel 2 from data header],,,,
  Identification          =TEMPERATURE,,,,
  Reference level         =-20.00    °C,,,,
  Range                   =100.00    °C,,,,
,,,,
,,,,
[Channel 3 from data header],,,,
  Identification          =2: SPEC.COND.,,,,
  Reference level         =0.00      mS/cm,,,,
  Range                   =120.00    mS/cm,,,,
,,,,
,,,,
[Data],,,,
31414,,,,
Date/time,,Pressure[cm],Temperature[°C],2:Spec.cond.[mS/cm]
3/15/2015 13:00,42078.54,1558.3,25.57,17.47
3/15/2015 13:10,42078.55,1557.9,25.55,17.46
3/15/2015 13:20,42078.56,1557.6,25.58,17.46
3/15/2015 13:30,42078.56,1557.2,25.57,17.47
3/15/2015 13:40,42078.57,1557.2,25.56,17.46
3/15/2015 13:50,42078.58,1557,25.56,17.46
3/15/2015 14:00,42078.58,1557.4,25.58,17.45
3/15/2015 14:10,42078.59,1557.6,25.55,17.46
3/15/2015 14:20,42078.60,1557.9,25.57,17.47
3/15/2015 14:30,42078.60,1558.3,25.57,17.46
3/15/2015 14:40,42078.61,1559,25.57,17.47
3/15/2015 14:50,42078.62,1559.5,25.57,17.47
3/15/2015 15:00,42078.63,1560.1,25.57,17.47
3/15/2015 15:10,42078.63,1561.2,25.57,17.47
3/15/2015 15:20,42078.64,1562.1,25.59,17.46
3/15/2015 15:30,42078.65,1563.3,25.58,17.46
3/15/2015 15:40,42078.65,1564.5,25.6,17.46
3/15/2015 15:50,42078.66,1565.4,25.59,17.46
3/15/2015 16:00,42078.67,1566.7,25.57,17.47
3/15/2015 16:10,42078.67,1567.7,25.57,17.47
3/15/2015 16:20,42078.68,1569,25.58,17.46
3/15/2015 16:30,42078.69,1570.4,25.58,17.46
3/15/2015 16:40,42078.69,1572,25.57,17.47
3/15/2015 16:50,42078.70,1573.2,25.57,17.47
3/15/2015 17:00,42078.71,1574.8,25.59,17.46
3/15/2015 17:10,42078.72,1576.4,25.61,17.47
3/15/2015 17:20,42078.72,1577.9,25.58,17.46
3/15/2015 17:30,42078.73,1579.4,25.56,17.47
3/15/2015 17:40,42078.74,1580.7,25.57,17.48
3/15/2015 17:50,42078.74,1581.9,25.56,17.48
3/15/2015 18:00,42078.75,1582.9,25.56,17.47
3/15/2015 18:10,42078.76,1584.5,25.58,17.46
3/15/2015 18:20,42078.76,1585.7,25.57,17.48
3/15/2015 18:30,42078.77,1586.6,25.56,17.48
3/15/2015 18:40,42078.78,1587.8,25.57,17.48
3/15/2015 18:50,42078.78,1588.8,25.6,17.47
3/15/2015 19:00,42078.79,1589.5,25.59,17.47
3/15/2015 19:10,42078.80,1590.2,25.59,17.47
3/15/2015 19:20,42078.81,1591.1,25.58,17.47
3/15/2015 19:30,42078.81,1591.8,25.58,17.47
3/15/2015 19:40,42078.82,1592.5,25.58,17.47
3/15/2015 19:50,42078.83,1592.8,25.59,17.48
3/15/2015 20:00,42078.83,1593.2,25.56,17.48
3/15/2015 20:10,42078.84,1593.7,25.56,17.49
3/15/2015 20:20,42078.85,1593.7,25.56,17.49
3/15/2015 20:30,42078.85,1593.7,25.56,17.49
3/15/2015 20:40,42078.86,1593.3,25.57,17.5
3/15/2015 20:50,42078.87,1593,25.61,17.49
3/15/2015 21:00,42078.88,1592.5,25.59,17.49
3/15/2015 21:10,42078.88,1591.9,25.57,17.5
3/15/2015 21:20,42078.89,1591.3,25.57,17.5
3/15/2015 21:30,42078.90,1590.4,25.56,17.5
3/15/2015 21:40,42078.90,1589.5,25.55,17.5
3/15/2015 21:50,42078.91,1588.3,25.57,17.51
3/15/2015 22:00,42078.92,1587.6,25.57,17.51
3/15/2015 22:10,42078.92,1585.9,25.57,17.51
3/15/2015 22:20,42078.93,1585,25.57,17.51
3/15/2015 22:30,42078.94,1583.8,25.58,17.5
3/15/2015 22:40,42078.94,1582.4,25.58,17.5
3/15/2015 22:50,42078.95,1581,25.59,17.51
3/15/2015 23:00,42078.96,1579.6,25.58,17.51
3/15/2015 23:10,42078.97,1578.6,25.58,17.51
3/15/2015 23:20,42078.97,1577.4,25.57,17.52
3/15/2015 23:30,42078.98,1576.1,25.57,17.53
3/15/2015 23:40,42078.99,1575,25.59,17.52
3/15/2015 23:50,42078.99,1573.6,25.58,17.52
3/16/2015 0:00,42079.00,1572.5,25.55,17.53
3/16/2015 0:10,42079.01,1571.1,25.56,17.53
3/16/2015 0:20,42079.01,1569.9,25.57,17.54
3/16/2015 0:30,42079.02,1568.7,25.57,17.54
3/16/2015 0:40,42079.03,1567.6,25.59,17.53
3/16/2015 0:50,42079.03,1566.7,25.56,17.54
3/16/2015 1:00,42079.04,1565.7,25.57,17.54
3/16/2015 1:10,42079.05,1564.9,25.56,17.54
3/16/2015 1:20,42079.06,1564,25.55,17.54
3/16/2015 1:30,42079.06,1562.9,25.58,17.53
3/16/2015 1:40,42079.07,1562.2,25.58,17.53
3/16/2015 1:50,42079.08,1561.7,25.58,17.54
3/16/2015 2:00,42079.08,1560.8,25.56,17.55
3/16/2015 2:10,42079.09,1560.3,25.56,17.55
3/16/2015 2:20,42079.10,1559.8,25.57,17.55
3/16/2015 2:30,42079.10,1559.6,25.55,17.55
3/16/2015 2:40,42079.11,1559.3,25.57,17.56
3/16/2015 2:50,42079.12,1558.7,25.58,17.54
3/16/2015 3:00,42079.13,1558.7,25.58,17.54
3/16/2015 3:10,42079.13,1558.9,25.55,17.56
3/16/2015 3:20,42079.14,1558.9,25.56,17.56
3/16/2015 3:30,42079.15,1559.3,25.56,17.56
3/16/2015 3:40,42079.15,1559.6,25.56,17.56
3/16/2015 3:50,42079.16,1560,25.58,17.56
3/16/2015 4:00,42079.17,1561,25.58,17.56
3/16/2015 4:10,42079.17,1561.4,25.58,17.56
3/16/2015 4:20,42079.18,1562.4,25.57,17.57
3/16/2015 4:30,42079.19,1563.1,25.56,17.57
3/16/2015 4:40,42079.19,1564.2,25.58,17.56
3/16/2015 4:50,42079.20,1565.2,25.58,17.56
3/16/2015 5:00,42079.21,1566.1,25.57,17.58
3/16/2015 5:10,42079.22,1567.6,25.59,17.56
3/16/2015 5:20,42079.22,1568.7,25.57,17.58
3/16/2015 5:30,42079.23,1569.9,25.56,17.57
3/16/2015 5:40,42079.24,1571,25.57,17.58
3/16/2015 5:50,42079.24,1572.5,25.58,17.56
3/16/2015 6:00,42079.25,1573.7,25.59,17.57
3/16/2015 6:10,42079.26,1574.8,25.6,17.57
3/16/2015 6:20,42079.26,1576.3,25.61,17.58
3/16/2015 6:30,42079.27,1577.5,25.59,17.57
3/16/2015 6:40,42079.28,1579.2,25.61,17.58
3/16/2015 6:50,42079.28,1580.5,25.58,17.57
3/16/2015 7:00,42079.29,1581.7,25.61,17.58
3/16/2015 7:10,42079.30,1582.8,25.58,17.57
3/16/2015 7:20,42079.31,1583.9,25.6,17.58
3/16/2015 7:30,42079.31,1584.6,25.58,17.57
3/16/2015 7:40,42079.32,1585.6,25.57,17.59
3/16/2015 7:50,42079.33,1586.7,25.57,17.59
3/16/2015 8:00,42079.33,1587.5,25.57,17.59
3/16/2015 8:10,42079.34,1588.1,25.56,17.59
3/16/2015 8:20,42079.35,1588.7,25.57,17.59
3/16/2015 8:30,42079.35,1589.5,25.56,17.59
3/16/2015 8:40,42079.36,1590.1,25.57,17.59
3/16/2015 8:50,42079.37,1590.6,25.57,17.59
3/16/2015 9:00,42079.38,1590.5,25.57,17.59
3/16/2015 9:10,42079.38,1590.6,25.58,17.58
3/16/2015 9:20,42079.39,1590.4,25.58,17.58
3/16/2015 9:30,42079.40,1590.1,25.58,17.58
3/16/2015 9:40,42079.40,1589.9,25.56,17.59
3/16/2015 9:50,42079.41,1589.4,25.58,17.58
3/16/2015 10:00,42079.42,1589,25.61,17.59
3/16/2015 10:10,42079.42,1588.1,25.59,17.59
3/16/2015 10:20,42079.43,1587.6,25.58,17.58
3/16/2015 10:30,42079.44,1586.6,25.57,17.6
3/16/2015 10:40,42079.44,1585.3,25.57,17.6
3/16/2015 10:50,42079.45,1584.1,25.56,17.6
3/16/2015 11:00,42079.46,1582.9,25.55,17.6
3/16/2015 11:10,42079.47,1581.5,25.57,17.6
3/16/2015 11:20,42079.47,1580.3,25.55,17.6
3/16/2015 11:30,42079.48,1578.9,25.56,17.6
3/16/2015 11:40,42079.49,1577.5,25.59,17.59
3/16/2015 11:50,42079.49,1576.2,25.6,17.6
3/16/2015 12:00,42079.50,1575,25.57,17.6
3/16/2015 12:10,42079.51,1573.4,25.58,17.59
3/16/2015 12:20,42079.51,1572,25.56,17.6
3/16/2015 12:30,42079.52,1570.4,25.56,17.6
3/16/2015 12:40,42079.53,1569,25.57,17.61
3/16/2015 12:50,42079.53,1568,25.57,17.61
3/16/2015 13:00,42079.54,1566.4,25.58,17.59
3/16/2015 13:10,42079.55,1565.4,25.56,17.6
3/16/2015 13:20,42079.56,1564,25.57,17.61
3/16/2015 13:30,42079.56,1562.9,25.56,17.6
3/16/2015 13:40,42079.57,1561.9,25.59,17.6
3/16/2015 13:50,42079.58,1560.8,25.58,17.6
3/16/2015 14:00,42079.58,1560,25.58,17.6
3/16/2015 14:10,42079.59,1558.9,25.57,17.61
3/16/2015 14:20,42079.60,1557.9,25.59,17.6
3/16/2015 14:30,42079.60,1557,25.58,17.6
3/16/2015 14:40,42079.61,1556.3,25.55,17.61
3/16/2015 14:50,42079.62,1556.2,25.56,17.61
3/16/2015 15:00,42079.63,1555.5,25.57,17.61
3/16/2015 15:10,42079.63,1555,25.57,17.61
3/16/2015 15:20,42079.64,1554.8,25.56,17.61
3/16/2015 15:30,42079.65,1554.6,25.56,17.61
3/16/2015 15:40,42079.65,1554.6,25.56,17.61
3/16/2015 15:50,42079.66,1554.6,25.57,17.61
3/16/2015 16:00,42079.67,1554.7,25.57,17.61
3/16/2015 16:10,42079.67,1554.9,25.57,17.61
3/16/2015 16:20,42079.68,1555.5,25.56,17.61
3/16/2015 16:30,42079.69,1556.6,25.57,17.61
3/16/2015 16:40,42079.69,1557.2,25.56,17.61
3/16/2015 16:50,42079.70,1558.1,25.57,17.62
3/16/2015 17:00,42079.71,1559.1,25.6,17.61
3/16/2015 17:10,42079.72,1560.5,25.56,17.61
3/16/2015 17:20,42079.72,1561.9,25.57,17.62
3/16/2015 17:30,42079.73,1563.3,25.56,17.61
3/16/2015 17:40,42079.74,1564.7,25.57,17.62
3/16/2015 17:50,42079.74,1566.3,25.57,17.62
3/16/2015 18:00,42079.75,1567.8,25.55,17.61
3/16/2015 18:10,42079.76,1569.2,25.56,17.61
3/16/2015 18:20,42079.76,1570.9,25.56,17.61
3/16/2015 18:30,42079.77,1572.7,25.58,17.6
3/16/2015 18:40,42079.78,1574.4,25.55,17.61
3/16/2015 18:50,42079.78,1575.9,25.56,17.61
3/16/2015 19:00,42079.79,1577.5,25.59,17.6
3/16/2015 19:10,42079.80,1579.1,25.56,17.61
3/16/2015 19:20,42079.81,1581,25.59,17.6
3/16/2015 19:30,42079.81,1582.6,25.59,17.61
3/16/2015 19:40,42079.82,1584.1,25.58,17.6
3/16/2015 19:50,42079.83,1585.7,25.59,17.61
3/16/2015 20:00,42079.83,1587.3,25.58,17.6
3/16/2015 20:10,42079.84,1588.7,25.56,17.62
3/16/2015 20:20,42079.85,1589.5,25.56,17.62
3/16/2015 20:30,42079.85,1591.1,25.57,17.62
3/16/2015 20:40,42079.86,1592.1,25.59,17.61
3/16/2015 20:50,42079.87,1593,25.59,17.61
3/16/2015 21:00,42079.88,1594,25.57,17.62
3/16/2015 21:10,42079.88,1594.6,25.57,17.62
3/16/2015 21:20,42079.89,1595.7,25.6,17.61
3/16/2015 21:30,42079.90,1595.6,25.59,17.61
3/16/2015 21:40,42079.90,1596.1,25.57,17.62
3/16/2015 21:50,42079.91,1596.3,25.56,17.62
3/16/2015 22:00,42079.92,1596.5,25.58,17.6
3/16/2015 22:10,42079.92,1596.1,25.57,17.62
3/16/2015 22:20,42079.93,1596,25.58,17.6
3/16/2015 22:30,42079.94,1595.6,25.57,17.62
3/16/2015 22:40,42079.94,1594.9,25.56,17.62
3/16/2015 22:50,42079.95,1593.9,25.56,17.62
3/16/2015 23:00,42079.96,1592.8,25.58,17.6
3/16/2015 23:10,42079.97,1592,25.6,17.61
3/16/2015 23:20,42079.97,1590.6,25.58,17.61
3/16/2015 23:30,42079.98,1589.4,25.57,17.62
3/16/2015 23:40,42079.99,1588,25.57,17.62
3/16/2015 23:50,42079.99,1586,25.57,17.62
3/17/2015 0:00,42080.00,1584.6,25.57,17.62
3/17/2015 0:10,42080.01,1583.3,25.56,17.62
3/17/2015 0:20,42080.01,1581.5,25.59,17.61
3/17/2015 0:30,42080.02,1579.6,25.59,17.61
3/17/2015 0:40,42080.03,1578,25.59,17.61
3/17/2015 0:50,42080.03,1576.5,25.56,17.62
3/17/2015 1:00,42080.04,1574.7,25.57,17.62
3/17/2015 1:10,42080.05,1572.9,25.57,17.62
3/17/2015 1:20,42080.06,1571.6,25.6,17.61
3/17/2015 1:30,42080.06,1569.7,25.58,17.61
3/17/2015 1:40,42080.07,1568.7,25.58,17.61
3/17/2015 1:50,42080.08,1567.1,25.59,17.61
3/17/2015 2:00,42080.08,1565.9,25.57,17.62
3/17/2015 2:10,42080.09,1564.3,25.59,17.61
3/17/2015 2:20,42080.10,1563.3,25.56,17.62
3/17/2015 2:30,42080.10,1562.2,25.56,17.62
3/17/2015 2:40,42080.11,1561,25.56,17.62
3/17/2015 2:50,42080.12,1560,25.57,17.62
3/17/2015 3:00,42080.13,1558.9,25.6,17.62
3/17/2015 3:10,42080.13,1557.9,25.58,17.61
3/17/2015 3:20,42080.14,1557,25.58,17.61
3/17/2015 3:30,42080.15,1556.2,25.59,17.62
3/17/2015 3:40,42080.15,1555.6,25.58,17.61
3/17/2015 3:50,42080.16,1555.1,25.56,17.62
3/17/2015 4:00,42080.17,1554.7,25.55,17.61
3/17/2015 4:10,42080.17,1554.1,25.55,17.62
3/17/2015 4:20,42080.18,1553.5,25.55,17.62
3/17/2015 4:30,42080.19,1553.7,25.56,17.62
3/17/2015 4:40,42080.19,1553.4,25.55,17.62
3/17/2015 4:50,42080.20,1553.5,25.57,17.62
3/17/2015 5:00,42080.21,1554.1,25.56,17.62
3/17/2015 5:10,42080.22,1554.6,25.56,17.62
3/17/2015 5:20,42080.22,1555.3,25.56,17.62
3/17/2015 5:30,42080.23,1556.2,25.56,17.62
3/17/2015 5:40,42080.24,1557.4,25.55,17.62
3/17/2015 5:50,42080.24,1558.3,25.59,17.61
3/17/2015 6:00,42080.25,1559.3,25.58,17.61
3/17/2015 6:10,42080.26,1560.7,25.58,17.61
3/17/2015 6:20,42080.26,1562.1,25.56,17.62
3/17/2015 6:30,42080.27,1563.6,25.56,17.62
3/17/2015 6:40,42080.28,1565.2,25.54,17.61
3/17/2015 6:50,42080.28,1566.7,25.56,17.62
3/17/2015 7:00,42080.29,1568.3,25.55,17.62
3/17/2015 7:10,42080.30,1569.9,25.56,17.62
3/17/2015 7:20,42080.31,1571.8,25.56,17.62
3/17/2015 7:30,42080.31,1573.4,25.55,17.62
3/17/2015 7:40,42080.32,1575.2,25.56,17.62
3/17/2015 7:50,42080.33,1576.8,25.55,17.62
3/17/2015 8:00,42080.33,1578.7,25.54,17.61
3/17/2015 8:10,42080.34,1580.3,25.54,17.61
3/17/2015 8:20,42080.35,1581.7,25.56,17.62
3/17/2015 8:30,42080.35,1583.1,25.56,17.62
3/17/2015 8:40,42080.36,1584.6,25.56,17.62
3/17/2015 8:50,42080.37,1585.7,25.57,17.62
3/17/2015 9:00,42080.38,1587,25.57,17.62
3/17/2015 9:10,42080.38,1588,25.59,17.61
3/17/2015 9:20,42080.39,1589.2,25.58,17.61
3/17/2015 9:30,42080.40,1590.2,25.58,17.61
3/17/2015 9:40,42080.40,1591.2,25.57,17.62
3/17/2015 9:50,42080.41,1591.9,25.57,17.62
3/17/2015 10:00,42080.42,1592.3,25.57,17.62
3/17/2015 10:10,42080.42,1592.6,25.57,17.62
3/17/2015 10:20,42080.43,1593,25.57,17.62
3/17/2015 10:30,42080.44,1593.3,25.57,17.62
3/17/2015 10:40,42080.44,1593.2,25.56,17.62
3/17/2015 10:50,42080.45,1593.2,25.56,17.62
3/17/2015 11:00,42080.46,1592.8,25.58,17.61
3/17/2015 11:10,42080.47,1592.1,25.58,17.61
3/17/2015 11:20,42080.47,1591.5,25.57,17.62
3/17/2015 11:30,42080.48,1590.4,25.58,17.61
3/17/2015 11:40,42080.49,1589.4,25.58,17.61
3/17/2015 11:50,42080.49,1588.1,25.56,17.62
3/17/2015 12:00,42080.50,1586.7,25.59,17.62
3/17/2015 12:10,42080.51,1585.4,25.57,17.62
3/17/2015 12:20,42080.51,1583.7,25.57,17.62
3/17/2015 12:30,42080.52,1582.2,25.56,17.62
3/17/2015 12:40,42080.53,1580.5,25.58,17.61
3/17/2015 12:50,42080.53,1578.7,25.58,17.61
3/17/2015 13:00,42080.54,1577.2,25.57,17.62
3/17/2015 13:10,42080.55,1575.2,25.54,17.62
3/17/2015 13:20,42080.56,1573.6,25.56,17.62
3/17/2015 13:30,42080.56,1572.5,25.57,17.62
3/17/2015 13:40,42080.57,1570.4,25.58,17.61
3/17/2015 13:50,42080.58,1568.8,25.53,17.61
3/17/2015 14:00,42080.58,1566.9,25.58,17.61
3/17/2015 14:10,42080.59,1565.6,25.57,17.62
3/17/2015 14:20,42080.60,1564,25.57,17.62
3/17/2015 14:30,42080.60,1562.2,25.57,17.62
3/17/2015 14:40,42080.61,1561.2,25.58,17.61
3/17/2015 14:50,42080.62,1559.8,25.57,17.62
3/17/2015 15:00,42080.63,1558.4,25.59,17.61
3/17/2015 15:10,42080.63,1557.6,25.58,17.61
3/17/2015 15:20,42080.64,1556.2,25.57,17.62
3/17/2015 15:30,42080.65,1554.9,25.58,17.61
3/17/2015 15:40,42080.65,1554.2,25.6,17.62
3/17/2015 15:50,42080.66,1553.2,25.58,17.61
3/17/2015 16:00,42080.67,1552.5,25.58,17.61
3/17/2015 16:10,42080.67,1552,25.55,17.62
3/17/2015 16:20,42080.68,1550.9,25.58,17.61
3/17/2015 16:30,42080.69,1550.4,25.57,17.62
3/17/2015 16:40,42080.69,1550,25.59,17.61
3/17/2015 16:50,42080.70,1549.9,25.56,17.62
3/17/2015 17:00,42080.71,1549.8,25.56,17.62
3/17/2015 17:10,42080.72,1549.9,25.56,17.62
3/17/2015 17:20,42080.72,1550.2,25.57,17.62
3/17/2015 17:30,42080.73,1550.7,25.55,17.62
3/17/2015 17:40,42080.74,1551.5,25.57,17.62
3/17/2015 17:50,42080.74,1552.3,25.56,17.62
3/17/2015 18:00,42080.75,1553.5,25.56,17.62
3/17/2015 18:10,42080.76,1554.9,25.6,17.62
3/17/2015 18:20,42080.76,1556.3,25.55,17.62
3/17/2015 18:30,42080.77,1558.1,25.58,17.61
3/17/2015 18:40,42080.78,1559.8,25.59,17.61
3/17/2015 18:50,42080.78,1561.7,25.57,17.62
3/17/2015 19:00,42080.79,1563.5,25.54,17.61
3/17/2015 19:10,42080.80,1565.6,25.57,17.62
3/17/2015 19:20,42080.81,1567.3,25.56,17.62
3/17/2015 19:30,42080.81,1569.2,25.56,17.62
3/17/2015 19:40,42080.82,1570.8,25.57,17.62
3/17/2015 19:50,42080.83,1573,25.55,17.62
3/17/2015 20:00,42080.83,1575.2,25.54,17.61
3/17/2015 20:10,42080.84,1577.3,25.56,17.62
3/17/2015 20:20,42080.85,1579.8,25.55,17.62
3/17/2015 20:30,42080.85,1581.9,25.56,17.62
3/17/2015 20:40,42080.86,1583.9,25.54,17.62
3/17/2015 20:50,42080.87,1585.9,25.57,17.62
3/17/2015 21:00,42080.88,1587.8,25.56,17.62
3/17/2015 21:10,42080.88,1589.2,25.55,17.62
3/17/2015 21:20,42080.89,1590.6,25.56,17.62
3/17/2015 21:30,42080.90,1592.1,25.57,17.62
3/17/2015 21:40,42080.90,1593.5,25.56,17.62
3/17/2015 21:50,42080.91,1594.4,25.56,17.62
3/17/2015 22:00,42080.92,1597.2,25.56,17.62
3/17/2015 22:10,42080.92,1595.8,25.57,17.62
3/17/2015 22:20,42080.93,1596.7,25.58,17.61
3/17/2015 22:30,42080.94,1597,25.57,17.62
3/17/2015 22:40,42080.94,1597,25.57,17.63
3/17/2015 22:50,42080.95,1597.5,25.57,17.62
3/17/2015 23:00,42080.96,1597.5,25.57,17.63
3/17/2015 23:10,42080.97,1597.7,25.56,17.62
3/17/2015 23:20,42080.97,1597.6,25.57,17.62
3/17/2015 23:30,42080.98,1597.4,25.56,17.62
3/17/2015 23:40,42080.99,1597,25.58,17.61
3/17/2015 23:50,42080.99,1596.3,25.56,17.62
3/18/2015 0:00,42081.00,1595.6,25.56,17.62
3/18/2015 0:10,42081.01,1594.6,25.57,17.62
3/18/2015 0:20,42081.01,1593.5,25.58,17.61
3/18/2015 0:30,42081.02,1591.8,25.58,17.61
3/18/2015 0:40,42081.03,1590.2,25.58,17.61
3/18/2015 0:50,42081.03,1588.7,25.56,17.62
3/18/2015 1:00,42081.04,1586.7,25.55,17.62
3/18/2015 1:10,42081.05,1584.6,25.57,17.62
3/18/2015 1:20,42081.06,1582.4,25.56,17.62
3/18/2015 1:30,42081.06,1580.5,25.55,17.62
3/18/2015 1:40,42081.07,1578.6,25.55,17.62
3/18/2015 1:50,42081.08,1576.5,25.57,17.62
3/18/2015 2:00,42081.08,1574.4,25.58,17.61
3/18/2015 2:10,42081.09,1572.9,25.55,17.62
3/18/2015 2:20,42081.10,1570.8,25.58,17.61
3/18/2015 2:30,42081.10,1568.8,25.56,17.62
3/18/2015 2:40,42081.11,1566.9,25.58,17.61
3/18/2015 2:50,42081.12,1565.4,25.58,17.61
3/18/2015 3:00,42081.13,1563.6,25.56,17.62
3/18/2015 3:10,42081.13,1562.2,25.57,17.62
3/18/2015 3:20,42081.14,1560.8,25.55,17.62
3/18/2015 3:30,42081.15,1559.3,25.58,17.61
3/18/2015 3:40,42081.15,1557.9,25.59,17.61
3/18/2015 3:50,42081.16,1556.7,25.58,17.61
3/18/2015 4:00,42081.17,1555.5,25.58,17.61
3/18/2015 4:10,42081.17,1554.2,25.58,17.61
3/18/2015 4:20,42081.18,1552.8,25.57,17.62
3/18/2015 4:30,42081.19,1552.1,25.57,17.62
3/18/2015 4:40,42081.19,1551.6,25.53,17.61
3/18/2015 4:50,42081.20,1550.5,25.57,17.62
3/18/2015 5:00,42081.21,1549.9,25.57,17.62
3/18/2015 5:10,42081.22,1549.2,25.58,17.61
3/18/2015 5:20,42081.22,1549.1,25.59,17.61
3/18/2015 5:30,42081.23,1548.6,25.57,17.62
3/18/2015 5:40,42081.24,1548.4,25.55,17.62
3/18/2015 5:50,42081.24,1548.7,25.56,17.62
3/18/2015 6:00,42081.25,1549.1,25.56,17.62
3/18/2015 6:10,42081.26,1550,25.54,17.61
3/18/2015 6:20,42081.26,1550.4,25.57,17.62
3/18/2015 6:30,42081.27,1551.4,25.6,17.62
3/18/2015 6:40,42081.28,1552.6,25.57,17.62
3/18/2015 6:50,42081.28,1554.1,25.59,17.61
3/18/2015 7:00,42081.29,1555.5,25.56,17.62
3/18/2015 7:10,42081.30,1557,25.56,17.62
3/18/2015 7:20,42081.31,1558.9,25.56,17.62
3/18/2015 7:30,42081.31,1560.8,25.58,17.61
3/18/2015 7:40,42081.32,1562.8,25.58,17.6
3/18/2015 7:50,42081.33,1564.7,25.57,17.62
3/18/2015 8:00,42081.33,1566.9,25.54,17.61
3/18/2015 8:10,42081.34,1569,25.56,17.62
3/18/2015 8:20,42081.35,1570.9,25.56,17.62
3/18/2015 8:30,42081.35,1573,25.54,17.61
3/18/2015 8:40,42081.36,1575,25.55,17.62
3/18/2015 8:50,42081.37,1577.3,25.56,17.62
3/18/2015 9:00,42081.38,1579.8,25.57,17.62
3/18/2015 9:10,42081.38,1581.7,25.6,17.62
3/18/2015 9:20,42081.39,1583.6,25.56,17.62
3/18/2015 9:30,42081.40,1585.5,25.56,17.62
3/18/2015 9:40,42081.40,1586.9,25.56,17.62
3/18/2015 9:50,42081.41,1588.5,25.57,17.62
3/18/2015 10:00,42081.42,1590.1,25.58,17.61
3/18/2015 10:10,42081.42,1591.5,25.56,17.62
3/18/2015 10:20,42081.43,1592.7,25.57,17.62
3/18/2015 10:30,42081.44,1593.7,25.57,17.62
3/18/2015 10:40,42081.44,1594.7,25.55,17.61
3/18/2015 10:50,42081.45,1595.3,25.57,17.62
3/18/2015 11:00,42081.46,1598.6,25.56,17.62
3/18/2015 11:10,42081.47,1596.1,25.57,17.62
3/18/2015 11:20,42081.47,1596.5,25.56,17.62
3/18/2015 11:30,42081.48,1596.5,25.57,17.62
3/18/2015 11:40,42081.49,1596.5,25.56,17.62
3/18/2015 11:50,42081.49,1596.3,25.57,17.62
3/18/2015 12:00,42081.50,1595.8,25.56,17.62
3/18/2015 12:10,42081.51,1594.9,25.57,17.62
3/18/2015 12:20,42081.51,1594,25.58,17.6
3/18/2015 12:30,42081.52,1593.7,25.57,17.62
3/18/2015 12:40,42081.53,1592.5,25.59,17.61
3/18/2015 12:50,42081.53,1591.1,25.58,17.61
3/18/2015 13:00,42081.54,1589.5,25.56,17.62
3/18/2015 13:10,42081.55,1587.4,25.58,17.6
3/18/2015 13:20,42081.56,1585.7,25.57,17.62
3/18/2015 13:30,42081.56,1583.8,25.57,17.62
3/18/2015 13:40,42081.57,1582.1,25.56,17.62
3/18/2015 13:50,42081.58,1580,25.56,17.62
3/18/2015 14:00,42081.58,1577.9,25.55,17.62
3/18/2015 14:10,42081.59,1575.9,25.56,17.62
3/18/2015 14:20,42081.60,1573.9,25.56,17.62
3/18/2015 14:30,42081.60,1572.3,25.58,17.61
3/18/2015 14:40,42081.61,1570.1,25.55,17.62
3/18/2015 14:50,42081.62,1568,25.57,17.62
3/18/2015 15:00,42081.63,1566.3,25.56,17.62
3/18/2015 15:10,42081.63,1564.8,25.55,17.62
3/18/2015 15:20,42081.64,1562.8,25.55,17.62
3/18/2015 15:30,42081.65,1561.2,25.56,17.62
3/18/2015 15:40,42081.65,1559.6,25.58,17.61
3/18/2015 15:50,42081.66,1558.1,25.58,17.61
3/18/2015 16:00,42081.67,1556.3,25.56,17.62
3/18/2015 16:10,42081.67,1555.3,25.55,17.62
3/18/2015 16:20,42081.68,1553.9,25.56,17.62
3/18/2015 16:30,42081.69,1552.6,25.55,17.62
3/18/2015 16:40,42081.69,1551.4,25.58,17.61
3/18/2015 16:50,42081.70,1550.4,25.55,17.61
3/18/2015 17:00,42081.71,1549.2,25.56,17.62
3/18/2015 17:10,42081.72,1548.5,25.55,17.62
3/18/2015 17:20,42081.72,1548.1,25.57,17.62
3/18/2015 17:30,42081.73,1547.5,25.57,17.62
3/18/2015 17:40,42081.74,1547,25.56,17.62
3/18/2015 17:50,42081.74,1546.6,25.56,17.62
3/18/2015 18:00,42081.75,1546.4,25.56,17.62
3/18/2015 18:10,42081.76,1546.6,25.57,17.62
3/18/2015 18:20,42081.76,1547.1,25.58,17.61
3/18/2015 18:30,42081.77,1547.7,25.58,17.61
3/18/2015 18:40,42081.78,1548.7,25.57,17.62
3/18/2015 18:50,42081.78,1549.9,25.56,17.62
3/18/2015 19:00,42081.79,1551.3,25.55,17.61
3/18/2015 19:10,42081.80,1553.1,25.55,17.61
3/18/2015 19:20,42081.81,1554.6,25.55,17.62
3/18/2015 19:30,42081.81,1556.3,25.55,17.61
3/18/2015 19:40,42081.82,1558.7,25.57,17.62
3/18/2015 19:50,42081.83,1560.8,25.55,17.62
3/18/2015 20:00,42081.83,1563.7,25.57,17.62
3/18/2015 20:10,42081.84,1566.9,25.55,17.61
3/18/2015 20:20,42081.85,1568.5,25.57,17.62
3/18/2015 20:30,42081.85,1570.9,25.57,17.62
3/18/2015 20:40,42081.86,1573.4,25.56,17.62
3/18/2015 20:50,42081.87,1576,25.57,17.62
3/18/2015 21:00,42081.88,1578.6,25.57,17.62
3/18/2015 21:10,42081.88,1581.2,25.56,17.62
3/18/2015 21:20,42081.89,1583.9,25.57,17.62
3/18/2015 21:30,42081.90,1586.7,25.56,17.62
3/18/2015 21:40,42081.90,1589.2,25.56,17.62
3/18/2015 21:50,42081.91,1591.5,25.56,17.62
3/18/2015 22:00,42081.92,1593.4,25.57,17.62
3/18/2015 22:10,42081.92,1595.6,25.55,17.62
3/18/2015 22:20,42081.93,1596.8,25.56,17.62
3/18/2015 22:30,42081.94,1598.1,25.56,17.62
3/18/2015 22:40,42081.94,1599.1,25.55,17.62
3/18/2015 22:50,42081.95,1600,25.59,17.61
3/18/2015 23:00,42081.96,1600.6,25.56,17.62
3/18/2015 23:10,42081.97,1601.1,25.57,17.62
3/18/2015 23:20,42081.97,1601.6,25.55,17.62
3/18/2015 23:30,42081.98,1601.7,25.57,17.62
3/18/2015 23:40,42081.99,1602.1,25.57,17.62
3/18/2015 23:50,42081.99,1602,25.57,17.62
3/19/2015 0:00,42082.00,1602,25.57,17.62
3/19/2015 0:10,42082.01,1601.7,25.57,17.62
3/19/2015 0:20,42082.01,1601.7,25.55,17.62
3/19/2015 0:30,42082.02,1601.5,25.55,17.62
3/19/2015 0:40,42082.03,1601.1,25.57,17.62
3/19/2015 0:50,42082.03,1600.6,25.57,17.62
3/19/2015 1:00,42082.04,1599.5,25.57,17.62
3/19/2015 1:10,42082.05,1598.1,25.56,17.62
3/19/2015 1:20,42082.06,1596.7,25.59,17.61
3/19/2015 1:30,42082.06,1594.7,25.54,17.61
3/19/2015 1:40,42082.07,1593.2,25.57,17.62
3/19/2015 1:50,42082.08,1591.3,25.56,17.62
3/19/2015 2:00,42082.08,1588.8,25.56,17.62
3/19/2015 2:10,42082.09,1586.7,25.57,17.62
3/19/2015 2:20,42082.10,1584.5,25.55,17.62
3/19/2015 2:30,42082.10,1581.9,25.58,17.61
3/19/2015 2:40,42082.11,1579.3,25.57,17.62
3/19/2015 2:50,42082.12,1576.6,25.56,17.62
3/19/2015 3:00,42082.13,1574.4,25.59,17.61
3/19/2015 3:10,42082.13,1572.2,25.57,17.62
3/19/2015 3:20,42082.14,1569.7,25.57,17.62
3/19/2015 3:30,42082.15,1567.8,25.56,17.62
3/19/2015 3:40,42082.15,1565.7,25.54,17.62
3/19/2015 3:50,42082.16,1564,25.57,17.62
3/19/2015 4:00,42082.17,1561.7,25.56,17.62
3/19/2015 4:10,42082.17,1560.1,25.59,17.61
3/19/2015 4:20,42082.18,1558.6,25.56,17.62
3/19/2015 4:30,42082.19,1557,25.54,17.62
3/19/2015 4:40,42082.19,1555.5,25.56,17.62
3/19/2015 4:50,42082.20,1554.2,25.57,17.62
3/19/2015 5:00,42082.21,1553,25.55,17.62
3/19/2015 5:10,42082.22,1551.6,25.56,17.62
3/19/2015 5:20,42082.22,1550.2,25.56,17.62
3/19/2015 5:30,42082.23,1549.1,25.57,17.62
3/19/2015 5:40,42082.24,1548.4,25.57,17.62
3/19/2015 5:50,42082.24,1546.3,25.56,17.62
3/19/2015 6:00,42082.25,1545.7,25.56,17.62
3/19/2015 6:10,42082.26,1544.9,25.56,17.62
3/19/2015 6:20,42082.26,1545.4,25.56,17.62
3/19/2015 6:30,42082.27,1545.2,25.56,17.62
3/19/2015 6:40,42082.28,1545.7,25.54,17.61
3/19/2015 6:50,42082.28,1546,25.53,17.61
3/19/2015 7:00,42082.29,1546.9,25.53,17.61
3/19/2015 7:10,42082.30,1547.7,25.56,17.62
3/19/2015 7:20,42082.31,1549.1,25.56,17.62
3/19/2015 7:30,42082.31,1550.7,25.56,17.62
3/19/2015 7:40,42082.32,1552.6,25.55,17.62
3/19/2015 7:50,42082.33,1554.2,25.56,17.62
3/19/2015 8:00,42082.33,1556.3,25.56,17.62
3/19/2015 8:10,42082.34,1558.3,25.57,17.62
3/19/2015 8:20,42082.35,1560.8,25.56,17.62
3/19/2015 8:30,42082.35,1563.5,25.55,17.62
3/19/2015 8:40,42082.36,1565.9,25.57,17.62
3/19/2015 8:50,42082.37,1568.7,25.55,17.62
3/19/2015 9:00,42082.38,1574.1,25.58,17.61
3/19/2015 9:10,42082.38,1574.1,25.56,17.62
3/19/2015 9:20,42082.39,1576.4,25.57,17.63
3/19/2015 9:30,42082.40,1579.3,25.57,17.63
3/19/2015 9:40,42082.40,1582.1,25.55,17.62
3/19/2015 9:50,42082.41,1584.8,25.55,17.62
3/19/2015 10:00,42082.42,1587.8,25.55,17.62
3/19/2015 10:10,42082.42,1590.4,25.56,17.62
3/19/2015 10:20,42082.43,1592.6,25.53,17.62
3/19/2015 10:30,42082.44,1594.6,25.56,17.62
3/19/2015 10:40,42082.44,1596.1,25.56,17.62
3/19/2015 10:50,42082.45,1597.9,25.55,17.62
3/19/2015 11:00,42082.46,1599,25.57,17.63
3/19/2015 11:10,42082.47,1600.4,25.59,17.62
3/19/2015 11:20,42082.47,1601.1,25.58,17.62
3/19/2015 11:30,42082.48,1601.7,25.6,17.62
3/19/2015 11:40,42082.49,1602.1,25.6,17.62
3/19/2015 11:50,42082.49,1602.4,25.57,17.63
3/19/2015 12:00,42082.50,1602.6,25.57,17.63
3/19/2015 12:10,42082.51,1602.4,25.56,17.62
3/19/2015 12:20,42082.51,1602.7,25.56,17.63
3/19/2015 12:30,42082.52,1602.9,25.56,17.62
3/19/2015 12:40,42082.53,1602.4,25.56,17.63
3/19/2015 12:50,42082.53,1602,25.55,17.62
3/19/2015 13:00,42082.54,1601.5,25.56,17.63
3/19/2015 13:10,42082.55,1601.1,25.55,17.62
3/19/2015 13:20,42082.56,1600.1,25.56,17.62
3/19/2015 13:30,42082.56,1599.2,25.57,17.63
3/19/2015 13:40,42082.57,1597.7,25.56,17.63
3/19/2015 13:50,42082.58,1596,25.57,17.63
3/19/2015 14:00,42082.58,1594,25.57,17.63
3/19/2015 14:10,42082.59,1592.2,25.57,17.63
3/19/2015 14:20,42082.60,1590.2,25.57,17.63
3/19/2015 14:30,42082.60,1587.8,25.59,17.62
3/19/2015 14:40,42082.61,1585.3,25.57,17.63
3/19/2015 14:50,42082.62,1582.9,25.56,17.63
3/19/2015 15:00,42082.63,1580,25.58,17.62
3/19/2015 15:10,42082.63,1577.2,25.6,17.62
3/19/2015 15:20,42082.64,1574.4,25.56,17.63
3/19/2015 15:30,42082.65,1572,25.55,17.62
3/19/2015 15:40,42082.65,1569.5,25.58,17.62
3/19/2015 15:50,42082.66,1567.3,25.55,17.62
3/19/2015 16:00,42082.67,1564.9,25.57,17.63
3/19/2015 16:10,42082.67,1562.8,25.57,17.63
3/19/2015 16:20,42082.68,1560.9,25.57,17.63
3/19/2015 16:30,42082.69,1558.7,25.58,17.62
3/19/2015 16:40,42082.69,1557.2,25.57,17.63
3/19/2015 16:50,42082.70,1555.3,25.55,17.62
3/19/2015 17:00,42082.71,1553.7,25.55,17.62
3/19/2015 17:10,42082.72,1552.1,25.56,17.63
3/19/2015 17:20,42082.72,1550.6,25.56,17.62
3/19/2015 17:30,42082.73,1549.6,25.58,17.62
3/19/2015 17:40,42082.74,1548,25.55,17.62
3/19/2015 17:50,42082.74,1546.8,25.56,17.62
3/19/2015 18:00,42082.75,1545.7,25.55,17.62
3/19/2015 18:10,42082.76,1544.7,25.54,17.62
3/19/2015 18:20,42082.76,1543.9,25.57,17.63
3/19/2015 18:30,42082.77,1543.3,25.55,17.62
3/19/2015 18:40,42082.78,1542.9,25.56,17.63
3/19/2015 18:50,42082.78,1542.6,25.57,17.63
3/19/2015 19:00,42082.79,1542.9,25.54,17.62
3/19/2015 19:10,42082.80,1543.3,25.57,17.63
3/19/2015 19:20,42082.81,1544.3,25.57,17.63
3/19/2015 19:30,42082.81,1545.6,25.57,17.63
3/19/2015 19:40,42082.82,1547.1,25.57,17.63
3/19/2015 19:50,42082.83,1549.1,25.56,17.62
3/19/2015 20:00,42082.83,1551.3,25.55,17.62
3/19/2015 20:10,42082.84,1553.4,25.57,17.63
3/19/2015 20:20,42082.85,1555.6,25.58,17.62
3/19/2015 20:30,42082.85,1558.4,25.55,17.62
3/19/2015 20:40,42082.86,1561.4,25.56,17.62
3/19/2015 20:50,42082.87,1564.3,25.57,17.63
3/19/2015 21:00,42082.88,1567.5,25.57,17.63
3/19/2015 21:10,42082.88,1570.8,25.56,17.63
3/19/2015 21:20,42082.89,1573.7,25.55,17.62
3/19/2015 21:30,42082.90,1576.6,25.56,17.62
3/19/2015 21:40,42082.90,1579.8,25.59,17.62
3/19/2015 21:50,42082.91,1582.8,25.59,17.62
3/19/2015 22:00,42082.92,1586,25.57,17.63
3/19/2015 22:10,42082.92,1589.4,25.58,17.62
3/19/2015 22:20,42082.93,1592.6,25.59,17.62
3/19/2015 22:30,42082.94,1595.3,25.56,17.63
3/19/2015 22:40,42082.94,1597.7,25.56,17.62
3/19/2015 22:50,42082.95,1599.2,25.57,17.63
3/19/2015 23:00,42082.96,1601.4,25.6,17.62
3/19/2015 23:10,42082.97,1602.9,25.6,17.62
3/19/2015 23:20,42082.97,1603.9,25.6,17.62
3/19/2015 23:30,42082.98,1605,25.58,17.62
3/19/2015 23:40,42082.99,1606.5,25.57,17.63
3/19/2015 23:50,42082.99,1607.1,25.56,17.63
3/20/2015 0:00,42083.00,1608.3,25.55,17.62
3/20/2015 0:10,42083.01,1609.3,25.57,17.63
3/20/2015 0:20,42083.01,1609.8,25.57,17.63
3/20/2015 0:30,42083.02,1610.4,25.56,17.63
3/20/2015 0:40,42083.03,1610.4,25.57,17.63
3/20/2015 0:50,42083.03,1610.2,25.55,17.62
3/20/2015 1:00,42083.04,1609.7,25.54,17.62
3/20/2015 1:10,42083.05,1609,25.58,17.62
3/20/2015 1:20,42083.06,1608,25.56,17.63
3/20/2015 1:30,42083.06,1607.3,25.58,17.62
3/20/2015 1:40,42083.07,1606,25.56,17.63
3/20/2015 1:50,42083.08,1604.7,25.57,17.63
3/20/2015 2:00,42083.08,1603.2,25.56,17.63
3/20/2015 2:10,42083.09,1601.5,25.56,17.63
3/20/2015 2:20,42083.10,1599.5,25.54,17.62
3/20/2015 2:30,42083.10,1597.5,25.54,17.62
3/20/2015 2:40,42083.11,1595.6,25.56,17.63
3/20/2015 2:50,42083.12,1593.2,25.59,17.62
3/20/2015 3:00,42083.13,1590.8,25.58,17.62
3/20/2015 3:10,42083.13,1588.5,25.56,17.63
3/20/2015 3:20,42083.14,1586,25.57,17.64
3/20/2015 3:30,42083.15,1583.4,25.57,17.64
3/20/2015 3:40,42083.15,1580.7,25.56,17.63
3/20/2015 3:50,42083.16,1578.1,25.57,17.63
3/20/2015 4:00,42083.17,1575.1,25.56,17.63
3/20/2015 4:10,42083.17,1571.8,25.56,17.63
3/20/2015 4:20,42083.18,1569.1,25.57,17.63
3/20/2015 4:30,42083.19,1566.4,25.59,17.62
3/20/2015 4:40,42083.19,1564,25.56,17.63
3/20/2015 4:50,42083.20,1561.7,25.56,17.63
3/20/2015 5:00,42083.21,1559.4,25.56,17.63
3/20/2015 5:10,42083.22,1557.9,25.56,17.63
3/20/2015 5:20,42083.22,1556.3,25.55,17.62
3/20/2015 5:30,42083.23,1554.4,25.57,17.64
3/20/2015 5:40,42083.24,1552.5,25.55,17.63
3/20/2015 5:50,42083.24,1550.9,25.55,17.62
3/20/2015 6:00,42083.25,1549.8,25.58,17.62
3/20/2015 6:10,42083.26,1548.2,25.55,17.63
3/20/2015 6:20,42083.26,1546.6,25.57,17.64
3/20/2015 6:30,42083.27,1545.6,25.58,17.62
3/20/2015 6:40,42083.28,1544.5,25.58,17.62
3/20/2015 6:50,42083.28,1543.8,25.55,17.63
3/20/2015 7:00,42083.29,1543.1,25.53,17.62
3/20/2015 7:10,42083.30,1542.9,25.56,17.63
3/20/2015 7:20,42083.31,1542.6,25.56,17.63
3/20/2015 7:30,42083.31,1542.9,25.55,17.62
3/20/2015 7:40,42083.32,1543.5,25.56,17.63
3/20/2015 7:50,42083.33,1544.3,25.54,17.62
3/20/2015 8:00,42083.33,1545.6,25.55,17.62
3/20/2015 8:10,42083.34,1547.4,25.55,17.62
3/20/2015 8:20,42083.35,1549.6,25.57,17.63
3/20/2015 8:30,42083.35,1552.1,25.54,17.62
3/20/2015 8:40,42083.36,1554.6,25.59,17.62
3/20/2015 8:50,42083.37,1557.4,25.59,17.62
3/20/2015 9:00,42083.38,1560.3,25.59,17.62
3/20/2015 9:10,42083.38,1563.6,25.55,17.62
3/20/2015 9:20,42083.39,1566.9,25.56,17.63
3/20/2015 9:30,42083.40,1570.4,25.54,17.62
3/20/2015 9:40,42083.40,1574.1,25.56,17.63
3/20/2015 9:50,42083.41,1577.6,25.57,17.63
3/20/2015 10:00,42083.42,1580.7,25.58,17.62
3/20/2015 10:10,42083.42,1583.8,25.56,17.63
3/20/2015 10:20,42083.43,1586.6,25.56,17.62
3/20/2015 10:30,42083.44,1589.7,25.55,17.63
3/20/2015 10:40,42083.44,1593,25.56,17.63
3/20/2015 10:50,42083.45,1596,25.56,17.63
3/20/2015 11:00,42083.46,1598.6,25.56,17.63
3/20/2015 11:10,42083.47,1601,25.56,17.63
3/20/2015 11:20,42083.47,1602.7,25.58,17.62
3/20/2015 11:30,42083.48,1604.7,25.57,17.63
3/20/2015 11:40,42083.49,1605.9,25.56,17.63
3/20/2015 11:50,42083.49,1607.3,25.56,17.63
3/20/2015 12:00,42083.50,1608.2,25.57,17.63
3/20/2015 12:10,42083.51,1609.8,25.57,17.63
3/20/2015 12:20,42083.51,1610.5,25.57,17.63
3/20/2015 12:30,42083.52,1610.9,25.58,17.62
3/20/2015 12:40,42083.53,1611.8,25.57,17.63
3/20/2015 12:50,42083.53,1612.4,25.55,17.62
3/20/2015 13:00,42083.54,1612.8,25.59,17.62
3/20/2015 13:10,42083.55,1612.6,25.6,17.62
3/20/2015 13:20,42083.56,1612.3,25.59,17.62
3/20/2015 13:30,42083.56,1611.6,25.56,17.63
3/20/2015 13:40,42083.57,1610.9,25.59,17.62
3/20/2015 13:50,42083.58,1609.5,25.61,17.63
3/20/2015 14:00,42083.58,1608.4,25.6,17.63
3/20/2015 14:10,42083.59,1607.3,25.57,17.63
3/20/2015 14:20,42083.60,1605.3,25.6,17.62
3/20/2015 14:30,42083.60,1603.6,25.59,17.62
3/20/2015 14:40,42083.61,1601.3,25.58,17.62
3/20/2015 14:50,42083.62,1598.9,25.57,17.64
3/20/2015 15:00,42083.63,1596.8,25.59,17.62
3/20/2015 15:10,42083.63,1594.4,25.58,17.62
3/20/2015 15:20,42083.64,1591.9,25.56,17.63
3/20/2015 15:30,42083.65,1589.9,25.58,17.62
3/20/2015 15:40,42083.65,1587.3,25.58,17.62
3/20/2015 15:50,42083.66,1584.5,25.58,17.62
3/20/2015 16:00,42083.67,1581.9,25.56,17.63
3/20/2015 16:10,42083.67,1579.3,25.56,17.63
3/20/2015 16:20,42083.68,1575.9,25.59,17.62
3/20/2015 16:30,42083.69,1573,25.56,17.63
3/20/2015 16:40,42083.69,1570.1,25.57,17.63
3/20/2015 16:50,42083.70,1567.3,25.59,17.62
3/20/2015 17:00,42083.71,1564.7,25.57,17.63
3/20/2015 17:10,42083.72,1562.6,25.56,17.63
3/20/2015 17:20,42083.72,1560.2,25.57,17.63
3/20/2015 17:30,42083.73,1558.3,25.56,17.63
3/20/2015 17:40,42083.74,1556.3,25.56,17.63
3/20/2015 17:50,42083.74,1554.8,25.56,17.63
3/20/2015 18:00,42083.75,1553.2,25.58,17.62
3/20/2015 18:10,42083.76,1551.5,25.57,17.63
3/20/2015 18:20,42083.76,1549.9,25.56,17.63
3/20/2015 18:30,42083.77,1548.7,25.56,17.63
3/20/2015 18:40,42083.78,1547.3,25.56,17.63
3/20/2015 18:50,42083.78,1546.1,25.55,17.63
3/20/2015 19:00,42083.79,1545.5,25.55,17.62
3/20/2015 19:10,42083.80,1544.3,25.58,17.62
3/20/2015 19:20,42083.81,1543.6,25.55,17.62
3/20/2015 19:30,42083.81,1543.1,25.56,17.63
3/20/2015 19:40,42083.82,1542.8,25.55,17.62
3/20/2015 19:50,42083.83,1543.5,25.54,17.62
3/20/2015 20:00,42083.83,1544,25.57,17.63
3/20/2015 20:10,42083.84,1545.2,25.59,17.62
3/20/2015 20:20,42083.85,1546.8,25.58,17.62
3/20/2015 20:30,42083.85,1548.7,25.57,17.63
3/20/2015 20:40,42083.86,1550.9,25.57,17.63
3/20/2015 20:50,42083.87,1553.5,25.56,17.63
3/20/2015 21:00,42083.88,1556.3,25.59,17.62
3/20/2015 21:10,42083.88,1559.6,25.58,17.62
3/20/2015 21:20,42083.89,1562.8,25.55,17.63
3/20/2015 21:30,42083.90,1566.3,25.57,17.63
3/20/2015 21:40,42083.90,1569.7,25.55,17.63
3/20/2015 21:50,42083.91,1573.9,25.55,17.62
3/20/2015 22:00,42083.92,1577.3,25.55,17.63
3/20/2015 22:10,42083.92,1580.8,25.56,17.63
3/20/2015 22:20,42083.93,1583.9,25.56,17.63
3/20/2015 22:30,42083.94,1587.3,25.55,17.63
3/20/2015 22:40,42083.94,1590.2,25.59,17.62
3/20/2015 22:50,42083.95,1593.5,25.56,17.63
3/20/2015 23:00,42083.96,1597,25.57,17.63
3/20/2015 23:10,42083.97,1600.3,25.57,17.63
3/20/2015 23:20,42083.97,1602.7,25.56,17.63
3/20/2015 23:30,42083.98,1605.3,25.55,17.62
3/20/2015 23:40,42083.99,1607.3,25.57,17.63
3/20/2015 23:50,42083.99,1609,25.56,17.63
3/21/2015 0:00,42084.00,1611.2,25.56,17.63
3/21/2015 0:10,42084.01,1613,25.56,17.63
3/21/2015 0:20,42084.01,1614.9,25.56,17.63
3/21/2015 0:30,42084.02,1616,25.56,17.63
3/21/2015 0:40,42084.03,1616.8,25.58,17.62
3/21/2015 0:50,42084.03,1617.8,25.58,17.62
3/21/2015 1:00,42084.04,1619.2,25.6,17.62
3/21/2015 1:10,42084.05,1619.2,25.57,17.64
3/21/2015 1:20,42084.06,1619.8,25.58,17.62
3/21/2015 1:30,42084.06,1619.8,25.57,17.64
3/21/2015 1:40,42084.07,1619.4,25.57,17.64
3/21/2015 1:50,42084.08,1619.2,25.57,17.63
3/21/2015 2:00,42084.08,1617.8,25.58,17.62
3/21/2015 2:10,42084.09,1616.2,25.6,17.62
3/21/2015 2:20,42084.10,1613.9,25.57,17.64
3/21/2015 2:30,42084.10,1611.2,25.58,17.62
3/21/2015 2:40,42084.11,1609.1,25.58,17.62
3/21/2015 2:50,42084.12,1606.6,25.58,17.62
3/21/2015 3:00,42084.13,1604.1,25.58,17.62
3/21/2015 3:10,42084.13,1601.7,25.59,17.62
3/21/2015 3:20,42084.14,1599.5,25.59,17.62
3/21/2015 3:30,42084.15,1597.4,25.56,17.63
3/21/2015 3:40,42084.15,1595.1,25.56,17.63
3/21/2015 3:50,42084.16,1592.5,25.59,17.62
3/21/2015 4:00,42084.17,1590.2,25.58,17.62
3/21/2015 4:10,42084.17,1588,25.56,17.63
3/21/2015 4:20,42084.18,1585.2,25.56,17.63
3/21/2015 4:30,42084.19,1582.8,25.56,17.63
3/21/2015 4:40,42084.19,1580.1,25.56,17.63
3/21/2015 4:50,42084.20,1577.2,25.55,17.63
3/21/2015 5:00,42084.21,1574.3,25.55,17.63
3/21/2015 5:10,42084.22,1571.3,25.56,17.63
3/21/2015 5:20,42084.22,1568.8,25.56,17.63
3/21/2015 5:30,42084.23,1565.6,25.55,17.63
3/21/2015 5:40,42084.24,1563.3,25.57,17.64
3/21/2015 5:50,42084.24,1560.7,25.57,17.63
3/21/2015 6:00,42084.25,1558.6,25.58,17.62
3/21/2015 6:10,42084.26,1556.5,25.57,17.64
3/21/2015 6:20,42084.26,1555.1,25.57,17.63
3/21/2015 6:30,42084.27,1553.5,25.57,17.63
3/21/2015 6:40,42084.28,1551.6,25.58,17.62
3/21/2015 6:50,42084.28,1549.8,25.58,17.62
3/21/2015 7:00,42084.29,1548.4,25.56,17.63
3/21/2015 7:10,42084.30,1547.5,25.55,17.63
3/21/2015 7:20,42084.31,1546,25.55,17.62
3/21/2015 7:30,42084.31,1544.7,25.57,17.63
3/21/2015 7:40,42084.32,1544.2,25.56,17.63
3/21/2015 7:50,42084.33,1543.6,25.58,17.62
3/21/2015 8:00,42084.33,1543.3,25.55,17.63
3/21/2015 8:10,42084.34,1543.1,25.55,17.63
3/21/2015 8:20,42084.35,1543.6,25.56,17.63
3/21/2015 8:30,42084.35,1544,25.57,17.64
3/21/2015 8:40,42084.36,1545.3,25.6,17.62
3/21/2015 8:50,42084.37,1546.9,25.6,17.62
3/21/2015 9:00,42084.38,1548.9,25.54,17.63
3/21/2015 9:10,42084.38,1551.5,25.57,17.63
3/21/2015 9:20,42084.39,1554.1,25.56,17.63
3/21/2015 9:30,42084.40,1557.2,25.56,17.63
3/21/2015 9:40,42084.40,1560.5,25.57,17.63
3/21/2015 9:50,42084.41,1563.8,25.58,17.62
3/21/2015 10:00,42084.42,1567.8,25.58,17.62
3/21/2015 10:10,42084.42,1571.5,25.56,17.63
3/21/2015 10:20,42084.43,1575.6,25.56,17.63
3/21/2015 10:30,42084.44,1579.7,25.57,17.63
3/21/2015 10:40,42084.44,1582.9,25.56,17.63
3/21/2015 10:50,42084.45,1586,25.55,17.63
3/21/2015 11:00,42084.46,1589.1,25.57,17.63
3/21/2015 11:10,42084.47,1592.2,25.57,17.63
3/21/2015 11:20,42084.47,1595.8,25.6,17.63
3/21/2015 11:30,42084.48,1598.6,25.59,17.62
3/21/2015 11:40,42084.49,1601.3,25.57,17.64
3/21/2015 11:50,42084.49,1603.9,25.56,17.63
3/21/2015 12:00,42084.50,1606,25.56,17.63
3/21/2015 12:10,42084.51,1608,25.58,17.62
3/21/2015 12:20,42084.51,1609.1,25.55,17.63
3/21/2015 12:30,42084.52,1611.1,25.55,17.63
3/21/2015 12:40,42084.53,1612.8,25.58,17.62
3/21/2015 12:50,42084.53,1614.2,25.58,17.62
3/21/2015 13:00,42084.54,1615.4,25.58,17.62
3/21/2015 13:10,42084.55,1616,25.59,17.62
3/21/2015 13:20,42084.56,1616.7,25.58,17.62
3/21/2015 13:30,42084.56,1617.7,25.56,17.63
3/21/2015 13:40,42084.57,1619.3,25.57,17.63
3/21/2015 13:50,42084.58,1618.7,25.58,17.62
3/21/2015 14:00,42084.58,1618.7,25.57,17.64
3/21/2015 14:10,42084.59,1619.2,25.57,17.63
3/21/2015 14:20,42084.60,1617.5,25.58,17.62
3/21/2015 14:30,42084.60,1616.3,25.59,17.62
3/21/2015 14:40,42084.61,1614.2,25.6,17.63
3/21/2015 14:50,42084.62,1611.9,25.58,17.62
3/21/2015 15:00,42084.63,1609.5,25.58,17.62
3/21/2015 15:10,42084.63,1607.3,25.57,17.64
3/21/2015 15:20,42084.64,1605.1,25.6,17.63
3/21/2015 15:30,42084.65,1602.2,25.6,17.63
3/21/2015 15:40,42084.65,1599.6,25.58,17.62
3/21/2015 15:50,42084.66,1597.5,25.56,17.63
3/21/2015 16:00,42084.67,1595.4,25.56,17.63
3/21/2015 16:10,42084.67,1593,25.57,17.64
3/21/2015 16:20,42084.68,1590.4,25.57,17.64
3/21/2015 16:30,42084.69,1587.8,25.56,17.63
3/21/2015 16:40,42084.69,1585.4,25.57,17.64
3/21/2015 16:50,42084.70,1582.4,25.55,17.63
3/21/2015 17:00,42084.71,1579.8,25.56,17.63
3/21/2015 17:10,42084.72,1577,25.55,17.63
3/21/2015 17:20,42084.72,1574.4,25.6,17.63
3/21/2015 17:30,42084.73,1570.9,25.57,17.64
3/21/2015 17:40,42084.74,1568,25.57,17.64
3/21/2015 17:50,42084.74,1565.7,25.56,17.63
3/21/2015 18:00,42084.75,1563.1,25.56,17.63
3/21/2015 18:10,42084.76,1560.7,25.55,17.63
3/21/2015 18:20,42084.76,1558.6,25.56,17.63
3/21/2015 18:30,42084.77,1556.5,25.56,17.63
3/21/2015 18:40,42084.78,1554.4,25.56,17.63
3/21/2015 18:50,42084.78,1552.8,25.57,17.64
3/21/2015 19:00,42084.79,1551.3,25.57,17.63
3/21/2015 19:10,42084.80,1549.8,25.56,17.63
3/21/2015 19:20,42084.81,1548.7,25.57,17.64
3/21/2015 19:30,42084.81,1547.5,25.55,17.63
3/21/2015 19:40,42084.82,1546.3,25.57,17.63
3/21/2015 19:50,42084.83,1545,25.56,17.63
3/21/2015 20:00,42084.83,1544.2,25.56,17.63
3/21/2015 20:10,42084.84,1543.3,25.56,17.63
3/21/2015 20:20,42084.85,1543.3,25.55,17.63
3/21/2015 20:30,42084.85,1542.9,25.57,17.64
3/21/2015 20:40,42084.86,1543.3,25.56,17.63
3/21/2015 20:50,42084.87,1544.2,25.57,17.63
3/21/2015 21:00,42084.88,1545.6,25.58,17.62
3/21/2015 21:10,42084.88,1547.5,25.59,17.62
3/21/2015 21:20,42084.89,1549.9,25.55,17.63
3/21/2015 21:30,42084.90,1552.5,25.55,17.63
3/21/2015 21:40,42084.90,1555.4,25.57,17.63
3/21/2015 21:50,42084.91,1558.9,25.55,17.63
3/21/2015 22:00,42084.92,1562.2,25.59,17.62
3/21/2015 22:10,42084.92,1566,25.6,17.62
3/21/2015 22:20,42084.93,1569.7,25.57,17.64
3/21/2015 22:30,42084.94,1574,25.57,17.63
3/21/2015 22:40,42084.94,1577.7,25.56,17.63
3/21/2015 22:50,42084.95,1581.2,25.56,17.63
3/21/2015 23:00,42084.96,1584.5,25.57,17.63
3/21/2015 23:10,42084.97,1587.8,25.57,17.63
3/21/2015 23:20,42084.97,1590.8,25.56,17.63
3/21/2015 23:30,42084.98,1594.3,25.6,17.62
3/21/2015 23:40,42084.99,1597.4,25.57,17.64
3/21/2015 23:50,42084.99,1601,25.57,17.64
3/22/2015 0:00,42085.00,1603.9,25.56,17.63
3/22/2015 0:10,42085.01,1606.4,25.56,17.63
3/22/2015 0:20,42085.01,1608.6,25.56,17.63
3/22/2015 0:30,42085.02,1610.4,25.6,17.63
3/22/2015 0:40,42085.03,1612,25.57,17.63
3/22/2015 0:50,42085.03,1614,25.59,17.62
3/22/2015 1:00,42085.04,1615.1,25.57,17.64
3/22/2015 1:10,42085.05,1616.1,25.57,17.64
3/22/2015 1:20,42085.06,1617.8,25.59,17.62
3/22/2015 1:30,42085.06,1618.9,25.57,17.64
3/22/2015 1:40,42085.07,1619.8,25.56,17.63
3/22/2015 1:50,42085.08,1620.6,25.57,17.63
3/22/2015 2:00,42085.08,1621,25.55,17.63
3/22/2015 2:10,42085.09,1620.8,25.55,17.63
3/22/2015 2:20,42085.10,1620.8,25.55,17.63
3/22/2015 2:30,42085.10,1620.3,25.56,17.63
3/22/2015 2:40,42085.11,1619.1,25.55,17.63
3/22/2015 2:50,42085.12,1617.1,25.56,17.63
3/22/2015 3:00,42085.13,1614.7,25.56,17.63
3/22/2015 3:10,42085.13,1615.8,25.56,17.63
3/22/2015 3:20,42085.14,1609.8,25.58,17.62
3/22/2015 3:30,42085.15,1607.6,25.56,17.63
3/22/2015 3:40,42085.15,1604.8,25.57,17.64
3/22/2015 3:50,42085.16,1602.5,25.57,17.64
3/22/2015 4:00,42085.17,1600.3,25.58,17.62
3/22/2015 4:10,42085.17,1597.7,25.58,17.62
3/22/2015 4:20,42085.18,1595.4,25.59,17.62
3/22/2015 4:30,42085.19,1592.8,25.58,17.62
3/22/2015 4:40,42085.19,1590.6,25.58,17.62
3/22/2015 4:50,42085.20,1588.1,25.56,17.63
3/22/2015 5:00,42085.21,1585.7,25.58,17.62
3/22/2015 5:10,42085.22,1582.9,25.58,17.62
3/22/2015 5:20,42085.22,1580.3,25.56,17.63
3/22/2015 5:30,42085.23,1577,25.58,17.62
3/22/2015 5:40,42085.24,1573.7,25.59,17.62
3/22/2015 5:50,42085.24,1571.1,25.57,17.64
3/22/2015 6:00,42085.25,1568.5,25.56,17.63
3/22/2015 6:10,42085.26,1565.9,25.55,17.63
3/22/2015 6:20,42085.26,1563.3,25.57,17.63
3/22/2015 6:30,42085.27,1560.8,25.57,17.64
3/22/2015 6:40,42085.28,1558.7,25.56,17.63
3/22/2015 6:50,42085.28,1556.9,25.59,17.62
3/22/2015 7:00,42085.29,1555.3,25.58,17.62
3/22/2015 7:10,42085.30,1553.5,25.58,17.62
3/22/2015 7:20,42085.31,1551.8,25.57,17.64
3/22/2015 7:30,42085.31,1550.4,25.58,17.62
3/22/2015 7:40,42085.32,1549.2,25.55,17.63
3/22/2015 7:50,42085.33,1547.8,25.58,17.62
3/22/2015 8:00,42085.33,1546.6,25.57,17.64
3/22/2015 8:10,42085.34,1545.6,25.56,17.63
3/22/2015 8:20,42085.35,1544.9,25.57,17.64
3/22/2015 8:30,42085.35,1544.2,25.55,17.63
3/22/2015 8:40,42085.36,1543.6,25.56,17.63
3/22/2015 8:50,42085.37,1543.5,25.54,17.62
3/22/2015 9:00,42085.38,1544,25.56,17.63
3/22/2015 9:10,42085.38,1544.7,25.57,17.64
3/22/2015 9:20,42085.39,1546.1,25.55,17.63
3/22/2015 9:30,42085.40,1547.7,25.56,17.63
3/22/2015 9:40,42085.40,1549.8,25.56,17.63
3/22/2015 9:50,42085.41,1552,25.55,17.63
3/22/2015 10:00,42085.42,1555.1,25.57,17.63
3/22/2015 10:10,42085.42,1558.4,25.56,17.63
3/22/2015 10:20,42085.43,1561.7,25.58,17.62
3/22/2015 10:30,42085.44,1565.5,25.6,17.62
3/22/2015 10:40,42085.44,1569,25.6,17.63
3/22/2015 10:50,42085.45,1572.9,25.58,17.62
3/22/2015 11:00,42085.46,1577.2,25.57,17.63
3/22/2015 11:10,42085.47,1581.1,25.57,17.63
3/22/2015 11:20,42085.47,1584.6,25.56,17.63
3/22/2015 11:30,42085.48,1587.6,25.55,17.63
3/22/2015 11:40,42085.49,1590.6,25.56,17.63
3/22/2015 11:50,42085.49,1593.3,25.57,17.63
3/22/2015 12:00,42085.50,1596.5,25.56,17.63
3/22/2015 12:10,42085.51,1599.5,25.58,17.62
3/22/2015 12:20,42085.51,1602.7,25.58,17.62
3/22/2015 12:30,42085.52,1605.2,25.58,17.62
3/22/2015 12:40,42085.53,1607.8,25.55,17.63
3/22/2015 12:50,42085.53,1609.4,25.57,17.63
3/22/2015 13:00,42085.54,1610.9,25.57,17.64
3/22/2015 13:10,42085.55,1615.1,25.55,17.63
3/22/2015 13:20,42085.56,1613.9,25.58,17.62
3/22/2015 13:30,42085.56,1615.1,25.56,17.63
3/22/2015 13:40,42085.57,1616.1,25.59,17.62
3/22/2015 13:50,42085.58,1617.3,25.56,17.63
3/22/2015 14:00,42085.58,1618.5,25.59,17.62
3/22/2015 14:10,42085.59,1619.4,25.59,17.62
3/22/2015 14:20,42085.60,1620.1,25.56,17.63
3/22/2015 14:30,42085.60,1620.6,25.58,17.62
3/22/2015 14:40,42085.61,1620.8,25.58,17.62
3/22/2015 14:50,42085.62,1620.5,25.59,17.62
3/22/2015 15:00,42085.63,1619.9,25.57,17.63
3/22/2015 15:10,42085.63,1618.5,25.57,17.63
3/22/2015 15:20,42085.64,1616.1,25.56,17.63
3/22/2015 15:30,42085.65,1613.7,25.57,17.63
3/22/2015 15:40,42085.65,1611.2,25.58,17.62
3/22/2015 15:50,42085.66,1608.8,25.59,17.62
3/22/2015 16:00,42085.67,1606.5,25.57,17.63
3/22/2015 16:10,42085.67,1603.6,25.59,17.62
3/22/2015 16:20,42085.68,1601.3,25.56,17.63
3/22/2015 16:30,42085.69,1598.8,25.59,17.62
3/22/2015 16:40,42085.69,1596.1,25.57,17.64
3/22/2015 16:50,42085.70,1594,25.58,17.62
3/22/2015 17:00,42085.71,1591.6,25.56,17.63
3/22/2015 17:10,42085.72,1589.2,25.54,17.63
3/22/2015 17:20,42085.72,1586.7,25.56,17.63
3/22/2015 17:30,42085.73,1584.5,25.54,17.62
3/22/2015 17:40,42085.74,1581.9,25.56,17.63
3/22/2015 17:50,42085.74,1578.6,25.57,17.64
3/22/2015 18:00,42085.75,1575.6,25.58,17.62
3/22/2015 18:10,42085.76,1572.7,25.59,17.62
3/22/2015 18:20,42085.76,1569.5,25.55,17.63
3/22/2015 18:30,42085.77,1566.7,25.56,17.63
3/22/2015 18:40,42085.78,1564.3,25.55,17.63
3/22/2015 18:50,42085.78,1562.2,25.56,17.64
3/22/2015 19:00,42085.79,1560,25.57,17.64
3/22/2015 19:10,42085.80,1557.9,25.58,17.62
3/22/2015 19:20,42085.81,1556,25.55,17.63
3/22/2015 19:30,42085.81,1554.2,25.56,17.63
3/22/2015 19:40,42085.82,1552.5,25.54,17.62
3/22/2015 19:50,42085.83,1551.3,25.59,17.62
3/22/2015 20:00,42085.83,1549.8,25.58,17.62
3/22/2015 20:10,42085.84,1548.5,25.57,17.64
3/22/2015 20:20,42085.85,1547.6,25.53,17.62
3/22/2015 20:30,42085.85,1546.6,25.56,17.63
3/22/2015 20:40,42085.86,1545.7,25.54,17.63
3/22/2015 20:50,42085.87,1545,25.55,17.63
3/22/2015 21:00,42085.88,1544.9,25.55,17.63
3/22/2015 21:10,42085.88,1544.7,25.54,17.62
3/22/2015 21:20,42085.89,1544.9,25.53,17.62
3/22/2015 21:30,42085.90,1546.1,25.54,17.62
3/22/2015 21:40,42085.90,1547.1,25.54,17.62
3/22/2015 21:50,42085.91,1548.9,25.56,17.63
3/22/2015 22:00,42085.92,1551.3,25.55,17.63
3/22/2015 22:10,42085.92,1553.5,25.55,17.63
3/22/2015 22:20,42085.93,1556.3,25.54,17.62
3/22/2015 22:30,42085.94,1559.4,25.54,17.62
3/22/2015 22:40,42085.94,1562.9,25.54,17.62
3/22/2015 22:50,42085.95,1566.4,25.56,17.63
3/22/2015 23:00,42085.96,1570.1,25.6,17.63
3/22/2015 23:10,42085.97,1574.3,25.57,17.63
3/22/2015 23:20,42085.97,1577.8,25.55,17.63
3/22/2015 23:30,42085.98,1581.4,25.56,17.63
3/22/2015 23:40,42085.99,1584.5,25.57,17.64
3/22/2015 23:50,42085.99,1587.5,25.57,17.63
3/23/2015 0:00,42086.00,1590.3,25.55,17.63
3/23/2015 0:10,42086.01,1593.9,25.55,17.63
3/23/2015 0:20,42086.01,1597.2,25.56,17.63
3/23/2015 0:30,42086.02,1600.1,25.55,17.63
3/23/2015 0:40,42086.03,1602.9,25.55,17.63
3/23/2015 0:50,42086.03,1605,25.55,17.63
3/23/2015 1:00,42086.04,1606.9,25.56,17.63
3/23/2015 1:10,42086.05,1608.4,25.56,17.63
3/23/2015 1:20,42086.06,1609.3,25.56,17.63
3/23/2015 1:30,42086.06,1610.7,25.59,17.62
3/23/2015 1:40,42086.07,1612.1,25.57,17.64
3/23/2015 1:50,42086.08,1613,25.57,17.64
3/23/2015 2:00,42086.08,1614.4,25.57,17.64
3/23/2015 2:10,42086.09,1615.1,25.56,17.63
3/23/2015 2:20,42086.10,1616.1,25.58,17.62
3/23/2015 2:30,42086.10,1616.7,25.56,17.63
3/23/2015 2:40,42086.11,1617.1,25.56,17.63
3/23/2015 2:50,42086.12,1617.1,25.56,17.63
3/23/2015 3:00,42086.13,1616.9,25.6,17.63
3/23/2015 3:10,42086.13,1616.1,25.56,17.63
3/23/2015 3:20,42086.14,1614.6,25.57,17.64
3/23/2015 3:30,42086.15,1613,25.56,17.63
3/23/2015 3:40,42086.15,1611.4,25.55,17.63
3/23/2015 3:50,42086.16,1609.8,25.55,17.63
3/23/2015 4:00,42086.17,1607.8,25.56,17.63
3/23/2015 4:10,42086.17,1605.9,25.56,17.63
3/23/2015 4:20,42086.18,1603.4,25.58,17.62
3/23/2015 4:30,42086.19,1601,25.59,17.62
3/23/2015 4:40,42086.19,1599,25.57,17.63
3/23/2015 4:50,42086.20,1596.7,25.56,17.63
3/23/2015 5:00,42086.21,1594.2,25.56,17.63
3/23/2015 5:10,42086.22,1591.6,25.58,17.62
3/23/2015 5:20,42086.22,1589.4,25.56,17.63
3/23/2015 5:30,42086.23,1586.8,25.57,17.64
3/23/2015 5:40,42086.24,1584.1,25.57,17.64
3/23/2015 5:50,42086.24,1581.2,25.56,17.63
3/23/2015 6:00,42086.25,1578.4,25.56,17.63
3/23/2015 6:10,42086.26,1575.1,25.56,17.63
3/23/2015 6:20,42086.26,1572.5,25.59,17.63
3/23/2015 6:30,42086.27,1569.9,25.59,17.62
3/23/2015 6:40,42086.28,1567.6,25.57,17.64
3/23/2015 6:50,42086.28,1565.6,25.6,17.63
3/23/2015 7:00,42086.29,1563.3,25.58,17.62
3/23/2015 7:10,42086.30,1560.9,25.57,17.63
3/23/2015 7:20,42086.31,1559.1,25.57,17.64
3/23/2015 7:30,42086.31,1557.4,25.55,17.63
3/23/2015 7:40,42086.32,1556,25.58,17.62
3/23/2015 7:50,42086.33,1554.5,25.57,17.63
3/23/2015 8:00,42086.33,1553,25.57,17.64
3/23/2015 8:10,42086.34,1551.8,25.55,17.63
3/23/2015 8:20,42086.35,1550.6,25.55,17.63
3/23/2015 8:30,42086.35,1549.4,25.54,17.62
3/23/2015 8:40,42086.36,1548.4,25.54,17.62
3/23/2015 8:50,42086.37,1547.3,25.58,17.62
3/23/2015 9:00,42086.38,1546.9,25.6,17.63
3/23/2015 9:10,42086.38,1546.4,25.57,17.64
3/23/2015 9:20,42086.39,1546.1,25.56,17.63
3/23/2015 9:30,42086.40,1546.4,25.56,17.63
3/23/2015 9:40,42086.40,1546.8,25.56,17.63
3/23/2015 9:50,42086.41,1547.8,25.58,17.62
3/23/2015 10:00,42086.42,1549.4,25.57,17.63
3/23/2015 10:10,42086.42,1550.9,25.54,17.62
3/23/2015 10:20,42086.43,1553.4,25.54,17.63
3/23/2015 10:30,42086.44,1555.8,25.54,17.63
3/23/2015 10:40,42086.44,1558.4,25.54,17.62
3/23/2015 10:50,42086.45,1561.5,25.55,17.63
3/23/2015 11:00,42086.46,1564.9,25.55,17.63
3/23/2015 11:10,42086.47,1568,25.58,17.62
3/23/2015 11:20,42086.47,1571.5,25.59,17.62
3/23/2015 11:30,42086.48,1575.2,25.57,17.64
3/23/2015 11:40,42086.49,1578.7,25.56,17.63
3/23/2015 11:50,42086.49,1582.1,25.55,17.63
3/23/2015 12:00,42086.50,1585.2,25.55,17.63
3/23/2015 12:10,42086.51,1588,25.55,17.63
3/23/2015 12:20,42086.51,1590.8,25.59,17.62
3/23/2015 12:30,42086.52,1593.7,25.56,17.63
3/23/2015 12:40,42086.53,1597,25.59,17.62
3/23/2015 12:50,42086.53,1599.9,25.6,17.63
3/23/2015 13:00,42086.54,1602.4,25.6,17.63
3/23/2015 13:10,42086.55,1604.4,25.57,17.64
3/23/2015 13:20,42086.56,1606.2,25.57,17.64
3/23/2015 13:30,42086.56,1607.4,25.59,17.62
3/23/2015 13:40,42086.57,1608.6,25.59,17.62
3/23/2015 13:50,42086.58,1609.7,25.58,17.62
3/23/2015 14:00,42086.58,1610.7,25.56,17.63
3/23/2015 14:10,42086.59,1612.1,25.57,17.63
3/23/2015 14:20,42086.60,1612.9,25.57,17.64
3/23/2015 14:30,42086.60,1613.6,25.57,17.64
3/23/2015 14:40,42086.61,1614.4,25.56,17.63
3/23/2015 14:50,42086.62,1615.3,25.6,17.62
3/23/2015 15:00,42086.63,1615.8,25.57,17.63
3/23/2015 15:10,42086.63,1616.1,25.58,17.62
3/23/2015 15:20,42086.64,1616,25.57,17.64
3/23/2015 15:30,42086.65,1615.6,25.57,17.64
3/23/2015 15:40,42086.65,1614.4,25.57,17.64
3/23/2015 15:50,42086.66,1613.3,25.56,17.63
3/23/2015 16:00,42086.67,1611.8,25.58,17.62
3/23/2015 16:10,42086.67,1610,25.57,17.64
3/23/2015 16:20,42086.68,1608.6,25.56,17.64
3/23/2015 16:30,42086.69,1606.6,25.56,17.63
3/23/2015 16:40,42086.69,1604.6,25.56,17.63
3/23/2015 16:50,42086.70,1602.4,25.56,17.63
3/23/2015 17:00,42086.71,1600.3,25.57,17.64
3/23/2015 17:10,42086.72,1598.2,25.57,17.64
3/23/2015 17:20,42086.72,1596,25.56,17.63
3/23/2015 17:30,42086.73,1594,25.54,17.63
3/23/2015 17:40,42086.74,1591.3,25.58,17.62
3/23/2015 17:50,42086.74,1589.2,25.56,17.63
3/23/2015 18:00,42086.75,1586.6,25.55,17.63
3/23/2015 18:10,42086.76,1583.9,25.57,17.64
3/23/2015 18:20,42086.76,1581.2,25.57,17.64
3/23/2015 18:30,42086.77,1578.4,25.55,17.63
3/23/2015 18:40,42086.78,1575.5,25.55,17.63
3/23/2015 18:50,42086.78,1572.8,25.55,17.63
3/23/2015 19:00,42086.79,1570.1,25.53,17.62
3/23/2015 19:10,42086.80,1567.8,25.57,17.64
3/23/2015 19:20,42086.81,1565.6,25.56,17.63
3/23/2015 19:30,42086.81,1564,25.57,17.64
3/23/2015 19:40,42086.82,1562.1,25.57,17.64
3/23/2015 19:50,42086.83,1560.5,25.56,17.64
3/23/2015 20:00,42086.83,1558.6,25.55,17.63
3/23/2015 20:10,42086.84,1557.4,25.58,17.62
3/23/2015 20:20,42086.85,1555.8,25.58,17.62
3/23/2015 20:30,42086.85,1554.9,25.55,17.63
3/23/2015 20:40,42086.86,1553.7,25.59,17.63
3/23/2015 20:50,42086.87,1552.8,25.57,17.64
3/23/2015 21:00,42086.88,1551.8,25.58,17.62
3/23/2015 21:10,42086.88,1551.2,25.57,17.64
3/23/2015 21:20,42086.89,1550.2,25.56,17.63
3/23/2015 21:30,42086.90,1549.6,25.55,17.63
3/23/2015 21:40,42086.90,1549.2,25.55,17.63
3/23/2015 21:50,42086.91,1549.4,25.56,17.63
3/23/2015 22:00,42086.92,1549.9,25.56,17.63
3/23/2015 22:10,42086.92,1550.7,25.54,17.63
3/23/2015 22:20,42086.93,1552.3,25.55,17.63
3/23/2015 22:30,42086.94,1553.4,25.55,17.63
3/23/2015 22:40,42086.94,1555.6,25.54,17.63
3/23/2015 22:50,42086.95,1558,25.55,17.63
3/23/2015 23:00,42086.96,1560.3,25.54,17.62
3/23/2015 23:10,42086.97,1562.9,25.54,17.63
3/23/2015 23:20,42086.97,1565.7,25.55,17.63
3/23/2015 23:30,42086.98,1568.9,25.57,17.63
3/23/2015 23:40,42086.99,1572.2,25.56,17.63
3/23/2015 23:50,42086.99,1575.1,25.55,17.63
3/24/2015 0:00,42087.00,1578.4,25.59,17.62
3/24/2015 0:10,42087.01,1581.5,25.56,17.63
3/24/2015 0:20,42087.01,1584.4,25.55,17.63
3/24/2015 0:30,42087.02,1586.7,25.58,17.62
3/24/2015 0:40,42087.03,1589.7,25.58,17.62
3/24/2015 0:50,42087.03,1592.8,25.54,17.63
3/24/2015 1:00,42087.04,1595.4,25.56,17.64
3/24/2015 1:10,42087.05,1598.1,25.57,17.64
3/24/2015 1:20,42087.06,1600.4,25.56,17.63
3/24/2015 1:30,42087.06,1602.9,25.55,17.63
3/24/2015 1:40,42087.07,1604.5,25.56,17.63
3/24/2015 1:50,42087.08,1605.8,25.57,17.64
3/24/2015 2:00,42087.08,1606.7,25.58,17.62
3/24/2015 2:10,42087.09,1607.8,25.56,17.63
3/24/2015 2:20,42087.10,1608.4,25.56,17.63
3/24/2015 2:30,42087.10,1609,25.58,17.62
3/24/2015 2:40,42087.11,1609.7,25.56,17.63
3/24/2015 2:50,42087.12,1610.2,25.56,17.63
3/24/2015 3:00,42087.13,1610.4,25.55,17.63
3/24/2015 3:10,42087.13,1610.7,25.54,17.62
3/24/2015 3:20,42087.14,1610.9,25.54,17.63
3/24/2015 3:30,42087.15,1610.9,25.57,17.64
3/24/2015 3:40,42087.15,1610.9,25.59,17.62
3/24/2015 3:50,42087.16,1610.5,25.56,17.63
3/24/2015 4:00,42087.17,1610.2,25.56,17.63
3/24/2015 4:10,42087.17,1609.3,25.58,17.62
3/24/2015 4:20,42087.18,1608.4,25.56,17.64
3/24/2015 4:30,42087.19,1607.2,25.57,17.64
3/24/2015 4:40,42087.19,1605.7,25.56,17.63
3/24/2015 4:50,42087.20,1603.9,25.59,17.63
3/24/2015 5:00,42087.21,1601.7,25.58,17.62
3/24/2015 5:10,42087.22,1599.6,25.55,17.63
3/24/2015 5:20,42087.22,1597.7,25.57,17.64
3/24/2015 5:30,42087.23,1595.3,25.56,17.63
3/24/2015 5:40,42087.24,1592.9,25.55,17.63
3/24/2015 5:50,42087.24,1590.2,25.56,17.63
3/24/2015 6:00,42087.25,1587.8,25.55,17.63
3/24/2015 6:10,42087.26,1585,25.57,17.64
3/24/2015 6:20,42087.26,1582.6,25.58,17.62
3/24/2015 6:30,42087.27,1580,25.59,17.63
3/24/2015 6:40,42087.28,1577.3,25.55,17.63
3/24/2015 6:50,42087.28,1575.2,25.56,17.64
3/24/2015 7:00,42087.29,1573.2,25.57,17.64
3/24/2015 7:10,42087.30,1571,25.55,17.63
3/24/2015 7:20,42087.31,1569.5,25.55,17.63
3/24/2015 7:30,42087.31,1567.4,25.56,17.63
3/24/2015 7:40,42087.32,1566.1,25.56,17.64
3/24/2015 7:50,42087.33,1564.6,25.57,17.64
3/24/2015 8:00,42087.33,1562.8,25.55,17.63
3/24/2015 8:10,42087.34,1561.3,25.53,17.62
3/24/2015 8:20,42087.35,1560.1,25.56,17.63
3/24/2015 8:30,42087.35,1558.7,25.54,17.63
3/24/2015 8:40,42087.36,1557.4,25.56,17.63
3/24/2015 8:50,42087.37,1556,25.56,17.64
3/24/2015 9:00,42087.38,1555.3,25.56,17.64
3/24/2015 9:10,42087.38,1554.4,25.54,17.63
3/24/2015 9:20,42087.39,1553.5,25.55,17.63
3/24/2015 9:30,42087.40,1552.5,25.54,17.63
3/24/2015 9:40,42087.40,1552.5,25.54,17.63
3/24/2015 9:50,42087.41,1552.3,25.55,17.63
3/24/2015 10:00,42087.42,1552.3,25.54,17.63
3/24/2015 10:10,42087.42,1553,25.55,17.63
3/24/2015 10:20,42087.43,1553.7,25.55,17.63
3/24/2015 10:30,42087.44,1554.9,25.55,17.63
3/24/2015 10:40,42087.44,1556.5,25.57,17.64
3/24/2015 10:50,42087.45,1558.1,25.58,17.62
3/24/2015 11:00,42087.46,1560.1,25.56,17.64
3/24/2015 11:10,42087.47,1561.9,25.56,17.63
3/24/2015 11:20,42087.47,1564.5,25.56,17.63
3/24/2015 11:30,42087.48,1566.9,25.55,17.63
3/24/2015 11:40,42087.49,1569.9,25.58,17.62
3/24/2015 11:50,42087.49,1572.5,25.55,17.63
3/24/2015 12:00,42087.50,1575.2,25.54,17.63
3/24/2015 12:10,42087.51,1578,25.57,17.64
3/24/2015 12:20,42087.51,1580.8,25.54,17.62
3/24/2015 12:30,42087.52,1583.4,25.58,17.62
3/24/2015 12:40,42087.53,1585.7,25.55,17.63
3/24/2015 12:50,42087.53,1588.3,25.54,17.63
3/24/2015 13:00,42087.54,1591.3,25.54,17.63
3/24/2015 13:10,42087.55,1594.2,25.55,17.63
3/24/2015 13:20,42087.56,1597,25.56,17.63
3/24/2015 13:30,42087.56,1599.3,25.56,17.64
3/24/2015 13:40,42087.57,1601.5,25.56,17.63
3/24/2015 13:50,42087.58,1603.1,25.58,17.62
3/24/2015 14:00,42087.58,1604.6,25.55,17.63
3/24/2015 14:10,42087.59,1605.9,25.57,17.64
3/24/2015 14:20,42087.60,1606.9,25.57,17.64
3/24/2015 14:30,42087.60,1607.4,25.61,17.63
3/24/2015 14:40,42087.61,1608.4,25.55,17.63
3/24/2015 14:50,42087.62,1608.8,25.56,17.63
3/24/2015 15:00,42087.63,1609.1,25.56,17.63
3/24/2015 15:10,42087.63,1609.8,25.54,17.63
3/24/2015 15:20,42087.64,1610.2,25.56,17.63
3/24/2015 15:30,42087.65,1610.2,25.56,17.63
3/24/2015 15:40,42087.65,1610.5,25.55,17.63
3/24/2015 15:50,42087.66,1610.7,25.54,17.63
3/24/2015 16:00,42087.67,1610.5,25.57,17.64
3/24/2015 16:10,42087.67,1610.4,25.55,17.63
3/24/2015 16:20,42087.68,1610,25.55,17.63
3/24/2015 16:30,42087.69,1609.5,25.55,17.63
3/24/2015 16:40,42087.69,1608.8,25.57,17.64
3/24/2015 16:50,42087.70,1607.6,25.56,17.63
3/24/2015 17:00,42087.71,1606.2,25.58,17.62
3/24/2015 17:10,42087.72,1604.6,25.55,17.63
3/24/2015 17:20,42087.72,1603.1,25.57,17.64
3/24/2015 17:30,42087.73,1601.4,25.55,17.63
3/24/2015 17:40,42087.74,1599.3,25.56,17.63
3/24/2015 17:50,42087.74,1597.3,25.55,17.63
3/24/2015 18:00,42087.75,1595.2,25.55,17.63
3/24/2015 18:10,42087.76,1592.5,25.55,17.63
3/24/2015 18:20,42087.76,1590.2,25.54,17.63
3/24/2015 18:30,42087.77,1587.6,25.55,17.63
3/24/2015 18:40,42087.78,1585,25.54,17.63
3/24/2015 18:50,42087.78,1582.4,25.54,17.63
3/24/2015 19:00,42087.79,1580.1,25.54,17.63
3/24/2015 19:10,42087.80,1577.5,25.57,17.64
3/24/2015 19:20,42087.81,1575.7,25.55,17.63
3/24/2015 19:30,42087.81,1573.7,25.56,17.63
3/24/2015 19:40,42087.82,1572,25.54,17.63
3/24/2015 19:50,42087.83,1570.3,25.53,17.63
3/24/2015 20:00,42087.83,1568.7,25.54,17.63
3/24/2015 20:10,42087.84,1567.3,25.54,17.63
3/24/2015 20:20,42087.85,1565.7,25.56,17.64
3/24/2015 20:30,42087.85,1564.5,25.58,17.62
3/24/2015 20:40,42087.86,1563.3,25.56,17.63
3/24/2015 20:50,42087.87,1561.7,25.54,17.63
3/24/2015 21:00,42087.88,1560.7,25.58,17.62
3/24/2015 21:10,42087.88,1559.4,25.56,17.64
3/24/2015 21:20,42087.89,1558.7,25.56,17.64
3/24/2015 21:30,42087.90,1557.7,25.56,17.64
3/24/2015 21:40,42087.90,1557,25.53,17.62
3/24/2015 21:50,42087.91,1556.3,25.53,17.62
3/24/2015 22:00,42087.92,1556.2,25.54,17.63
3/24/2015 22:10,42087.92,1556,25.54,17.63
3/24/2015 22:20,42087.93,1556,25.55,17.63
3/24/2015 22:30,42087.94,1556.4,25.57,17.64
3/24/2015 22:40,42087.94,1556.7,25.57,17.64
3/24/2015 22:50,42087.95,1558.1,25.56,17.63
3/24/2015 23:00,42087.96,1559.3,25.58,17.62
3/24/2015 23:10,42087.97,1560.8,25.52,17.64
3/24/2015 23:20,42087.97,1562.4,25.53,17.62
3/24/2015 23:30,42087.98,1564.5,25.52,17.64
3/24/2015 23:40,42087.99,1566.4,25.56,17.63
3/24/2015 23:50,42087.99,1568.7,25.56,17.63
3/25/2015 0:00,42088.00,1570.9,25.54,17.63
3/25/2015 0:10,42088.01,1573.4,25.55,17.63
3/25/2015 0:20,42088.01,1575.9,25.57,17.64
3/25/2015 0:30,42088.02,1578.2,25.54,17.63
3/25/2015 0:40,42088.03,1580.5,25.56,17.63
3/25/2015 0:50,42088.03,1583.1,25.54,17.63
3/25/2015 1:00,42088.04,1585.3,25.55,17.63
3/25/2015 1:10,42088.05,1587.5,25.57,17.64
3/25/2015 1:20,42088.06,1590.1,25.54,17.63
3/25/2015 1:30,42088.06,1592.5,25.54,17.63
3/25/2015 1:40,42088.07,1594.7,25.54,17.62
3/25/2015 1:50,42088.08,1597.4,25.54,17.63
3/25/2015 2:00,42088.08,1599.2,25.55,17.63
3/25/2015 2:10,42088.09,1600.6,25.54,17.63
3/25/2015 2:20,42088.10,1602.4,25.56,17.64
3/25/2015 2:30,42088.10,1603.6,25.54,17.63
3/25/2015 2:40,42088.11,1604.8,25.54,17.63
3/25/2015 2:50,42088.12,1605.7,25.54,17.62
3/25/2015 3:00,42088.13,1606.7,25.52,17.64
3/25/2015 3:10,42088.13,1607.3,25.53,17.62
3/25/2015 3:20,42088.14,1607.4,25.54,17.62
3/25/2015 3:30,42088.15,1608,25.57,17.64
3/25/2015 3:40,42088.15,1608.3,25.53,17.62
3/25/2015 3:50,42088.16,1608.3,25.54,17.62
3/25/2015 4:00,42088.17,1608.4,25.58,17.62
3/25/2015 4:10,42088.17,1608.3,25.56,17.64
3/25/2015 4:20,42088.18,1608.3,25.56,17.64
3/25/2015 4:30,42088.19,1607.8,25.56,17.63
3/25/2015 4:40,42088.19,1607.1,25.56,17.64
3/25/2015 4:50,42088.20,1606.4,25.56,17.63
3/25/2015 5:00,42088.21,1605.5,25.54,17.63
3/25/2015 5:10,42088.22,1604.1,25.54,17.63
3/25/2015 5:20,42088.22,1602.9,25.54,17.63
3/25/2015 5:30,42088.23,1601,25.57,17.64
3/25/2015 5:40,42088.24,1598.9,25.56,17.63
3/25/2015 5:50,42088.24,1597,25.56,17.63
3/25/2015 6:00,42088.25,1594.7,25.54,17.63
3/25/2015 6:10,42088.26,1592.3,25.55,17.63
3/25/2015 6:20,42088.26,1590.4,25.54,17.63
3/25/2015 6:30,42088.27,1588.2,25.57,17.64
3/25/2015 6:40,42088.28,1586.2,25.56,17.64
3/25/2015 6:50,42088.28,1584.1,25.57,17.64
3/25/2015 7:00,42088.29,1582.1,25.54,17.63
3/25/2015 7:10,42088.30,1580.1,25.54,17.63
3/25/2015 7:20,42088.31,1578.4,25.55,17.63
3/25/2015 7:30,42088.31,1576.5,25.56,17.63
3/25/2015 7:40,42088.32,1575.1,25.55,17.63
3/25/2015 7:50,42088.33,1573.2,25.54,17.63
3/25/2015 8:00,42088.33,1571.6,25.56,17.63
3/25/2015 8:10,42088.34,1570.4,25.56,17.64
3/25/2015 8:20,42088.35,1568.5,25.55,17.63
3/25/2015 8:30,42088.35,1567.3,25.57,17.64
3/25/2015 8:40,42088.36,1566.1,25.54,17.63
3/25/2015 8:50,42088.37,1564.7,25.58,17.62
3/25/2015 9:00,42088.38,1563.5,25.54,17.63
3/25/2015 9:10,42088.38,1562.7,25.53,17.63
3/25/2015 9:20,42088.39,1561.4,25.54,17.63
3/25/2015 9:30,42088.40,1560.3,25.52,17.64
3/25/2015 9:40,42088.40,1559.4,25.54,17.63
3/25/2015 9:50,42088.41,1558.7,25.55,17.63
3/25/2015 10:00,42088.42,1558.4,25.59,17.63
3/25/2015 10:10,42088.42,1558.1,25.58,17.62
3/25/2015 10:20,42088.43,1558.2,25.55,17.63
3/25/2015 10:30,42088.44,1558.2,25.55,17.63
3/25/2015 10:40,42088.44,1558.4,25.56,17.64
3/25/2015 10:50,42088.45,1559.1,25.56,17.64
3/25/2015 11:00,42088.46,1560,25.56,17.64
3/25/2015 11:10,42088.47,1561,25.52,17.64
3/25/2015 11:20,42088.47,1562.4,25.58,17.62
3/25/2015 11:30,42088.48,1563.8,25.59,17.63
3/25/2015 11:40,42088.49,1565.6,25.58,17.62
3/25/2015 11:50,42088.49,1567.4,25.6,17.63
3/25/2015 12:00,42088.50,1569.5,25.56,17.63
3/25/2015 12:10,42088.51,1571.9,25.55,17.63
3/25/2015 12:20,42088.51,1574,25.53,17.62
3/25/2015 12:30,42088.52,1576.1,25.54,17.63
3/25/2015 12:40,42088.53,1578.2,25.54,17.63
3/25/2015 12:50,42088.53,1580.7,25.54,17.63
3/25/2015 13:00,42088.54,1582.9,25.55,17.63
3/25/2015 13:10,42088.55,1584.9,25.55,17.63
3/25/2015 13:20,42088.56,1587.1,25.53,17.62
3/25/2015 13:30,42088.56,1589.3,25.55,17.63
3/25/2015 13:40,42088.57,1591.9,25.54,17.63
3/25/2015 13:50,42088.58,1594.2,25.55,17.63
3/25/2015 14:00,42088.58,1596.4,25.53,17.62
3/25/2015 14:10,42088.59,1598.3,25.53,17.62
3/25/2015 14:20,42088.60,1600,25.57,17.64
3/25/2015 14:30,42088.60,1601.5,25.56,17.63
3/25/2015 14:40,42088.61,1602.9,25.56,17.63
3/25/2015 14:50,42088.62,1604.3,25.54,17.63
3/25/2015 15:00,42088.63,1605.3,25.56,17.64
3/25/2015 15:10,42088.63,1606.4,25.56,17.64
3/25/2015 15:20,42088.64,1607.1,25.56,17.63
3/25/2015 15:30,42088.65,1607.3,25.56,17.63
3/25/2015 15:40,42088.65,1608.1,25.56,17.63
3/25/2015 15:50,42088.66,1608.6,25.53,17.62
3/25/2015 16:00,42088.67,1608.8,25.54,17.63
3/25/2015 16:10,42088.67,1609.3,25.55,17.63
3/25/2015 16:20,42088.68,1609.3,25.54,17.63
3/25/2015 16:30,42088.69,1609.3,25.54,17.63
3/25/2015 16:40,42088.69,1609,25.54,17.63
3/25/2015 16:50,42088.70,1608.8,25.55,17.63
3/25/2015 17:00,42088.71,1608.4,25.58,17.62
3/25/2015 17:10,42088.72,1607.8,25.56,17.64
3/25/2015 17:20,42088.72,1606.9,25.55,17.63
3/25/2015 17:30,42088.73,1606.1,25.53,17.63
3/25/2015 17:40,42088.74,1604.8,25.56,17.64
3/25/2015 17:50,42088.74,1603.4,25.54,17.63
3/25/2015 18:00,42088.75,1601.5,25.55,17.63
3/25/2015 18:10,42088.76,1600,25.55,17.63
3/25/2015 18:20,42088.76,1598.3,25.55,17.63
3/25/2015 18:30,42088.77,1596.7,25.54,17.63
3/25/2015 18:40,42088.78,1593.9,25.58,17.62
3/25/2015 18:50,42088.78,1591.8,25.56,17.64
3/25/2015 19:00,42088.79,1589.5,25.58,17.62
3/25/2015 19:10,42088.80,1587.6,25.57,17.64
3/25/2015 19:20,42088.81,1585.7,25.59,17.63
3/25/2015 19:30,42088.81,1583.8,25.56,17.64
3/25/2015 19:40,42088.82,1582.2,25.55,17.63
3/25/2015 19:50,42088.83,1580.6,25.57,17.64
3/25/2015 20:00,42088.83,1578.7,25.55,17.63
3/25/2015 20:10,42088.84,1577.2,25.57,17.64
3/25/2015 20:20,42088.85,1575.4,25.55,17.63
3/25/2015 20:30,42088.85,1574.4,25.55,17.63
3/25/2015 20:40,42088.86,1573.3,25.55,17.63
3/25/2015 20:50,42088.87,1571.8,25.54,17.63
3/25/2015 21:00,42088.88,1570.8,25.57,17.64
3/25/2015 21:10,42088.88,1569.5,25.54,17.63
3/25/2015 21:20,42088.89,1568.5,25.55,17.63
3/25/2015 21:30,42088.90,1567.7,25.53,17.63
3/25/2015 21:40,42088.90,1566.7,25.53,17.63
3/25/2015 21:50,42088.91,1565.7,25.56,17.64
3/25/2015 22:00,42088.92,1565,25.57,17.64
3/25/2015 22:10,42088.92,1564,25.56,17.64
3/25/2015 22:20,42088.93,1563.8,25.52,17.64
3/25/2015 22:30,42088.94,1563.3,25.53,17.62
3/25/2015 22:40,42088.94,1562.9,25.54,17.63
3/25/2015 22:50,42088.95,1562.8,25.54,17.63
3/25/2015 23:00,42088.96,1563.1,25.56,17.64
3/25/2015 23:10,42088.97,1563.3,25.56,17.64
3/25/2015 23:20,42088.97,1564,25.55,17.63
3/25/2015 23:30,42088.98,1564.7,25.53,17.62
3/25/2015 23:40,42088.99,1566.1,25.58,17.62
3/25/2015 23:50,42088.99,1567.1,25.54,17.63
3/26/2015 0:00,42089.00,1568.5,25.52,17.64
3/26/2015 0:10,42089.01,1569.7,25.53,17.62
3/26/2015 0:20,42089.01,1571.3,25.53,17.62
3/26/2015 0:30,42089.02,1573.4,25.53,17.62
3/26/2015 0:40,42089.03,1575.2,25.53,17.62
3/26/2015 0:50,42089.03,1577.2,25.54,17.62
3/26/2015 1:00,42089.04,1579.1,25.54,17.63
3/26/2015 1:10,42089.05,1581,25.55,17.63
3/26/2015 1:20,42089.06,1582.6,25.54,17.63
3/26/2015 1:30,42089.06,1584.1,25.55,17.63
3/26/2015 1:40,42089.07,1586.2,25.55,17.63
3/26/2015 1:50,42089.08,1588.1,25.53,17.62
3/26/2015 2:00,42089.08,1590.1,25.56,17.63
3/26/2015 2:10,42089.09,1591.8,25.56,17.63
3/26/2015 2:20,42089.10,1593.9,25.54,17.63
3/26/2015 2:30,42089.10,1595.6,25.56,17.63
3/26/2015 2:40,42089.11,1597.2,25.56,17.63
3/26/2015 2:50,42089.12,1598.2,25.57,17.64
3/26/2015 3:00,42089.13,1599.7,25.55,17.63
3/26/2015 3:10,42089.13,1600.9,25.53,17.62
3/26/2015 3:20,42089.14,1602.2,25.54,17.63
3/26/2015 3:30,42089.15,1602.9,25.54,17.63
3/26/2015 3:40,42089.15,1603.8,25.54,17.63
3/26/2015 3:50,42089.16,1604.6,25.54,17.63
3/26/2015 4:00,42089.17,1605.3,25.55,17.63
3/26/2015 4:10,42089.17,1606,25.56,17.64
3/26/2015 4:20,42089.18,1606.8,25.55,17.63
3/26/2015 4:30,42089.19,1606.7,25.55,17.63
3/26/2015 4:40,42089.19,1607.1,25.55,17.63
3/26/2015 4:50,42089.20,1606.9,25.55,17.63
3/26/2015 5:00,42089.21,1606.9,25.54,17.63
3/26/2015 5:10,42089.22,1606.6,25.53,17.63
3/26/2015 5:20,42089.22,1606,25.53,17.62
3/26/2015 5:30,42089.23,1605,25.56,17.64
3/26/2015 5:40,42089.24,1604.1,25.55,17.63
3/26/2015 5:50,42089.24,1602.9,25.56,17.64
3/26/2015 6:00,42089.25,1601.5,25.54,17.63
3/26/2015 6:10,42089.26,1600,25.54,17.63
3/26/2015 6:20,42089.26,1598.4,25.54,17.63
3/26/2015 6:30,42089.27,1596.8,25.55,17.63
3/26/2015 6:40,42089.28,1595.3,25.58,17.62
3/26/2015 6:50,42089.28,1593.5,25.57,17.64
3/26/2015 7:00,42089.29,1591.9,25.55,17.63
3/26/2015 7:10,42089.30,1590.1,25.57,17.64
3/26/2015 7:20,42089.31,1588.3,25.54,17.63
3/26/2015 7:30,42089.31,1586.6,25.54,17.63
3/26/2015 7:40,42089.32,1585,25.57,17.64
3/26/2015 7:50,42089.33,1583.3,25.56,17.64
3/26/2015 8:00,42089.33,1581.9,25.57,17.64
3/26/2015 8:10,42089.34,1580.5,25.54,17.63
3/26/2015 8:20,42089.35,1579.2,25.53,17.63
3/26/2015 8:30,42089.35,1577.5,25.53,17.62
3/26/2015 8:40,42089.36,1576.5,25.52,17.64
3/26/2015 8:50,42089.37,1575.2,25.53,17.63
3/26/2015 9:00,42089.38,1574.1,25.53,17.62
3/26/2015 9:10,42089.38,1573,25.53,17.63
3/26/2015 9:20,42089.39,1572,25.53,17.62
3/26/2015 9:30,42089.40,1571.3,25.55,17.63
3/26/2015 9:40,42089.40,1570.2,25.54,17.63
3/26/2015 9:50,42089.41,1569.5,25.54,17.63
3/26/2015 10:00,42089.42,1568.7,25.54,17.63
3/26/2015 10:10,42089.42,1567.8,25.54,17.63
3/26/2015 10:20,42089.43,1567.1,25.54,17.63
3/26/2015 10:30,42089.44,1566.7,25.53,17.62
3/26/2015 10:40,42089.44,1566.6,25.53,17.63
3/26/2015 10:50,42089.45,1566.1,25.54,17.63
3/26/2015 11:00,42089.46,1566.4,25.54,17.63
3/26/2015 11:10,42089.47,1566.1,25.54,17.63
3/26/2015 11:20,42089.47,1566.6,25.54,17.63
3/26/2015 11:30,42089.48,1567.1,25.54,17.63
3/26/2015 11:40,42089.49,1567.8,25.54,17.63
3/26/2015 11:50,42089.49,1568.7,25.56,17.64
3/26/2015 12:00,42089.50,1569.4,25.58,17.62
3/26/2015 12:10,42089.51,1570.7,25.55,17.63
3/26/2015 12:20,42089.51,1572.2,25.54,17.63
3/26/2015 12:30,42089.52,1573.4,25.54,17.63
3/26/2015 12:40,42089.53,1575,25.54,17.63
3/26/2015 12:50,42089.53,1576.5,25.54,17.63
3/26/2015 13:00,42089.54,1578,25.54,17.63
3/26/2015 13:10,42089.55,1579.6,25.54,17.63
3/26/2015 13:20,42089.56,1581.2,25.57,17.64
3/26/2015 13:30,42089.56,1582.9,25.54,17.63
3/26/2015 13:40,42089.57,1584.8,25.56,17.64
3/26/2015 13:50,42089.58,1586.7,25.56,17.64
3/26/2015 14:00,42089.58,1588.5,25.58,17.62
3/26/2015 14:10,42089.59,1590.2,25.59,17.63
3/26/2015 14:20,42089.60,1592.5,25.56,17.64
3/26/2015 14:30,42089.60,1594.7,25.55,17.63
3/26/2015 14:40,42089.61,1596,25.54,17.63
3/26/2015 14:50,42089.62,1597.3,25.55,17.63
3/26/2015 15:00,42089.63,1598.9,25.6,17.63
3/26/2015 15:10,42089.63,1600.6,25.57,17.64
3/26/2015 15:20,42089.64,1601.5,25.54,17.63
3/26/2015 15:30,42089.65,1602.9,25.55,17.63
3/26/2015 15:40,42089.65,1603.6,25.55,17.63
3/26/2015 15:50,42089.66,1604.5,25.55,17.63
3/26/2015 16:00,42089.67,1605.2,25.54,17.63
3/26/2015 16:10,42089.67,1605.5,25.54,17.63
3/26/2015 16:20,42089.68,1606.2,25.54,17.63
3/26/2015 16:30,42089.69,1606.6,25.53,17.63
3/26/2015 16:40,42089.69,1607.1,25.54,17.63
3/26/2015 16:50,42089.70,1607.1,25.54,17.63
3/26/2015 17:00,42089.71,1607.4,25.55,17.63
3/26/2015 17:10,42089.72,1607.3,25.57,17.64
3/26/2015 17:20,42089.72,1607.1,25.58,17.62
3/26/2015 17:30,42089.73,1606.6,25.54,17.63
3/26/2015 17:40,42089.74,1606,25.54,17.63
3/26/2015 17:50,42089.74,1605.5,25.53,17.63
3/26/2015 18:00,42089.75,1604.7,25.57,17.64
3/26/2015 18:10,42089.76,1603.3,25.57,17.64
3/26/2015 18:20,42089.76,1602.5,25.58,17.62
3/26/2015 18:30,42089.77,1601,25.55,17.63
3/26/2015 18:40,42089.78,1599.9,25.55,17.63
3/26/2015 18:50,42089.78,1598.5,25.53,17.63
3/26/2015 19:00,42089.79,1596.7,25.56,17.64
3/26/2015 19:10,42089.80,1595.1,25.55,17.64
3/26/2015 19:20,42089.81,1593.5,25.54,17.63
3/26/2015 19:30,42089.81,1591.9,25.54,17.63
3/26/2015 19:40,42089.82,1590.4,25.53,17.62
3/26/2015 19:50,42089.83,1589,25.54,17.63
3/26/2015 20:00,42089.83,1587.3,25.56,17.64
3/26/2015 20:10,42089.84,1585.9,25.57,17.64
3/26/2015 20:20,42089.85,1584.1,25.54,17.63
3/26/2015 20:30,42089.85,1582.8,25.56,17.64
3/26/2015 20:40,42089.86,1581.4,25.55,17.64
3/26/2015 20:50,42089.87,1580,25.54,17.63
3/26/2015 21:00,42089.88,1578.6,25.54,17.63
3/26/2015 21:10,42089.88,1577.5,25.53,17.63
3/26/2015 21:20,42089.89,1576.5,25.54,17.63
3/26/2015 21:30,42089.90,1575.4,25.51,17.64
3/26/2015 21:40,42089.90,1574.6,25.53,17.62
3/26/2015 21:50,42089.91,1574,25.57,17.64
3/26/2015 22:00,42089.92,1572.7,25.54,17.63
3/26/2015 22:10,42089.92,1571.8,25.56,17.64
3/26/2015 22:20,42089.93,1570.9,25.56,17.64
3/26/2015 22:30,42089.94,1570.2,25.54,17.63
3/26/2015 22:40,42089.94,1569.4,25.56,17.64
3/26/2015 22:50,42089.95,1568.8,25.53,17.62
3/26/2015 23:00,42089.96,1568.7,25.54,17.63
3/26/2015 23:10,42089.97,1568.3,25.54,17.63
3/26/2015 23:20,42089.97,1568.1,25.56,17.64
3/26/2015 23:30,42089.98,1568.1,25.56,17.64
3/26/2015 23:40,42089.99,1568.3,25.53,17.62
3/26/2015 23:50,42089.99,1568.5,25.55,17.63
3/27/2015 0:00,42090.00,1568.9,25.53,17.63
3/27/2015 0:10,42090.01,1569.5,25.54,17.63
3/27/2015 0:20,42090.01,1570.1,25.57,17.64
3/27/2015 0:30,42090.02,1571.1,25.57,17.64
3/27/2015 0:40,42090.03,1572.3,25.55,17.63
3/27/2015 0:50,42090.03,1573.6,25.54,17.63
3/27/2015 1:00,42090.04,1574.8,25.55,17.63
3/27/2015 1:10,42090.05,1575.9,25.54,17.63
3/27/2015 1:20,42090.06,1577.3,25.54,17.63
3/27/2015 1:30,42090.06,1578.9,25.54,17.63
3/27/2015 1:40,42090.07,1580,25.54,17.63
3/27/2015 1:50,42090.08,1581,25.54,17.63
3/27/2015 2:00,42090.08,1582.7,25.53,17.63
3/27/2015 2:10,42090.09,1583.6,25.56,17.64
3/27/2015 2:20,42090.10,1585.3,25.55,17.63
3/27/2015 2:30,42090.10,1586.7,25.55,17.63
3/27/2015 2:40,42090.11,1588.3,25.54,17.63
3/27/2015 2:50,42090.12,1589.5,25.56,17.64
3/27/2015 3:00,42090.13,1591.5,25.58,17.62
3/27/2015 3:10,42090.13,1592.7,25.55,17.63
3/27/2015 3:20,42090.14,1594,25.55,17.63
3/27/2015 3:30,42090.15,1595.7,25.57,17.64
3/27/2015 3:40,42090.15,1596.9,25.53,17.63
3/27/2015 3:50,42090.16,1597.9,25.57,17.64
3/27/2015 4:00,42090.17,1599.1,25.56,17.64
3/27/2015 4:10,42090.17,1600,25.57,17.64
3/27/2015 4:20,42090.18,1600.8,25.55,17.63
3/27/2015 4:30,42090.19,1601.5,25.55,17.64
3/27/2015 4:40,42090.19,1602,25.55,17.63
3/27/2015 4:50,42090.20,1602.5,25.54,17.63
3/27/2015 5:00,42090.21,1602.9,25.56,17.64
3/27/2015 5:10,42090.22,1602.9,25.56,17.64
3/27/2015 5:20,42090.22,1603.1,25.55,17.63
3/27/2015 5:30,42090.23,1603.1,25.54,17.63
3/27/2015 5:40,42090.24,1602.5,25.55,17.64
3/27/2015 5:50,42090.24,1602.2,25.54,17.63
3/27/2015 6:00,42090.25,1601.8,25.57,17.64
3/27/2015 6:10,42090.26,1601.1,25.57,17.64
3/27/2015 6:20,42090.26,1600.3,25.56,17.64
3/27/2015 6:30,42090.27,1599.3,25.57,17.64
3/27/2015 6:40,42090.28,1598.4,25.58,17.62
3/27/2015 6:50,42090.28,1597.4,25.55,17.63
3/27/2015 7:00,42090.29,1596.1,25.56,17.64
3/27/2015 7:10,42090.30,1595.1,25.57,17.64
3/27/2015 7:20,42090.31,1593.9,25.54,17.63
3/27/2015 7:30,42090.31,1592.6,25.55,17.63
3/27/2015 7:40,42090.32,1591.5,25.55,17.63
3/27/2015 7:50,42090.33,1589.9,25.58,17.62
3/27/2015 8:00,42090.33,1588.5,25.56,17.63
3/27/2015 8:10,42090.34,1587.1,25.58,17.63
3/27/2015 8:20,42090.35,1585.9,25.55,17.63
3/27/2015 8:30,42090.35,1584.5,25.58,17.62
3/27/2015 8:40,42090.36,1583.2,25.57,17.64
3/27/2015 8:50,42090.37,1581.7,25.59,17.63
3/27/2015 9:00,42090.38,1580.6,25.57,17.64
3/27/2015 9:10,42090.38,1579.1,25.56,17.64
3/27/2015 9:20,42090.39,1578.2,25.53,17.63
3/27/2015 9:30,42090.40,1576.8,25.56,17.64
3/27/2015 9:40,42090.40,1575.9,25.54,17.63
3/27/2015 9:50,42090.41,1574.8,25.54,17.63
3/27/2015 10:00,42090.42,1573.9,25.54,17.63
3/27/2015 10:10,42090.42,1572.9,25.56,17.64
3/27/2015 10:20,42090.43,1572.2,25.56,17.63
3/27/2015 10:30,42090.44,1571.3,25.54,17.63
3/27/2015 10:40,42090.44,1570.4,25.54,17.63
3/27/2015 10:50,42090.45,1569.7,25.56,17.64
3/27/2015 11:00,42090.46,1569.2,25.57,17.64
3/27/2015 11:10,42090.47,1568.7,25.55,17.63
3/27/2015 11:20,42090.47,1568.7,25.54,17.63
3/27/2015 11:30,42090.48,1568.5,25.55,17.63
3/27/2015 11:40,42090.49,1568.3,25.55,17.63
3/27/2015 11:50,42090.49,1568.3,25.57,17.64
3/27/2015 12:00,42090.50,1568.7,25.54,17.63
3/27/2015 12:10,42090.51,1569.1,25.55,17.63
3/27/2015 12:20,42090.51,1569.5,25.54,17.63
3/27/2015 12:30,42090.52,1570.1,25.57,17.64
3/27/2015 12:40,42090.53,1570.9,25.56,17.63
3/27/2015 12:50,42090.53,1571.9,25.57,17.64
3/27/2015 13:00,42090.54,1572.9,25.57,17.64
3/27/2015 13:10,42090.55,1573.7,25.59,17.63
3/27/2015 13:20,42090.56,1575.1,25.57,17.64
3/27/2015 13:30,42090.56,1576.5,25.57,17.64
3/27/2015 13:40,42090.57,1577.3,25.55,17.63
3/27/2015 13:50,42090.58,1578.6,25.54,17.63
3/27/2015 14:00,42090.58,1580,25.55,17.63
3/27/2015 14:10,42090.59,1581.4,25.54,17.63
3/27/2015 14:20,42090.60,1582.8,25.54,17.63
3/27/2015 14:30,42090.60,1584.3,25.57,17.64
3/27/2015 14:40,42090.61,1585.7,25.56,17.64
3/27/2015 14:50,42090.62,1587.4,25.56,17.64
3/27/2015 15:00,42090.63,1588.8,25.55,17.63
3/27/2015 15:10,42090.63,1590.8,25.55,17.63
3/27/2015 15:20,42090.64,1592.1,25.56,17.64
3/27/2015 15:30,42090.65,1593.5,25.58,17.62
3/27/2015 15:40,42090.65,1595,25.55,17.63
3/27/2015 15:50,42090.66,1596,25.56,17.64
3/27/2015 16:00,42090.67,1597.2,25.55,17.63
3/27/2015 16:10,42090.67,1597.7,25.56,17.64
3/27/2015 16:20,42090.68,1598.9,25.58,17.62
3/27/2015 16:30,42090.69,1599.6,25.54,17.63
3/27/2015 16:40,42090.69,1600.4,25.55,17.63
3/27/2015 16:50,42090.70,1600.9,25.53,17.63
3/27/2015 17:00,42090.71,1601.7,25.55,17.63
3/27/2015 17:10,42090.72,1602.7,25.53,17.63
3/27/2015 17:20,42090.72,1603.2,25.53,17.63
3/27/2015 17:30,42090.73,1603.2,25.56,17.64
3/27/2015 17:40,42090.74,1603.8,25.55,17.63
3/27/2015 17:50,42090.74,1603.8,25.56,17.64
3/27/2015 18:00,42090.75,1603.4,25.54,17.63
3/27/2015 18:10,42090.76,1603.1,25.53,17.62
3/27/2015 18:20,42090.76,1602.5,25.53,17.62
3/27/2015 18:30,42090.77,1601.8,25.54,17.63
3/27/2015 18:40,42090.78,1601.1,25.56,17.64
3/27/2015 18:50,42090.78,1600.6,25.55,17.63
3/27/2015 19:00,42090.79,1599.8,25.54,17.63
3/27/2015 19:10,42090.80,1598.6,25.55,17.64
3/27/2015 19:20,42090.81,1597.7,25.54,17.63
3/27/2015 19:30,42090.81,1596.7,25.54,17.63
3/27/2015 19:40,42090.82,1595.4,25.54,17.63
3/27/2015 19:50,42090.83,1594.4,25.54,17.63
3/27/2015 20:00,42090.83,1593.2,25.54,17.63
3/27/2015 20:10,42090.84,1592.1,25.53,17.63
3/27/2015 20:20,42090.85,1590.8,25.56,17.64
3/27/2015 20:30,42090.85,1589.4,25.52,17.64
3/27/2015 20:40,42090.86,1588.1,25.55,17.64
3/27/2015 20:50,42090.87,1586.9,25.54,17.63
3/27/2015 21:00,42090.88,1585.5,25.55,17.64
3/27/2015 21:10,42090.88,1584.1,25.56,17.64
3/27/2015 21:20,42090.89,1583.3,25.54,17.63
3/27/2015 21:30,42090.90,1582.2,25.53,17.63
3/27/2015 21:40,42090.90,1581.1,25.55,17.63
3/27/2015 21:50,42090.91,1580.1,25.53,17.63
3/27/2015 22:00,42090.92,1578.9,25.53,17.63
3/27/2015 22:10,42090.92,1578,25.53,17.62
3/27/2015 22:20,42090.93,1577.2,25.54,17.63
3/27/2015 22:30,42090.94,1576.8,25.55,17.63
3/27/2015 22:40,42090.94,1575.9,25.56,17.64
3/27/2015 22:50,42090.95,1575.2,25.58,17.62
3/27/2015 23:00,42090.96,1574.4,25.56,17.64
3/27/2015 23:10,42090.97,1573.7,25.54,17.63
3/27/2015 23:20,42090.97,1573,25.55,17.63
3/27/2015 23:30,42090.98,1571.9,25.57,17.64
3/27/2015 23:40,42090.99,1571.5,25.54,17.63
3/27/2015 23:50,42090.99,1571.1,25.56,17.64
3/28/2015 0:00,42091.00,1570.9,25.53,17.63
3/28/2015 0:10,42091.01,1570.6,25.57,17.64
3/28/2015 0:20,42091.01,1570.6,25.54,17.63
3/28/2015 0:30,42091.02,1570.9,25.55,17.63
3/28/2015 0:40,42091.03,1571.1,25.54,17.63
3/28/2015 0:50,42091.03,1571.3,25.54,17.63
3/28/2015 1:00,42091.04,1571.8,25.54,17.63
3/28/2015 1:10,42091.05,1571.8,25.56,17.64
3/28/2015 1:20,42091.06,1572.3,25.56,17.64
3/28/2015 1:30,42091.06,1573,25.55,17.63
3/28/2015 1:40,42091.07,1573.7,25.54,17.63
3/28/2015 1:50,42091.08,1574.6,25.54,17.63
3/28/2015 2:00,42091.08,1575.4,25.55,17.63
3/28/2015 2:10,42091.09,1576.9,25.55,17.63
3/28/2015 2:20,42091.10,1578,25.55,17.63
3/28/2015 2:30,42091.10,1578.9,25.55,17.64
3/28/2015 2:40,42091.11,1580.1,25.55,17.63
3/28/2015 2:50,42091.12,1581.2,25.54,17.63
3/28/2015 3:00,42091.13,1582.4,25.56,17.64
3/28/2015 3:10,42091.13,1583.4,25.53,17.63
3/28/2015 3:20,42091.14,1584.5,25.54,17.63
3/28/2015 3:30,42091.15,1585.7,25.54,17.63
3/28/2015 3:40,42091.15,1586.7,25.54,17.63
3/28/2015 3:50,42091.16,1588,25.54,17.63
3/28/2015 4:00,42091.17,1589.4,25.54,17.63
3/28/2015 4:10,42091.17,1590.3,25.53,17.63
3/28/2015 4:20,42091.18,1591.3,25.53,17.62
3/28/2015 4:30,42091.19,1592.6,25.54,17.63
3/28/2015 4:40,42091.19,1593.6,25.53,17.63
3/28/2015 4:50,42091.20,1594.2,25.54,17.63
3/28/2015 5:00,42091.21,1595.1,25.55,17.63
3/28/2015 5:10,42091.22,1595.7,25.55,17.63
3/28/2015 5:20,42091.22,1596.3,25.54,17.63
3/28/2015 5:30,42091.23,1597,25.53,17.63
3/28/2015 5:40,42091.24,1597.5,25.54,17.63
3/28/2015 5:50,42091.24,1597.9,25.55,17.63
3/28/2015 6:00,42091.25,1598.2,25.55,17.63
3/28/2015 6:10,42091.26,1598.6,25.55,17.63
3/28/2015 6:20,42091.26,1598.4,25.54,17.63
3/28/2015 6:30,42091.27,1598.4,25.56,17.64
3/28/2015 6:40,42091.28,1598.1,25.55,17.64
3/28/2015 6:50,42091.28,1598.1,25.57,17.64
3/28/2015 7:00,42091.29,1597.5,25.55,17.64
3/28/2015 7:10,42091.30,1597,25.59,17.63
3/28/2015 7:20,42091.31,1596.5,25.57,17.64
3/28/2015 7:30,42091.31,1596,25.58,17.62
3/28/2015 7:40,42091.32,1595.1,25.57,17.64
3/28/2015 7:50,42091.33,1594.2,25.58,17.62
3/28/2015 8:00,42091.33,1593.2,25.56,17.64
3/28/2015 8:10,42091.34,1592.5,25.56,17.64
3/28/2015 8:20,42091.35,1591.6,25.59,17.63
3/28/2015 8:30,42091.35,1590.4,25.57,17.64
3/28/2015 8:40,42091.36,1589.4,25.57,17.64
3/28/2015 8:50,42091.37,1588.3,25.56,17.64
3/28/2015 9:00,42091.38,1587.4,25.54,17.63
3/28/2015 9:10,42091.38,1586.4,25.56,17.64
3/28/2015 9:20,42091.39,1585.5,25.55,17.64
3/28/2015 9:30,42091.40,1584.6,25.56,17.64
3/28/2015 9:40,42091.40,1583.4,25.56,17.64
3/28/2015 9:50,42091.41,1582.6,25.57,17.64
3/28/2015 10:00,42091.42,1581.4,25.54,17.63
3/28/2015 10:10,42091.42,1580.5,25.55,17.64
3/28/2015 10:20,42091.43,1579.4,25.55,17.63
3/28/2015 10:30,42091.44,1578.7,25.56,17.64
3/28/2015 10:40,42091.44,1577.9,25.55,17.64
3/28/2015 10:50,42091.45,1576.6,25.54,17.63
3/28/2015 11:00,42091.46,1575.9,25.54,17.63
3/28/2015 11:10,42091.47,1575.5,25.53,17.63
3/28/2015 11:20,42091.47,1574.8,25.54,17.63
3/28/2015 11:30,42091.48,1574.2,25.55,17.63
3/28/2015 11:40,42091.49,1573.2,25.55,17.64
3/28/2015 11:50,42091.49,1572.8,25.53,17.63
3/28/2015 12:00,42091.50,1572,25.54,17.63
3/28/2015 12:10,42091.51,1571.6,25.56,17.64
3/28/2015 12:20,42091.51,1571.5,25.59,17.63
3/28/2015 12:30,42091.52,1571.4,25.55,17.63
3/28/2015 12:40,42091.53,1571.3,25.55,17.63
3/28/2015 12:50,42091.53,1571.1,25.56,17.64
3/28/2015 13:00,42091.54,1571.3,25.58,17.62
3/28/2015 13:10,42091.55,1571.5,25.54,17.63
3/28/2015 13:20,42091.56,1571.8,25.56,17.64
3/28/2015 13:30,42091.56,1572.3,25.56,17.64
3/28/2015 13:40,42091.57,1572.9,25.54,17.63
3/28/2015 13:50,42091.58,1573.4,25.53,17.63
3/28/2015 14:00,42091.58,1574.2,25.53,17.63
3/28/2015 14:10,42091.59,1574.8,25.52,17.64
3/28/2015 14:20,42091.60,1575.8,25.53,17.62
3/28/2015 14:30,42091.60,1576.6,25.54,17.63
3/28/2015 14:40,42091.61,1577.7,25.54,17.63
3/28/2015 14:50,42091.62,1578.4,25.53,17.63
3/28/2015 15:00,42091.63,1579.4,25.53,17.63
3/28/2015 15:10,42091.63,1580.5,25.53,17.62
3/28/2015 15:20,42091.64,1581.7,25.54,17.63
3/28/2015 15:30,42091.65,1582.8,25.56,17.64
3/28/2015 15:40,42091.65,1583.9,25.55,17.63
3/28/2015 15:50,42091.66,1585.3,25.53,17.63
3/28/2015 16:00,42091.67,1586.4,25.54,17.63
3/28/2015 16:10,42091.67,1587.4,25.54,17.63
3/28/2015 16:20,42091.68,1588.8,25.55,17.63
3/28/2015 16:30,42091.69,1589.7,25.59,17.63
3/28/2015 16:40,42091.69,1591.1,25.55,17.64
3/28/2015 16:50,42091.70,1592.4,25.57,17.64
3/28/2015 17:00,42091.71,1593.3,25.56,17.64
3/28/2015 17:10,42091.72,1594.4,25.58,17.62
3/28/2015 17:20,42091.72,1595.3,25.56,17.64
3/28/2015 17:30,42091.73,1596.2,25.55,17.63
3/28/2015 17:40,42091.74,1597,25.54,17.63
3/28/2015 17:50,42091.74,1597.5,25.56,17.64
3/28/2015 18:00,42091.75,1598.5,25.55,17.63
3/28/2015 18:10,42091.76,1599.3,25.54,17.63
3/28/2015 18:20,42091.76,1599.5,25.56,17.64
3/28/2015 18:30,42091.77,1599.8,25.55,17.63
3/28/2015 18:40,42091.78,1600,25.55,17.64
3/28/2015 18:50,42091.78,1600.3,25.56,17.64
3/28/2015 19:00,42091.79,1600.2,25.57,17.64
3/28/2015 19:10,42091.80,1600.3,25.54,17.63
3/28/2015 19:20,42091.81,1600.3,25.54,17.63
3/28/2015 19:30,42091.81,1600.3,25.54,17.63
3/28/2015 19:40,42091.82,1599.8,25.56,17.64
3/28/2015 19:50,42091.83,1599.5,25.54,17.63
3/28/2015 20:00,42091.83,1598.9,25.58,17.62
3/28/2015 20:10,42091.84,1598.3,25.55,17.63
3/28/2015 20:20,42091.85,1597.5,25.54,17.63
3/28/2015 20:30,42091.85,1596.7,25.53,17.62
3/28/2015 20:40,42091.86,1596,25.57,17.64
3/28/2015 20:50,42091.87,1595.3,25.54,17.63
3/28/2015 21:00,42091.88,1594.2,25.56,17.64
3/28/2015 21:10,42091.88,1593.3,25.56,17.64
3/28/2015 21:20,42091.89,1592.1,25.59,17.63
3/28/2015 21:30,42091.90,1591.3,25.55,17.64
3/28/2015 21:40,42091.90,1589.9,25.56,17.64
3/28/2015 21:50,42091.91,1589,25.59,17.63
3/28/2015 22:00,42091.92,1588,25.54,17.63
3/28/2015 22:10,42091.92,1586.7,25.54,17.63
3/28/2015 22:20,42091.93,1585.7,25.56,17.64
3/28/2015 22:30,42091.94,1584.6,25.57,17.64
3/28/2015 22:40,42091.94,1583.8,25.58,17.63
3/28/2015 22:50,42091.95,1582.6,25.54,17.63
3/28/2015 23:00,42091.96,1581.7,25.54,17.63
3/28/2015 23:10,42091.97,1580.7,25.57,17.64
3/28/2015 23:20,42091.97,1579.9,25.55,17.63
3/28/2015 23:30,42091.98,1579.1,25.55,17.64
3/28/2015 23:40,42091.99,1578.4,25.54,17.63
3/28/2015 23:50,42091.99,1577.6,25.53,17.63
3/29/2015 0:00,42092.00,1576.6,25.53,17.63
3/29/2015 0:10,42092.01,1576.2,25.53,17.63
3/29/2015 0:20,42092.01,1575.4,25.54,17.63
3/29/2015 0:30,42092.02,1574.8,25.53,17.63
3/29/2015 0:40,42092.03,1574.1,25.54,17.63
3/29/2015 0:50,42092.03,1573.3,25.53,17.63
3/29/2015 1:00,42092.04,1572.6,25.52,17.64
3/29/2015 1:10,42092.05,1572.2,25.52,17.64
3/29/2015 1:20,42092.06,1572.1,25.53,17.63
3/29/2015 1:30,42092.06,1572,25.54,17.63
3/29/2015 1:40,42092.07,1571.9,25.52,17.64
3/29/2015 1:50,42092.08,1572.2,25.54,17.63
3/29/2015 2:00,42092.08,1572,25.54,17.63
3/29/2015 2:10,42092.09,1572.3,25.54,17.63
3/29/2015 2:20,42092.10,1572.7,25.57,17.64
3/29/2015 2:30,42092.10,1572.9,25.56,17.64
3/29/2015 2:40,42092.11,1573.5,25.55,17.63
3/29/2015 2:50,42092.12,1573.7,25.54,17.63
3/29/2015 3:00,42092.13,1574.4,25.52,17.64
3/29/2015 3:10,42092.13,1575,25.53,17.63
3/29/2015 3:20,42092.14,1575.7,25.53,17.63
3/29/2015 3:30,42092.15,1576.3,25.54,17.63
3/29/2015 3:40,42092.15,1577,25.54,17.63
3/29/2015 3:50,42092.16,1577.9,25.52,17.64
3/29/2015 4:00,42092.17,1578.7,25.54,17.63
3/29/2015 4:10,42092.17,1579.7,25.53,17.63
3/29/2015 4:20,42092.18,1580.5,25.55,17.64
3/29/2015 4:30,42092.19,1581.7,25.55,17.63
3/29/2015 4:40,42092.19,1582.7,25.53,17.63
3/29/2015 4:50,42092.20,1583.5,25.53,17.63
3/29/2015 5:00,42092.21,1584.5,25.54,17.63
3/29/2015 5:10,42092.22,1585.7,25.53,17.63
3/29/2015 5:20,42092.22,1586.9,25.52,17.64
3/29/2015 5:30,42092.23,1587.6,25.53,17.63
3/29/2015 5:40,42092.24,1588.7,25.55,17.63
3/29/2015 5:50,42092.24,1589.5,25.55,17.64
3/29/2015 6:00,42092.25,1590.5,25.53,17.63
3/29/2015 6:10,42092.26,1591.5,25.53,17.63
3/29/2015 6:20,42092.26,1592.3,25.53,17.63
3/29/2015 6:30,42092.27,1593.1,25.53,17.63
3/29/2015 6:40,42092.28,1594,25.53,17.63
3/29/2015 6:50,42092.28,1594.6,25.53,17.63
3/29/2015 7:00,42092.29,1594.9,25.54,17.63
3/29/2015 7:10,42092.30,1595.4,25.54,17.63
3/29/2015 7:20,42092.31,1596.1,25.53,17.63
3/29/2015 7:30,42092.31,1596.3,25.53,17.62
3/29/2015 7:40,42092.32,1596.8,25.53,17.62
3/29/2015 7:50,42092.33,1597,25.54,17.63
3/29/2015 8:00,42092.33,1597,25.54,17.63
3/29/2015 8:10,42092.34,1596.9,25.53,17.63
3/29/2015 8:20,42092.35,1596.8,25.54,17.63
3/29/2015 8:30,42092.35,1596.7,25.54,17.63
3/29/2015 8:40,42092.36,1596.3,25.55,17.63
3/29/2015 8:50,42092.37,1596.2,25.55,17.63
3/29/2015 9:00,42092.38,1595.6,25.54,17.63
3/29/2015 9:10,42092.38,1594.7,25.53,17.63
3/29/2015 9:20,42092.39,1594.2,25.54,17.63
3/29/2015 9:30,42092.40,1593.5,25.53,17.63
3/29/2015 9:40,42092.40,1592.8,25.54,17.63
3/29/2015 9:50,42092.41,1592.1,25.54,17.63
3/29/2015 10:00,42092.42,1591.3,25.54,17.63
3/29/2015 10:10,42092.42,1590.6,25.53,17.63
3/29/2015 10:20,42092.43,1589.7,25.55,17.64
3/29/2015 10:30,42092.44,1588.7,25.55,17.64
3/29/2015 10:40,42092.44,1587.9,25.53,17.63
3/29/2015 10:50,42092.45,1587.1,25.53,17.63
3/29/2015 11:00,42092.46,1585.7,25.53,17.63
3/29/2015 11:10,42092.47,1584.8,25.55,17.64
3/29/2015 11:20,42092.47,1583.8,25.54,17.63
3/29/2015 11:30,42092.48,1582.6,25.56,17.64
3/29/2015 11:40,42092.49,1581.7,25.54,17.63
3/29/2015 11:50,42092.49,1580.8,25.55,17.64
3/29/2015 12:00,42092.50,1580,25.56,17.64
3/29/2015 12:10,42092.51,1578.9,25.55,17.64
3/29/2015 12:20,42092.51,1578,25.53,17.63
3/29/2015 12:30,42092.52,1577,25.54,17.63
3/29/2015 12:40,42092.53,1576.6,25.53,17.63
3/29/2015 12:50,42092.53,1575.5,25.53,17.63
3/29/2015 13:00,42092.54,1574.8,25.53,17.63
3/29/2015 13:10,42092.55,1573.9,25.56,17.64
3/29/2015 13:20,42092.56,1573.6,25.55,17.64
3/29/2015 13:30,42092.56,1572.9,25.56,17.64
3/29/2015 13:40,42092.57,1572.3,25.54,17.63
3/29/2015 13:50,42092.58,1572.2,25.53,17.63
3/29/2015 14:00,42092.58,1571.4,25.52,17.64
3/29/2015 14:10,42092.59,1571.1,25.52,17.64
3/29/2015 14:20,42092.60,1571.1,25.54,17.63
3/29/2015 14:30,42092.60,1570.9,25.54,17.63
3/29/2015 14:40,42092.61,1570.9,25.55,17.64
3/29/2015 14:50,42092.62,1570.8,25.55,17.64
3/29/2015 15:00,42092.63,1571.1,25.56,17.64
3/29/2015 15:10,42092.63,1571.5,25.55,17.64
3/29/2015 15:20,42092.64,1571.8,25.55,17.64
3/29/2015 15:30,42092.65,1572,25.55,17.64
3/29/2015 15:40,42092.65,1572.5,25.54,17.63
3/29/2015 15:50,42092.66,1573.2,25.54,17.63
3/29/2015 16:00,42092.67,1573.7,25.54,17.63
3/29/2015 16:10,42092.67,1574.8,25.53,17.63
3/29/2015 16:20,42092.68,1575.6,25.54,17.63
3/29/2015 16:30,42092.69,1576.5,25.54,17.63
3/29/2015 16:40,42092.69,1577.5,25.55,17.64
3/29/2015 16:50,42092.70,1578.7,25.55,17.63
3/29/2015 17:00,42092.71,1579.8,25.53,17.63
3/29/2015 17:10,42092.72,1580.8,25.52,17.64
3/29/2015 17:20,42092.72,1581.9,25.54,17.63
3/29/2015 17:30,42092.73,1583.3,25.54,17.63
3/29/2015 17:40,42092.74,1584.5,25.54,17.63
3/29/2015 17:50,42092.74,1585.7,25.56,17.64
3/29/2015 18:00,42092.75,1586.9,25.54,17.63
3/29/2015 18:10,42092.76,1588.1,25.54,17.63
3/29/2015 18:20,42092.76,1589.5,25.58,17.63
3/29/2015 18:30,42092.77,1590.8,25.55,17.63
3/29/2015 18:40,42092.78,1591.8,25.52,17.64
3/29/2015 18:50,42092.78,1592.8,25.53,17.63
3/29/2015 19:00,42092.79,1593.7,25.55,17.63
3/29/2015 19:10,42092.80,1594.8,25.52,17.64
3/29/2015 19:20,42092.81,1595.8,25.54,17.63
3/29/2015 19:30,42092.81,1596.3,25.54,17.63
3/29/2015 19:40,42092.82,1597.4,25.54,17.63
3/29/2015 19:50,42092.83,1598.1,25.53,17.63
3/29/2015 20:00,42092.83,1598.8,25.58,17.63
3/29/2015 20:10,42092.84,1599.3,25.55,17.64
3/29/2015 20:20,42092.85,1599.6,25.54,17.63
3/29/2015 20:30,42092.85,1600,25.55,17.64
3/29/2015 20:40,42092.86,1600.2,25.55,17.63
3/29/2015 20:50,42092.87,1600.4,25.57,17.64
3/29/2015 21:00,42092.88,1600.6,25.59,17.63
3/29/2015 21:10,42092.88,1600.3,25.54,17.63
3/29/2015 21:20,42092.89,1600.1,25.52,17.64
3/29/2015 21:30,42092.90,1600,25.53,17.63
3/29/2015 21:40,42092.90,1599.6,25.54,17.63
3/29/2015 21:50,42092.91,1599.1,25.53,17.63
3/29/2015 22:00,42092.92,1598.6,25.54,17.63
3/29/2015 22:10,42092.92,1597.9,25.53,17.63
3/29/2015 22:20,42092.93,1597,25.52,17.64
3/29/2015 22:30,42092.94,1596.4,25.53,17.63
3/29/2015 22:40,42092.94,1595.4,25.54,17.63
3/29/2015 22:50,42092.95,1594.4,25.52,17.64
3/29/2015 23:00,42092.96,1593.3,25.54,17.63
3/29/2015 23:10,42092.97,1592.3,25.53,17.63
3/29/2015 23:20,42092.97,1591.5,25.54,17.63
3/29/2015 23:30,42092.98,1590.2,25.57,17.64
3/29/2015 23:40,42092.99,1589.3,25.55,17.63
3/29/2015 23:50,42092.99,1587.8,25.54,17.63
3/30/2015 0:00,42093.00,1586.7,25.54,17.63
3/30/2015 0:10,42093.01,1585.5,25.54,17.63
3/30/2015 0:20,42093.01,1584.5,25.54,17.63
3/30/2015 0:30,42093.02,1583.1,25.53,17.63
3/30/2015 0:40,42093.03,1582.1,25.54,17.63
3/30/2015 0:50,42093.03,1580.8,25.54,17.63
3/30/2015 1:00,42093.04,1579.8,25.52,17.64
3/30/2015 1:10,42093.05,1578.7,25.53,17.63
3/30/2015 1:20,42093.06,1577.5,25.53,17.63
3/30/2015 1:30,42093.06,1577,25.52,17.64
3/30/2015 1:40,42093.07,1575.8,25.54,17.63
3/30/2015 1:50,42093.08,1575,25.57,17.64
3/30/2015 2:00,42093.08,1574.1,25.54,17.63
3/30/2015 2:10,42093.09,1573.4,25.57,17.64
3/30/2015 2:20,42093.10,1572.3,25.52,17.64
3/30/2015 2:30,42093.10,1571.9,25.53,17.63
3/30/2015 2:40,42093.11,1571.5,25.54,17.63
3/30/2015 2:50,42093.12,1570.6,25.53,17.63
3/30/2015 3:00,42093.13,1570.2,25.54,17.63
3/30/2015 3:10,42093.13,1569.7,25.56,17.64
3/30/2015 3:20,42093.14,1569.4,25.54,17.63
3/30/2015 3:30,42093.15,1569.3,25.53,17.63
3/30/2015 3:40,42093.15,1569,25.54,17.63
3/30/2015 3:50,42093.16,1569,25.54,17.63
3/30/2015 4:00,42093.17,1568.8,25.56,17.64
3/30/2015 4:10,42093.17,1569.2,25.53,17.63
3/30/2015 4:20,42093.18,1569.6,25.55,17.63
3/30/2015 4:30,42093.19,1570.2,25.53,17.63
3/30/2015 4:40,42093.19,1570.6,25.55,17.64
3/30/2015 4:50,42093.20,1571.2,25.53,17.63
3/30/2015 5:00,42093.21,1572.1,25.53,17.63
3/30/2015 5:10,42093.22,1573.1,25.57,17.64
3/30/2015 5:20,42093.22,1573.7,25.53,17.63
3/30/2015 5:30,42093.23,1574.7,25.55,17.63
3/30/2015 5:40,42093.24,1575.9,25.55,17.63
3/30/2015 5:50,42093.24,1577,25.56,17.64
3/30/2015 6:00,42093.25,1578,25.56,17.64
3/30/2015 6:10,42093.26,1579.1,25.54,17.63
3/30/2015 6:20,42093.26,1580.5,25.54,17.63
3/30/2015 6:30,42093.27,1581.5,25.54,17.63
3/30/2015 6:40,42093.28,1583,25.55,17.63
3/30/2015 6:50,42093.28,1584.3,25.55,17.64
3/30/2015 7:00,42093.29,1585.3,25.54,17.63
3/30/2015 7:10,42093.30,1586.7,25.57,17.64
3/30/2015 7:20,42093.31,1588.1,25.53,17.63
3/30/2015 7:30,42093.31,1589,25.58,17.63
3/30/2015 7:40,42093.32,1590.2,25.55,17.64
3/30/2015 7:50,42093.33,1591.5,25.54,17.63
3/30/2015 8:00,42093.33,1592.5,25.53,17.63
3/30/2015 8:10,42093.34,1593.5,25.54,17.63
3/30/2015 8:20,42093.35,1594.4,25.54,17.63
3/30/2015 8:30,42093.35,1595.3,25.54,17.63
3/30/2015 8:40,42093.36,1596.1,25.53,17.63
3/30/2015 8:50,42093.37,1596.8,25.55,17.64
3/30/2015 9:00,42093.38,1597.4,25.55,17.64
3/30/2015 9:10,42093.38,1597.9,25.54,17.63
3/30/2015 9:20,42093.39,1598.4,25.53,17.63
3/30/2015 9:30,42093.40,1598.6,25.56,17.64
3/30/2015 9:40,42093.40,1598.9,25.55,17.64
3/30/2015 9:50,42093.41,1599,25.53,17.63
3/30/2015 10:00,42093.42,1599,25.55,17.63
3/30/2015 10:10,42093.42,1598.9,25.56,17.64
3/30/2015 10:20,42093.43,1598.4,25.56,17.64
3/30/2015 10:30,42093.44,1598.1,25.54,17.63
3/30/2015 10:40,42093.44,1597.5,25.55,17.64
3/30/2015 10:50,42093.45,1596.8,25.56,17.64
3/30/2015 11:00,42093.46,1596.4,25.53,17.63
3/30/2015 11:10,42093.47,1595.4,25.55,17.64
3/30/2015 11:20,42093.47,1594.6,25.55,17.64
3/30/2015 11:30,42093.48,1593.7,25.53,17.63
3/30/2015 11:40,42093.49,1592.6,25.53,17.63
3/30/2015 11:50,42093.49,1591.5,25.53,17.63
3/30/2015 12:00,42093.50,1590.8,25.54,17.63
3/30/2015 12:10,42093.51,1589.2,25.54,17.63
3/30/2015 12:20,42093.51,1588,25.54,17.63
3/30/2015 12:30,42093.52,1586.7,25.55,17.63
3/30/2015 12:40,42093.53,1585.3,25.54,17.63
3/30/2015 12:50,42093.53,1584.3,25.54,17.63
3/30/2015 13:00,42093.54,1583.1,25.54,17.63
3/30/2015 13:10,42093.55,1582.1,25.53,17.63
3/30/2015 13:20,42093.56,1580.8,25.54,17.63
3/30/2015 13:30,42093.56,1579.6,25.53,17.63
3/30/2015 13:40,42093.57,1578.4,25.54,17.63
3/30/2015 13:50,42093.58,1577.2,25.52,17.64
3/30/2015 14:00,42093.58,1575.9,25.56,17.64
3/30/2015 14:10,42093.59,1575.1,25.55,17.64
3/30/2015 14:20,42093.60,1573.9,25.57,17.64
3/30/2015 14:30,42093.60,1573.2,25.56,17.64
3/30/2015 14:40,42093.61,1572.2,25.56,17.64
3/30/2015 14:50,42093.62,1571.1,25.54,17.63
3/30/2015 15:00,42093.63,1570.2,25.53,17.63
3/30/2015 15:10,42093.63,1569.4,25.57,17.64
3/30/2015 15:20,42093.64,1568.8,25.56,17.64
3/30/2015 15:30,42093.65,1568,25.54,17.63
3/30/2015 15:40,42093.65,1567.8,25.53,17.63
3/30/2015 15:50,42093.66,1567.1,25.53,17.63
3/30/2015 16:00,42093.67,1566.9,25.57,17.64
3/30/2015 16:10,42093.67,1566.4,25.55,17.64
3/30/2015 16:20,42093.68,1566.6,25.54,17.63
3/30/2015 16:30,42093.69,1566.6,25.55,17.64
3/30/2015 16:40,42093.69,1566.9,25.53,17.63
3/30/2015 16:50,42093.70,1567.4,25.54,17.63
3/30/2015 17:00,42093.71,1568,25.52,17.64
3/30/2015 17:10,42093.72,1568.7,25.56,17.64
3/30/2015 17:20,42093.72,1569.5,25.54,17.63
3/30/2015 17:30,42093.73,1570.8,25.59,17.63
3/30/2015 17:40,42093.74,1571.8,25.54,17.63
3/30/2015 17:50,42093.74,1573.2,25.54,17.63
3/30/2015 18:00,42093.75,1574.3,25.53,17.63
3/30/2015 18:10,42093.76,1575.8,25.52,17.64
3/30/2015 18:20,42093.76,1577.2,25.54,17.63
3/30/2015 18:30,42093.77,1578.2,25.54,17.63
3/30/2015 18:40,42093.78,1580.1,25.54,17.63
3/30/2015 18:50,42093.78,1581.9,25.56,17.64
3/30/2015 19:00,42093.79,1583.4,25.55,17.63
3/30/2015 19:10,42093.80,1584.5,25.54,17.63
3/30/2015 19:20,42093.81,1585.9,25.54,17.63
3/30/2015 19:30,42093.81,1587.4,25.54,17.63
3/30/2015 19:40,42093.82,1589.3,25.53,17.63
3/30/2015 19:50,42093.83,1590.6,25.54,17.63
3/30/2015 20:00,42093.83,1591.8,25.54,17.63
3/30/2015 20:10,42093.84,1593.3,25.55,17.64
3/30/2015 20:20,42093.85,1595.1,25.57,17.64
3/30/2015 20:30,42093.85,1596.1,25.54,17.63
3/30/2015 20:40,42093.86,1597.5,25.55,17.63
3/30/2015 20:50,42093.87,1598.6,25.53,17.63
3/30/2015 21:00,42093.88,1599.9,25.55,17.63
3/30/2015 21:10,42093.88,1601,25.54,17.63
3/30/2015 21:20,42093.89,1602,25.52,17.64
3/30/2015 21:30,42093.90,1602.7,25.53,17.62
3/30/2015 21:40,42093.90,1603.2,25.52,17.64
3/30/2015 21:50,42093.91,1603.9,25.53,17.63
3/30/2015 22:00,42093.92,1604.3,25.55,17.64
3/30/2015 22:10,42093.92,1605.3,25.57,17.64
3/30/2015 22:20,42093.93,1605.5,25.53,17.63
3/30/2015 22:30,42093.94,1605,25.52,17.64
3/30/2015 22:40,42093.94,1604.8,25.52,17.64
3/30/2015 22:50,42093.95,1604.8,25.53,17.63
3/30/2015 23:00,42093.96,1604.1,25.56,17.64
3/30/2015 23:10,42093.97,1603.2,25.53,17.63
3/30/2015 23:20,42093.97,1602.5,25.56,17.64
3/30/2015 23:30,42093.98,1601.5,25.58,17.63
3/30/2015 23:40,42093.99,1600.6,25.54,17.63
3/30/2015 23:50,42093.99,1599.3,25.54,17.63
3/31/2015 0:00,42094.00,1598.1,25.55,17.64
3/31/2015 0:10,42094.01,1596.3,25.54,17.63
3/31/2015 0:20,42094.01,1595,25.53,17.63
3/31/2015 0:30,42094.02,1593.3,25.53,17.63
3/31/2015 0:40,42094.03,1591.8,25.54,17.63
3/31/2015 0:50,42094.03,1590.4,25.51,17.64
3/31/2015 1:00,42094.04,1588.6,25.53,17.63
3/31/2015 1:10,42094.05,1586.7,25.53,17.63
3/31/2015 1:20,42094.06,1585,25.54,17.63
3/31/2015 1:30,42094.06,1583.4,25.53,17.63
3/31/2015 1:40,42094.07,1582.1,25.54,17.63
3/31/2015 1:50,42094.08,1580.7,25.53,17.63
3/31/2015 2:00,42094.08,1579.4,25.53,17.63
3/31/2015 2:10,42094.09,1577.9,25.52,17.64
3/31/2015 2:20,42094.10,1576.5,25.53,17.63
3/31/2015 2:30,42094.10,1575.2,25.53,17.63
3/31/2015 2:40,42094.11,1574.2,25.53,17.63
3/31/2015 2:50,42094.12,1573,25.54,17.63
3/31/2015 3:00,42094.13,1571.6,25.54,17.63
3/31/2015 3:10,42094.13,1570.6,25.52,17.64
3/31/2015 3:20,42094.14,1569.5,25.53,17.63
3/31/2015 3:30,42094.15,1568.8,25.52,17.64
3/31/2015 3:40,42094.15,1568.1,25.52,17.64
3/31/2015 3:50,42094.16,1567.5,25.53,17.63
3/31/2015 4:00,42094.17,1567.1,25.57,17.64
3/31/2015 4:10,42094.17,1566.3,25.54,17.64
3/31/2015 4:20,42094.18,1566.2,25.53,17.63
3/31/2015 4:30,42094.19,1566.3,25.55,17.64
3/31/2015 4:40,42094.19,1566.2,25.55,17.63
3/31/2015 4:50,42094.20,1565.6,25.52,17.64
3/31/2015 5:00,42094.21,1565.7,25.54,17.63
3/31/2015 5:10,42094.22,1565.9,25.55,17.63
3/31/2015 5:20,42094.22,1566.1,25.54,17.63
3/31/2015 5:30,42094.23,1566.1,25.54,17.63
3/31/2015 5:40,42094.24,1566.9,25.54,17.63
3/31/2015 5:50,42094.24,1567.3,25.54,17.63
3/31/2015 6:00,42094.25,1568.5,25.51,17.64
3/31/2015 6:10,42094.26,1569.5,25.53,17.63
3/31/2015 6:20,42094.26,1570.6,25.53,17.63
3/31/2015 6:30,42094.27,1571.6,25.54,17.63
3/31/2015 6:40,42094.28,1573,25.53,17.63
3/31/2015 6:50,42094.28,1574.8,25.54,17.63
3/31/2015 7:00,42094.29,1576.3,25.55,17.64
3/31/2015 7:10,42094.30,1577.3,25.53,17.63
3/31/2015 7:20,42094.31,1579.1,25.54,17.63
3/31/2015 7:30,42094.31,1580.8,25.52,17.64
3/31/2015 7:40,42094.32,1582.4,25.56,17.64
3/31/2015 7:50,42094.33,1584.3,25.54,17.63
3/31/2015 8:00,42094.33,1585.6,25.53,17.63
3/31/2015 8:10,42094.34,1587.1,25.57,17.64
3/31/2015 8:20,42094.35,1588.7,25.56,17.64
3/31/2015 8:30,42094.35,1590.2,25.54,17.63
3/31/2015 8:40,42094.36,1591.5,25.55,17.63
3/31/2015 8:50,42094.37,1592.9,25.55,17.63
3/31/2015 9:00,42094.38,1594.7,25.53,17.63
3/31/2015 9:10,42094.38,1595.8,25.54,17.63
3/31/2015 9:20,42094.39,1597.2,25.53,17.63
3/31/2015 9:30,42094.40,1597.9,25.55,17.64
3/31/2015 9:40,42094.40,1598.9,25.55,17.63
3/31/2015 9:50,42094.41,1599.6,25.55,17.64
3/31/2015 10:00,42094.42,1600.6,25.55,17.63
3/31/2015 10:10,42094.42,1601,25.54,17.63
3/31/2015 10:20,42094.43,1601.7,25.53,17.62
3/31/2015 10:30,42094.44,1602,25.53,17.63
3/31/2015 10:40,42094.44,1602.2,25.54,17.63
3/31/2015 10:50,42094.45,1602.7,25.53,17.63
3/31/2015 11:00,42094.46,1603.9,25.52,17.64
3/31/2015 11:10,42094.47,1602.4,25.52,17.64
3/31/2015 11:20,42094.47,1601.8,25.54,17.63
3/31/2015 11:30,42094.48,1601.4,25.55,17.64
3/31/2015 11:40,42094.49,1600.8,25.53,17.63
3/31/2015 11:50,42094.49,1600.1,25.54,17.63
3/31/2015 12:00,42094.50,1599.3,25.54,17.63
3/31/2015 12:10,42094.51,1597.9,25.53,17.63
3/31/2015 12:20,42094.51,1596.7,25.54,17.63
3/31/2015 12:30,42094.52,1595.3,25.54,17.63
3/31/2015 12:40,42094.53,1593.9,25.53,17.63
3/31/2015 12:50,42094.53,1592.3,25.54,17.64
3/31/2015 13:00,42094.54,1590.9,25.52,17.64
3/31/2015 13:10,42094.55,1589.5,25.52,17.64
3/31/2015 13:20,42094.56,1588,25.56,17.64
3/31/2015 13:30,42094.56,1586.4,25.55,17.64
3/31/2015 13:40,42094.57,1584.9,25.52,17.64
3/31/2015 13:50,42094.58,1583.4,25.55,17.64
3/31/2015 14:00,42094.58,1582.1,25.53,17.63
3/31/2015 14:10,42094.59,1580.3,25.54,17.63
3/31/2015 14:20,42094.60,1578.9,25.54,17.63
3/31/2015 14:30,42094.60,1577.5,25.54,17.63
3/31/2015 14:40,42094.61,1576.2,25.55,17.64
3/31/2015 14:50,42094.62,1574.8,25.51,17.64
3/31/2015 15:00,42094.63,1573.4,25.53,17.63
3/31/2015 15:10,42094.63,1572.4,25.57,17.64
3/31/2015 15:20,42094.64,1571.1,25.54,17.64
3/31/2015 15:30,42094.65,1570.1,25.52,17.64
3/31/2015 15:40,42094.65,1569,25.53,17.63
3/31/2015 15:50,42094.66,1568.3,25.54,17.63
3/31/2015 16:00,42094.67,1567.3,25.52,17.64
3/31/2015 16:10,42094.67,1566.4,25.52,17.64
3/31/2015 16:20,42094.68,1565.7,25.51,17.64
3/31/2015 16:30,42094.69,1565.2,25.52,17.64
3/31/2015 16:40,42094.69,1564.9,25.58,17.63
3/31/2015 16:50,42094.70,1564.3,25.53,17.63
3/31/2015 17:00,42094.71,1564.2,25.54,17.63
3/31/2015 17:10,42094.72,1563.6,25.53,17.63
3/31/2015 17:20,42094.72,1563.8,25.53,17.63
3/31/2015 17:30,42094.73,1564,25.52,17.64
3/31/2015 17:40,42094.74,1564.3,25.52,17.64
3/31/2015 17:50,42094.74,1565.2,25.52,17.64
3/31/2015 18:00,42094.75,1565.9,25.53,17.63
3/31/2015 18:10,42094.76,1566.6,25.52,17.64
3/31/2015 18:20,42094.76,1567.8,25.52,17.64
3/31/2015 18:30,42094.77,1568.8,25.54,17.63
3/31/2015 18:40,42094.78,1570.4,25.54,17.63
3/31/2015 18:50,42094.78,1571.7,25.53,17.63
3/31/2015 19:00,42094.79,1573.4,25.54,17.63
3/31/2015 19:10,42094.80,1574.8,25.53,17.63
3/31/2015 19:20,42094.81,1576.4,25.53,17.63
3/31/2015 19:30,42094.81,1577.9,25.54,17.63
3/31/2015 19:40,42094.82,1579.6,25.55,17.64
3/31/2015 19:50,42094.83,1581.4,25.54,17.63
3/31/2015 20:00,42094.83,1582.9,25.55,17.63
3/31/2015 20:10,42094.84,1584.6,25.53,17.63
3/31/2015 20:20,42094.85,1586.5,25.53,17.63
3/31/2015 20:30,42094.85,1588.5,25.53,17.63
3/31/2015 20:40,42094.86,1591.9,25.53,17.63
3/31/2015 20:50,42094.87,1591.9,25.54,17.63
3/31/2015 21:00,42094.88,1593.6,25.53,17.63
3/31/2015 21:10,42094.88,1595.3,25.54,17.63
3/31/2015 21:20,42094.89,1596.5,25.54,17.63
3/31/2015 21:30,42094.90,1597.7,25.56,17.64
3/31/2015 21:40,42094.90,1599.3,25.52,17.64
3/31/2015 21:50,42094.91,1600.1,25.51,17.64
3/31/2015 22:00,42094.92,1601,25.53,17.63
3/31/2015 22:10,42094.92,1602.3,25.53,17.63
3/31/2015 22:20,42094.93,1602.7,25.54,17.63
3/31/2015 22:30,42094.94,1603.4,25.54,17.63
3/31/2015 22:40,42094.94,1603.9,25.54,17.63
3/31/2015 22:50,42094.95,1604.5,25.52,17.64
3/31/2015 23:00,42094.96,1604.6,25.55,17.63
3/31/2015 23:10,42094.97,1604.6,25.54,17.63
3/31/2015 23:20,42094.97,1604.9,25.53,17.63
3/31/2015 23:30,42094.98,1605,25.54,17.63
3/31/2015 23:40,42094.99,1604.5,25.52,17.64
3/31/2015 23:50,42094.99,1604.1,25.53,17.63
4/1/2015 0:00,42095.00,1603.4,25.53,17.63
4/1/2015 0:10,42095.01,1602.5,25.53,17.63
4/1/2015 0:20,42095.01,1601.5,25.52,17.64
4/1/2015 0:30,42095.02,1600.4,25.52,17.64
4/1/2015 0:40,42095.03,1599.2,25.55,17.64
4/1/2015 0:50,42095.03,1597.7,25.54,17.63
4/1/2015 1:00,42095.04,1596.1,25.55,17.64
4/1/2015 1:10,42095.05,1594.7,25.56,17.64
4/1/2015 1:20,42095.06,1593.3,25.55,17.64
4/1/2015 1:30,42095.06,1591.6,25.55,17.64
4/1/2015 1:40,42095.07,1589.9,25.54,17.63
4/1/2015 1:50,42095.08,1588.1,25.54,17.63
4/1/2015 2:00,42095.08,1586.6,25.52,17.64
4/1/2015 2:10,42095.09,1584.8,25.55,17.64
4/1/2015 2:20,42095.10,1583.1,25.55,17.64
4/1/2015 2:30,42095.10,1581.4,25.54,17.63
4/1/2015 2:40,42095.11,1580,25.53,17.63
4/1/2015 2:50,42095.12,1578.7,25.54,17.63
4/1/2015 3:00,42095.13,1577,25.52,17.64
4/1/2015 3:10,42095.13,1575.7,25.55,17.64
4/1/2015 3:20,42095.14,1574.4,25.52,17.64
4/1/2015 3:30,42095.15,1573.2,25.52,17.64
4/1/2015 3:40,42095.15,1572,25.51,17.64
4/1/2015 3:50,42095.16,1570.9,25.53,17.63
4/1/2015 4:00,42095.17,1570.1,25.57,17.64
4/1/2015 4:10,42095.17,1568.8,25.55,17.64
4/1/2015 4:20,42095.18,1568,25.53,17.63
4/1/2015 4:30,42095.19,1567.1,25.52,17.64
4/1/2015 4:40,42095.19,1566.3,25.51,17.64
4/1/2015 4:50,42095.20,1565.7,25.53,17.63
4/1/2015 5:00,42095.21,1565,25.53,17.63
4/1/2015 5:10,42095.22,1564.3,25.55,17.64
4/1/2015 5:20,42095.22,1564,25.53,17.63
4/1/2015 5:30,42095.23,1563.8,25.53,17.63
4/1/2015 5:40,42095.24,1563.5,25.53,17.63
4/1/2015 5:50,42095.24,1563.3,25.56,17.64
4/1/2015 6:00,42095.25,1563.8,25.56,17.64
4/1/2015 6:10,42095.26,1564,25.56,17.64
4/1/2015 6:20,42095.26,1564.5,25.53,17.63
4/1/2015 6:30,42095.27,1565.2,25.53,17.63
4/1/2015 6:40,42095.28,1566.3,25.54,17.63
4/1/2015 6:50,42095.28,1567.3,25.54,17.63
4/1/2015 7:00,42095.29,1568.5,25.52,17.64
4/1/2015 7:10,42095.30,1569.9,25.52,17.64
4/1/2015 7:20,42095.31,1571.5,25.54,17.63
4/1/2015 7:30,42095.31,1573.3,25.55,17.64
4/1/2015 7:40,42095.32,1574.8,25.52,17.64
4/1/2015 7:50,42095.33,1576.5,25.51,17.64
4/1/2015 8:00,42095.33,1578,25.54,17.63
4/1/2015 8:10,42095.34,1580,25.54,17.63
4/1/2015 8:20,42095.35,1581.5,25.56,17.64
4/1/2015 8:30,42095.35,1583.3,25.56,17.64
4/1/2015 8:40,42095.36,1585.2,25.54,17.63
4/1/2015 8:50,42095.37,1586.9,25.54,17.63
4/1/2015 9:00,42095.38,1588.8,25.55,17.64
4/1/2015 9:10,42095.38,1590.6,25.54,17.63
4/1/2015 9:20,42095.39,1592.3,25.54,17.63
4/1/2015 9:30,42095.40,1594,25.52,17.64
4/1/2015 9:40,42095.40,1595.7,25.53,17.63
4/1/2015 9:50,42095.41,1597.3,25.52,17.64
4/1/2015 10:00,42095.42,1598.4,25.54,17.63
4/1/2015 10:10,42095.42,1599.9,25.53,17.63
4/1/2015 10:20,42095.43,1600.9,25.53,17.63
4/1/2015 10:30,42095.44,1601.7,25.54,17.63
4/1/2015 10:40,42095.44,1602.5,25.54,17.63
4/1/2015 10:50,42095.45,1603.4,25.55,17.64
4/1/2015 11:00,42095.46,1603.9,25.51,17.64
4/1/2015 11:10,42095.47,1604.3,25.52,17.64
4/1/2015 11:20,42095.47,1605.1,25.53,17.63
4/1/2015 11:30,42095.48,1605.3,25.53,17.63
4/1/2015 11:40,42095.49,1605.3,25.54,17.63
4/1/2015 11:50,42095.49,1605.2,25.56,17.64
4/1/2015 12:00,42095.50,1605.1,25.55,17.64
4/1/2015 12:10,42095.51,1604.6,25.57,17.64
4/1/2015 12:20,42095.51,1603.9,25.55,17.64
4/1/2015 12:30,42095.52,1603.2,25.56,17.64
4/1/2015 12:40,42095.53,1602.4,25.54,17.63
4/1/2015 12:50,42095.53,1601.4,25.53,17.63
4/1/2015 13:00,42095.54,1600,25.53,17.63
4/1/2015 13:10,42095.55,1598.5,25.52,17.64
4/1/2015 13:20,42095.56,1597,25.53,17.63
4/1/2015 13:30,42095.56,1595.6,25.52,17.64
4/1/2015 13:40,42095.57,1593.7,25.53,17.63
4/1/2015 13:50,42095.58,1591.8,25.54,17.63
4/1/2015 14:00,42095.58,1589.9,25.54,17.63
4/1/2015 14:10,42095.59,1588.3,25.51,17.64
4/1/2015 14:20,42095.60,1586.2,25.52,17.64
4/1/2015 14:30,42095.60,1584.6,25.53,17.63
4/1/2015 14:40,42095.61,1582.8,25.54,17.64
4/1/2015 14:50,42095.62,1581,25.54,17.63
4/1/2015 15:00,42095.63,1579.4,25.52,17.64
4/1/2015 15:10,42095.63,1577.7,25.54,17.63
4/1/2015 15:20,42095.64,1576.1,25.51,17.64
4/1/2015 15:30,42095.65,1575,25.56,17.64
4/1/2015 15:40,42095.65,1573.7,25.53,17.63
4/1/2015 15:50,42095.66,1572,25.53,17.63
4/1/2015 16:00,42095.67,1570.8,25.51,17.64
4/1/2015 16:10,42095.67,1569.4,25.54,17.63
4/1/2015 16:20,42095.68,1568.3,25.55,17.64
4/1/2015 16:30,42095.69,1567.3,25.53,17.63
4/1/2015 16:40,42095.69,1566.4,25.52,17.64
4/1/2015 16:50,42095.70,1565.5,25.52,17.64
4/1/2015 17:00,42095.71,1564.9,25.52,17.64
4/1/2015 17:10,42095.72,1564.3,25.54,17.63
4/1/2015 17:20,42095.72,1563.9,25.53,17.63
4/1/2015 17:30,42095.73,1563.3,25.57,17.64
4/1/2015 17:40,42095.74,1562.8,25.57,17.64
4/1/2015 17:50,42095.74,1562.9,25.55,17.63
4/1/2015 18:00,42095.75,1561.8,25.53,17.63
4/1/2015 18:10,42095.76,1561.7,25.54,17.63
4/1/2015 18:20,42095.76,1562,25.53,17.63
4/1/2015 18:30,42095.77,1562.9,25.52,17.64
4/1/2015 18:40,42095.78,1563.6,25.52,17.64
4/1/2015 18:50,42095.78,1564.7,25.55,17.64
4/1/2015 19:00,42095.79,1565.7,25.52,17.64
4/1/2015 19:10,42095.80,1567.3,25.53,17.63
4/1/2015 19:20,42095.81,1569,25.53,17.63
4/1/2015 19:30,42095.81,1570.9,25.54,17.63
4/1/2015 19:40,42095.82,1573.2,25.56,17.64
4/1/2015 19:50,42095.83,1574.8,25.51,17.64
4/1/2015 20:00,42095.83,1576.8,25.53,17.63
4/1/2015 20:10,42095.84,1578.7,25.53,17.63
4/1/2015 20:20,42095.85,1580.5,25.54,17.63
4/1/2015 20:30,42095.85,1582.4,25.53,17.63
4/1/2015 20:40,42095.86,1584.8,25.5,17.64
4/1/2015 20:50,42095.87,1586.9,25.52,17.64
4/1/2015 21:00,42095.88,1588.8,25.52,17.64
4/1/2015 21:10,42095.88,1591.1,25.52,17.64
4/1/2015 21:20,42095.89,1593.2,25.52,17.64
4/1/2015 21:30,42095.90,1595.1,25.52,17.64
4/1/2015 21:40,42095.90,1597.4,25.53,17.63
4/1/2015 21:50,42095.91,1599.1,25.53,17.63
4/1/2015 22:00,42095.92,1600.8,25.51,17.64
4/1/2015 22:10,42095.92,1602.2,25.52,17.64
4/1/2015 22:20,42095.93,1603.4,25.56,17.64
4/1/2015 22:30,42095.94,1604.3,25.53,17.63
4/1/2015 22:40,42095.94,1605.2,25.52,17.64
4/1/2015 22:50,42095.95,1606.2,25.52,17.64
4/1/2015 23:00,42095.96,1606.6,25.55,17.63
4/1/2015 23:10,42095.97,1607.4,25.54,17.63
4/1/2015 23:20,42095.97,1608,25.54,17.64
4/1/2015 23:30,42095.98,1608.1,25.54,17.63
4/1/2015 23:40,42095.99,1608.3,25.54,17.63
4/1/2015 23:50,42095.99,1608.3,25.54,17.63
4/2/2015 0:00,42096.00,1608.4,25.52,17.64
4/2/2015 0:10,42096.01,1608.3,25.52,17.64
4/2/2015 0:20,42096.01,1607.9,25.52,17.64
4/2/2015 0:30,42096.02,1607.6,25.52,17.64
4/2/2015 0:40,42096.03,1606.9,25.52,17.64
4/2/2015 0:50,42096.03,1606.5,25.53,17.63
4/2/2015 1:00,42096.04,1605.6,25.53,17.63
4/2/2015 1:10,42096.05,1604.3,25.52,17.64
4/2/2015 1:20,42096.06,1602.7,25.56,17.64
4/2/2015 1:30,42096.06,1601.3,25.55,17.64
4/2/2015 1:40,42096.07,1599.5,25.57,17.64
4/2/2015 1:50,42096.08,1597.5,25.54,17.63
4/2/2015 2:00,42096.08,1595.3,25.53,17.63
4/2/2015 2:10,42096.09,1593.3,25.54,17.63
4/2/2015 2:20,42096.10,1591.1,25.52,17.64
4/2/2015 2:30,42096.10,1589.2,25.52,17.64
4/2/2015 2:40,42096.11,1587.3,25.54,17.64
4/2/2015 2:50,42096.12,1585.2,25.56,17.64
4/2/2015 3:00,42096.13,1583.1,25.56,17.64
4/2/2015 3:10,42096.13,1581.2,25.56,17.64
4/2/2015 3:20,42096.14,1579.1,25.54,17.63
4/2/2015 3:30,42096.15,1577.3,25.54,17.63
4/2/2015 3:40,42096.15,1575.9,25.53,17.63
4/2/2015 3:50,42096.16,1573.9,25.54,17.64
4/2/2015 4:00,42096.17,1572.3,25.55,17.64
4/2/2015 4:10,42096.17,1570.9,25.52,17.64
4/2/2015 4:20,42096.18,1569.4,25.52,17.64
4/2/2015 4:30,42096.19,1567.8,25.53,17.63
4/2/2015 4:40,42096.19,1566.8,25.53,17.63
4/2/2015 4:50,42096.20,1565.6,25.5,17.64
4/2/2015 5:00,42096.21,1564.3,25.54,17.63
4/2/2015 5:10,42096.22,1563.3,25.56,17.64
4/2/2015 5:20,42096.22,1562.4,25.52,17.64
4/2/2015 5:30,42096.23,1561.7,25.53,17.63
4/2/2015 5:40,42096.24,1560.8,25.54,17.63
4/2/2015 5:50,42096.24,1560.3,25.52,17.64
4/2/2015 6:00,42096.25,1560,25.51,17.64
4/2/2015 6:10,42096.26,1559.8,25.51,17.64
4/2/2015 6:20,42096.26,1559.8,25.52,17.64
4/2/2015 6:30,42096.27,1559.9,25.52,17.64
4/2/2015 6:40,42096.28,1560.5,25.53,17.63
4/2/2015 6:50,42096.28,1561.3,25.52,17.64
4/2/2015 7:00,42096.29,1562.4,25.54,17.63
4/2/2015 7:10,42096.30,1563.6,25.53,17.63
4/2/2015 7:20,42096.31,1565,25.54,17.63
4/2/2015 7:30,42096.31,1566.8,25.57,17.64
4/2/2015 7:40,42096.32,1568.4,25.55,17.64
4/2/2015 7:50,42096.33,1570.4,25.52,17.64
4/2/2015 8:00,42096.33,1572.1,25.52,17.64
4/2/2015 8:10,42096.34,1574.3,25.53,17.63
4/2/2015 8:20,42096.35,1576.3,25.53,17.63
4/2/2015 8:30,42096.35,1578.4,25.54,17.63
4/2/2015 8:40,42096.36,1580.5,25.51,17.64
4/2/2015 8:50,42096.37,1582.8,25.54,17.63
4/2/2015 9:00,42096.38,1584.9,25.55,17.64
4/2/2015 9:10,42096.38,1586.7,25.52,17.64
4/2/2015 9:20,42096.39,1589.7,25.53,17.63
4/2/2015 9:30,42096.40,1592,25.53,17.63
4/2/2015 9:40,42096.40,1594.6,25.52,17.64
4/2/2015 9:50,42096.41,1596.9,25.53,17.63
4/2/2015 10:00,42096.42,1598.8,25.53,17.63
4/2/2015 10:10,42096.42,1600.8,25.53,17.63
4/2/2015 10:20,42096.43,1602.5,25.55,17.64
4/2/2015 10:30,42096.44,1604.2,25.55,17.64
4/2/2015 10:40,42096.44,1605.2,25.54,17.63
4/2/2015 10:50,42096.45,1606.2,25.54,17.63
4/2/2015 11:00,42096.46,1606.9,25.54,17.63
4/2/2015 11:10,42096.47,1607.9,25.53,17.63
4/2/2015 11:20,42096.47,1608.1,25.53,17.63
4/2/2015 11:30,42096.48,1608.6,25.53,17.63
4/2/2015 11:40,42096.49,1608.7,25.53,17.63
4/2/2015 11:50,42096.49,1609,25.53,17.63
4/2/2015 12:00,42096.50,1609,25.51,17.64
4/2/2015 12:10,42096.51,1609,25.52,17.64
4/2/2015 12:20,42096.51,1608.6,25.54,17.63
4/2/2015 12:30,42096.52,1608.4,25.52,17.64
4/2/2015 12:40,42096.53,1608.4,25.54,17.63
4/2/2015 12:50,42096.53,1607.8,25.55,17.64
4/2/2015 13:00,42096.54,1607.1,25.55,17.64
4/2/2015 13:10,42096.55,1606,25.54,17.63
4/2/2015 13:20,42096.56,1605,25.53,17.63
4/2/2015 13:30,42096.56,1603.9,25.53,17.63
4/2/2015 13:40,42096.57,1602.3,25.52,17.64
4/2/2015 13:50,42096.58,1600.6,25.54,17.63
4/2/2015 14:00,42096.58,1598.6,25.57,17.64
4/2/2015 14:10,42096.59,1596.4,25.53,17.63
4/2/2015 14:20,42096.60,1594.2,25.53,17.63
4/2/2015 14:30,42096.60,1591.9,25.54,17.63
4/2/2015 14:40,42096.61,1589.5,25.52,17.64
4/2/2015 14:50,42096.62,1587.3,25.53,17.63
4/2/2015 15:00,42096.63,1584.8,25.55,17.64
4/2/2015 15:10,42096.63,1582.8,25.54,17.63
4/2/2015 15:20,42096.64,1580.5,25.54,17.63
4/2/2015 15:30,42096.65,1578.5,25.52,17.64
4/2/2015 15:40,42096.65,1576.8,25.53,17.63
4/2/2015 15:50,42096.66,1574.8,25.55,17.64
4/2/2015 16:00,42096.67,1572.9,25.54,17.63
4/2/2015 16:10,42096.67,1571.1,25.52,17.64
4/2/2015 16:20,42096.68,1569.4,25.54,17.63
4/2/2015 16:30,42096.69,1567.6,25.52,17.64
4/2/2015 16:40,42096.69,1566.3,25.52,17.64
4/2/2015 16:50,42096.70,1565.2,25.53,17.63
4/2/2015 17:00,42096.71,1563.6,25.53,17.63
4/2/2015 17:10,42096.72,1562.6,25.51,17.64
4/2/2015 17:20,42096.72,1561.5,25.51,17.64
4/2/2015 17:30,42096.73,1560.7,25.51,17.64
4/2/2015 17:40,42096.74,1559.7,25.52,17.64
4/2/2015 17:50,42096.74,1559.3,25.52,17.64
4/2/2015 18:00,42096.75,1558.6,25.53,17.63
4/2/2015 18:10,42096.76,1558.1,25.55,17.64
4/2/2015 18:20,42096.76,1557.6,25.53,17.63
4/2/2015 18:30,42096.77,1557.2,25.56,17.64
4/2/2015 18:40,42096.78,1557.4,25.53,17.63
4/2/2015 18:50,42096.78,1557.7,25.52,17.64
4/2/2015 19:00,42096.79,1558.3,25.51,17.64
4/2/2015 19:10,42096.80,1559.4,25.51,17.64
4/2/2015 19:20,42096.81,1560.7,25.5,17.64
4/2/2015 19:30,42096.81,1562.2,25.51,17.64
4/2/2015 19:40,42096.82,1563.5,25.52,17.64
4/2/2015 19:50,42096.83,1565.4,25.53,17.63
4/2/2015 20:00,42096.83,1567.3,25.51,17.64
4/2/2015 20:10,42096.84,1569.2,25.52,17.64
4/2/2015 20:20,42096.85,1571.6,25.51,17.64
4/2/2015 20:30,42096.85,1573.9,25.51,17.64
4/2/2015 20:40,42096.86,1576.1,25.52,17.64
4/2/2015 20:50,42096.87,1578.7,25.53,17.63
4/2/2015 21:00,42096.88,1580.5,25.53,17.63
4/2/2015 21:10,42096.88,1583,25.52,17.64
4/2/2015 21:20,42096.89,1585.3,25.52,17.64
4/2/2015 21:30,42096.90,1588,25.52,17.64
4/2/2015 21:40,42096.90,1590.8,25.52,17.64
4/2/2015 21:50,42096.91,1593.3,25.52,17.64
4/2/2015 22:00,42096.92,1595.8,25.53,17.63
4/2/2015 22:10,42096.92,1597.9,25.53,17.62
4/2/2015 22:20,42096.93,1599.8,25.53,17.63
4/2/2015 22:30,42096.94,1601.5,25.52,17.64
4/2/2015 22:40,42096.94,1603.1,25.52,17.64
4/2/2015 22:50,42096.95,1604.3,25.52,17.64
4/2/2015 23:00,42096.96,1605.3,25.52,17.64
4/2/2015 23:10,42096.97,1606.4,25.51,17.64
4/2/2015 23:20,42096.97,1607.1,25.52,17.64
4/2/2015 23:30,42096.98,1607.4,25.52,17.64
4/2/2015 23:40,42096.99,1608.1,25.55,17.63
4/2/2015 23:50,42096.99,1608.3,25.54,17.63
4/3/2015 0:00,42097.00,1608.4,25.53,17.63
4/3/2015 0:10,42097.01,1608.8,25.53,17.63
4/3/2015 0:20,42097.01,1608.9,25.53,17.63
4/3/2015 0:30,42097.02,1608.8,25.53,17.63
4/3/2015 0:40,42097.03,1608.6,25.52,17.64
4/3/2015 0:50,42097.03,1608.3,25.54,17.63
4/3/2015 1:00,42097.04,1607.8,25.54,17.63
4/3/2015 1:10,42097.05,1607.3,25.57,17.64
4/3/2015 1:20,42097.06,1607,25.53,17.63
4/3/2015 1:30,42097.06,1605.7,25.53,17.63
4/3/2015 1:40,42097.07,1604.5,25.55,17.64
4/3/2015 1:50,42097.08,1602.9,25.53,17.63
4/3/2015 2:00,42097.08,1601.1,25.52,17.64
4/3/2015 2:10,42097.09,1599.1,25.53,17.63
4/3/2015 2:20,42097.10,1596.8,25.5,17.64
4/3/2015 2:30,42097.10,1594.9,25.51,17.64
4/3/2015 2:40,42097.11,1592.6,25.51,17.64
4/3/2015 2:50,42097.12,1590.2,25.54,17.63
4/3/2015 3:00,42097.13,1587.9,25.55,17.64
4/3/2015 3:10,42097.13,1585.3,25.53,17.63
4/3/2015 3:20,42097.14,1582.6,25.52,17.64
4/3/2015 3:30,42097.15,1580.3,25.53,17.63
4/3/2015 3:40,42097.15,1578,25.54,17.63
4/3/2015 3:50,42097.16,1575.9,25.55,17.64
4/3/2015 4:00,42097.17,1574.2,25.55,17.64
4/3/2015 4:10,42097.17,1572.1,25.53,17.63
4/3/2015 4:20,42097.18,1570.3,25.55,17.64
4/3/2015 4:30,42097.19,1568.3,25.52,17.64
4/3/2015 4:40,42097.19,1566.9,25.52,17.64
4/3/2015 4:50,42097.20,1565.4,25.53,17.63
4/3/2015 5:00,42097.21,1564,25.53,17.63
4/3/2015 5:10,42097.22,1562.6,25.51,17.64
4/3/2015 5:20,42097.22,1561.4,25.5,17.64
4/3/2015 5:30,42097.23,1560.5,25.54,17.64
4/3/2015 5:40,42097.24,1559.4,25.54,17.63
4/3/2015 5:50,42097.24,1558.3,25.52,17.64
4/3/2015 6:00,42097.25,1557.3,25.52,17.64
4/3/2015 6:10,42097.26,1556.5,25.53,17.63
4/3/2015 6:20,42097.26,1556,25.56,17.64
4/3/2015 6:30,42097.27,1555.6,25.53,17.63
4/3/2015 6:40,42097.28,1555.5,25.58,17.63
4/3/2015 6:50,42097.28,1555.8,25.53,17.63
4/3/2015 7:00,42097.29,1555.8,25.53,17.63
4/3/2015 7:10,42097.30,1556.3,25.52,17.64
4/3/2015 7:20,42097.31,1557.4,25.52,17.64
4/3/2015 7:30,42097.31,1558.4,25.53,17.63
4/3/2015 7:40,42097.32,1560.3,25.53,17.63
4/3/2015 7:50,42097.33,1561.5,25.52,17.64
4/3/2015 8:00,42097.33,1563.6,25.53,17.63
4/3/2015 8:10,42097.34,1565.9,25.52,17.64
4/3/2015 8:20,42097.35,1568,25.54,17.64
4/3/2015 8:30,42097.35,1570.3,25.52,17.64
4/3/2015 8:40,42097.36,1573,25.54,17.63
4/3/2015 8:50,42097.37,1575.6,25.54,17.63
4/3/2015 9:00,42097.38,1578.5,25.53,17.63
4/3/2015 9:10,42097.38,1580.8,25.52,17.64
4/3/2015 9:20,42097.39,1583.4,25.52,17.64
4/3/2015 9:30,42097.40,1585.9,25.51,17.64
4/3/2015 9:40,42097.40,1588.4,25.52,17.64
4/3/2015 9:50,42097.41,1591.5,25.53,17.63
4/3/2015 10:00,42097.42,1594.1,25.53,17.63
4/3/2015 10:10,42097.42,1596.7,25.51,17.64
4/3/2015 10:20,42097.43,1599.3,25.52,17.64
4/3/2015 10:30,42097.44,1601.5,25.51,17.64
4/3/2015 10:40,42097.44,1603.2,25.52,17.64
4/3/2015 10:50,42097.45,1604.9,25.52,17.64
4/3/2015 11:00,42097.46,1606.4,25.53,17.63
4/3/2015 11:10,42097.47,1607.5,25.52,17.64
4/3/2015 11:20,42097.47,1608.4,25.53,17.63
4/3/2015 11:30,42097.48,1609.3,25.54,17.63
4/3/2015 11:40,42097.49,1609.7,25.53,17.63
4/3/2015 11:50,42097.49,1610.4,25.57,17.64
4/3/2015 12:00,42097.50,1610.5,25.54,17.63
4/3/2015 12:10,42097.51,1611,25.53,17.63
4/3/2015 12:20,42097.51,1611.2,25.53,17.63
4/3/2015 12:30,42097.52,1611.5,25.53,17.63
4/3/2015 12:40,42097.53,1611.4,25.55,17.63
4/3/2015 12:50,42097.53,1610.9,25.54,17.63
4/3/2015 13:00,42097.54,1610.9,25.57,17.64
4/3/2015 13:10,42097.55,1610.5,25.54,17.63
4/3/2015 13:20,42097.56,1609.8,25.54,17.63
4/3/2015 13:30,42097.56,1609,25.53,17.63
4/3/2015 13:40,42097.57,1607.8,25.52,17.64
4/3/2015 13:50,42097.58,1606.6,25.54,17.63
4/3/2015 14:00,42097.58,1604.8,25.52,17.64
4/3/2015 14:10,42097.59,1603.1,25.53,17.63
4/3/2015 14:20,42097.60,1601.3,25.52,17.64
4/3/2015 14:30,42097.60,1599.3,25.52,17.64
4/3/2015 14:40,42097.61,1597.2,25.54,17.63
4/3/2015 14:50,42097.62,1595,25.53,17.63
4/3/2015 15:00,42097.63,1592.3,25.53,17.63
4/3/2015 15:10,42097.63,1589.7,25.54,17.63
4/3/2015 15:20,42097.64,1587.2,25.55,17.64
4/3/2015 15:30,42097.65,1584.1,25.53,17.63
4/3/2015 15:40,42097.65,1581.5,25.52,17.64
4/3/2015 15:50,42097.66,1579.1,25.56,17.64
4/3/2015 16:00,42097.67,1576.6,25.52,17.64
4/3/2015 16:10,42097.67,1574.6,25.52,17.64
4/3/2015 16:20,42097.68,1572.5,25.54,17.63
4/3/2015 16:30,42097.69,1570.6,25.55,17.64
4/3/2015 16:40,42097.69,1568.8,25.55,17.64
4/3/2015 16:50,42097.70,1567.2,25.55,17.63
4/3/2015 17:00,42097.71,1565.9,25.55,17.64
4/3/2015 17:10,42097.72,1563.9,25.53,17.63
4/3/2015 17:20,42097.72,1562.6,25.55,17.64
4/3/2015 17:30,42097.73,1561.2,25.54,17.63
4/3/2015 17:40,42097.74,1559.8,25.56,17.64
4/3/2015 17:50,42097.74,1558.7,25.52,17.64
4/3/2015 18:00,42097.75,1557.5,25.52,17.64
4/3/2015 18:10,42097.76,1556.5,25.52,17.64
4/3/2015 18:20,42097.76,1555.8,25.5,17.64
4/3/2015 18:30,42097.77,1555.1,25.54,17.63
4/3/2015 18:40,42097.78,1554.8,25.51,17.64
4/3/2015 18:50,42097.78,1554.4,25.52,17.64
4/3/2015 19:00,42097.79,1554.4,25.52,17.64
4/3/2015 19:10,42097.80,1554.4,25.52,17.64
4/3/2015 19:20,42097.81,1554.9,25.5,17.64
4/3/2015 19:30,42097.81,1555.8,25.54,17.63
4/3/2015 19:40,42097.82,1556.9,25.53,17.63
4/3/2015 19:50,42097.83,1558.4,25.52,17.64
4/3/2015 20:00,42097.83,1559.8,25.54,17.64
4/3/2015 20:10,42097.84,1561.9,25.54,17.63
4/3/2015 20:20,42097.85,1564.7,25.53,17.63
4/3/2015 20:30,42097.85,1567,25.53,17.63
4/3/2015 20:40,42097.86,1569.5,25.52,17.64
4/3/2015 20:50,42097.87,1572.2,25.54,17.63
4/3/2015 21:00,42097.88,1575.1,25.54,17.63
4/3/2015 21:10,42097.88,1577.9,25.54,17.63
4/3/2015 21:20,42097.89,1580.5,25.53,17.63
4/3/2015 21:30,42097.90,1583.3,25.54,17.63
4/3/2015 21:40,42097.90,1585.8,25.52,17.64
4/3/2015 21:50,42097.91,1588.5,25.52,17.64
4/3/2015 22:00,42097.92,1591.5,25.54,17.63
4/3/2015 22:10,42097.92,1593.9,25.54,17.63
4/3/2015 22:20,42097.93,1596.8,25.55,17.64
4/3/2015 22:30,42097.94,1599.8,25.54,17.63
4/3/2015 22:40,42097.94,1602.2,25.56,17.64
4/3/2015 22:50,42097.95,1604.1,25.54,17.63
4/3/2015 23:00,42097.96,1605.7,25.55,17.64
4/3/2015 23:10,42097.97,1607.1,25.52,17.64
4/3/2015 23:20,42097.97,1608.4,25.51,17.64
4/3/2015 23:30,42097.98,1609.3,25.53,17.63
4/3/2015 23:40,42097.99,1610,25.52,17.64
4/3/2015 23:50,42097.99,1610.9,25.52,17.64
4/4/2015 0:00,42098.00,1611.4,25.51,17.64
4/4/2015 0:10,42098.01,1611.9,25.54,17.63
4/4/2015 0:20,42098.01,1612.3,25.58,17.63
4/4/2015 0:30,42098.02,1612.5,25.54,17.63
4/4/2015 0:40,42098.03,1612.5,25.53,17.63
4/4/2015 0:50,42098.03,1612.8,25.52,17.64
4/4/2015 1:00,42098.04,1612.8,25.51,17.64
4/4/2015 1:10,42098.05,1612.8,25.52,17.64
4/4/2015 1:20,42098.06,1612.3,25.52,17.64
4/4/2015 1:30,42098.06,1611.6,25.53,17.63
4/4/2015 1:40,42098.07,1610.7,25.54,17.63
4/4/2015 1:50,42098.08,1609.8,25.52,17.64
4/4/2015 2:00,42098.08,1608.9,25.53,17.63
4/4/2015 2:10,42098.09,1607.4,25.51,17.64
4/4/2015 2:20,42098.10,1605.5,25.54,17.63
4/4/2015 2:30,42098.10,1603.7,25.53,17.63
4/4/2015 2:40,42098.11,1601.8,25.52,17.64
4/4/2015 2:50,42098.12,1599.8,25.52,17.64
4/4/2015 3:00,42098.13,1597.6,25.52,17.64
4/4/2015 3:10,42098.13,1595.6,25.52,17.64
4/4/2015 3:20,42098.14,1593,25.51,17.64
4/4/2015 3:30,42098.15,1590.8,25.54,17.63
4/4/2015 3:40,42098.15,1588,25.52,17.64
4/4/2015 3:50,42098.16,1585.5,25.53,17.63
4/4/2015 4:00,42098.17,1582.8,25.55,17.64
4/4/2015 4:10,42098.17,1580,25.55,17.64
4/4/2015 4:20,42098.18,1577.3,25.54,17.63
4/4/2015 4:30,42098.19,1575.1,25.52,17.64
4/4/2015 4:40,42098.19,1572.5,25.51,17.64
4/4/2015 4:50,42098.20,1570.4,25.51,17.64
4/4/2015 5:00,42098.21,1568.5,25.52,17.64
4/4/2015 5:10,42098.22,1566.6,25.53,17.63
4/4/2015 5:20,42098.22,1565,25.51,17.64
4/4/2015 5:30,42098.23,1563.6,25.55,17.63
4/4/2015 5:40,42098.24,1562.2,25.54,17.64
4/4/2015 5:50,42098.24,1561,25.53,17.63
4/4/2015 6:00,42098.25,1559.6,25.55,17.64
4/4/2015 6:10,42098.26,1558.6,25.54,17.63
4/4/2015 6:20,42098.26,1557.7,25.52,17.64
4/4/2015 6:30,42098.27,1556.8,25.55,17.63
4/4/2015 6:40,42098.28,1555.9,25.55,17.63
4/4/2015 6:50,42098.28,1555.3,25.53,17.63
4/4/2015 7:00,42098.29,1554.7,25.52,17.64
4/4/2015 7:10,42098.30,1554.2,25.52,17.64
4/4/2015 7:20,42098.31,1554.1,25.53,17.63
4/4/2015 7:30,42098.31,1554.4,25.55,17.63
4/4/2015 7:40,42098.32,1554.8,25.54,17.63
4/4/2015 7:50,42098.33,1556,25.53,17.63
4/4/2015 8:00,42098.33,1557.5,25.55,17.64
4/4/2015 8:10,42098.34,1559.1,25.53,17.63
4/4/2015 8:20,42098.35,1560.8,25.53,17.63
4/4/2015 8:30,42098.35,1563.3,25.53,17.63
4/4/2015 8:40,42098.36,1565.7,25.5,17.64
4/4/2015 8:50,42098.37,1568.1,25.52,17.64
4/4/2015 9:00,42098.38,1570.9,25.53,17.63
4/4/2015 9:10,42098.38,1573.8,25.52,17.64
4/4/2015 9:20,42098.39,1576.6,25.55,17.64
4/4/2015 9:30,42098.40,1579.8,25.58,17.63
4/4/2015 9:40,42098.40,1582.6,25.55,17.64
4/4/2015 9:50,42098.41,1585.5,25.53,17.63
4/4/2015 10:00,42098.42,1588.1,25.52,17.64
4/4/2015 10:10,42098.42,1590.6,25.56,17.64
4/4/2015 10:20,42098.43,1593.9,25.53,17.63
4/4/2015 10:30,42098.44,1596.3,25.53,17.63
4/4/2015 10:40,42098.44,1599.5,25.53,17.63
4/4/2015 10:50,42098.45,1602.2,25.52,17.64
4/4/2015 11:00,42098.46,1604.6,25.53,17.63
4/4/2015 11:10,42098.47,1606.9,25.52,17.64
4/4/2015 11:20,42098.47,1608.4,25.52,17.64
4/4/2015 11:30,42098.48,1609.6,25.53,17.63
4/4/2015 11:40,42098.49,1610.7,25.51,17.64
4/4/2015 11:50,42098.49,1611.9,25.53,17.63
4/4/2015 12:00,42098.50,1612.8,25.53,17.63
4/4/2015 12:10,42098.51,1613.5,25.51,17.64
4/4/2015 12:20,42098.51,1614.4,25.53,17.63
4/4/2015 12:30,42098.52,1615.5,25.53,17.63
4/4/2015 12:40,42098.53,1616,25.55,17.64
4/4/2015 12:50,42098.53,1616.8,25.51,17.64
4/4/2015 13:00,42098.54,1617.3,25.51,17.64
4/4/2015 13:10,42098.55,1617.5,25.51,17.64
4/4/2015 13:20,42098.56,1617.3,25.5,17.64
4/4/2015 13:30,42098.56,1616.9,25.53,17.63
4/4/2015 13:40,42098.57,1616.1,25.52,17.64
4/4/2015 13:50,42098.58,1615.1,25.53,17.63
4/4/2015 14:00,42098.58,1613.9,25.54,17.63
4/4/2015 14:10,42098.59,1612.6,25.54,17.63
4/4/2015 14:20,42098.60,1610.9,25.57,17.64
4/4/2015 14:30,42098.60,1609.5,25.52,17.64
4/4/2015 14:40,42098.61,1607.4,25.53,17.63
4/4/2015 14:50,42098.62,1605.5,25.53,17.63
4/4/2015 15:00,42098.63,1603.4,25.51,17.64
4/4/2015 15:10,42098.63,1601.3,25.54,17.63
4/4/2015 15:20,42098.64,1599.5,25.54,17.64
4/4/2015 15:30,42098.65,1597,25.51,17.64
4/4/2015 15:40,42098.65,1594.6,25.55,17.64
4/4/2015 15:50,42098.66,1592.2,25.53,17.63
4/4/2015 16:00,42098.67,1589.9,25.53,17.63
4/4/2015 16:10,42098.67,1587.1,25.52,17.64
4/4/2015 16:20,42098.68,1584.5,25.51,17.64
4/4/2015 16:30,42098.69,1581.7,25.52,17.64
4/4/2015 16:40,42098.69,1578.7,25.54,17.63
4/4/2015 16:50,42098.70,1575.9,25.54,17.63
4/4/2015 17:00,42098.71,1573.5,25.55,17.64
4/4/2015 17:10,42098.72,1570.9,25.55,17.64
4/4/2015 17:20,42098.72,1569.2,25.52,17.64
4/4/2015 17:30,42098.73,1567.4,25.52,17.64
4/4/2015 17:40,42098.74,1565.6,25.51,17.64
4/4/2015 17:50,42098.74,1564.1,25.53,17.63
4/4/2015 18:00,42098.75,1562.9,25.54,17.64
4/4/2015 18:10,42098.76,1561.5,25.51,17.64
4/4/2015 18:20,42098.76,1560.3,25.52,17.64
4/4/2015 18:30,42098.77,1558.9,25.52,17.64
4/4/2015 18:40,42098.78,1557.7,25.51,17.64
4/4/2015 18:50,42098.78,1556.9,25.54,17.63
4/4/2015 19:00,42098.79,1556.2,25.53,17.63
4/4/2015 19:10,42098.80,1555.6,25.53,17.63
4/4/2015 19:20,42098.81,1555.3,25.5,17.64
4/4/2015 19:30,42098.81,1555.3,25.53,17.63
4/4/2015 19:40,42098.82,1555.5,25.54,17.63
4/4/2015 19:50,42098.83,1556.3,25.53,17.63
4/4/2015 20:00,42098.83,1556.9,25.53,17.63
4/4/2015 20:10,42098.84,1558.1,25.53,17.63
4/4/2015 20:20,42098.85,1559.6,25.51,17.64
4/4/2015 20:30,42098.85,1561.5,25.51,17.64
4/4/2015 20:40,42098.86,1563.8,25.5,17.64
4/4/2015 20:50,42098.87,1566,25.52,17.64
4/4/2015 21:00,42098.88,1568.5,25.54,17.63
4/4/2015 21:10,42098.88,1570.9,25.56,17.64
4/4/2015 21:20,42098.89,1574.1,25.52,17.64
4/4/2015 21:30,42098.90,1577,25.54,17.63
4/4/2015 21:40,42098.90,1581,25.53,17.63
4/4/2015 21:50,42098.91,1583.7,25.55,17.64
4/4/2015 22:00,42098.92,1586,25.52,17.64
4/4/2015 22:10,42098.92,1589.3,25.53,17.63
4/4/2015 22:20,42098.93,1591.9,25.52,17.64
4/4/2015 22:30,42098.94,1594.7,25.52,17.64
4/4/2015 22:40,42098.94,1597.4,25.54,17.63
4/4/2015 22:50,42098.95,1599.7,25.53,17.63
4/4/2015 23:00,42098.96,1603.1,25.54,17.63
4/4/2015 23:10,42098.97,1605.7,25.54,17.63
4/4/2015 23:20,42098.97,1607.6,25.55,17.64
4/4/2015 23:30,42098.98,1609.1,25.52,17.65
4/4/2015 23:40,42098.99,1610.2,25.54,17.63
4/4/2015 23:50,42098.99,1610.9,25.52,17.64
4/5/2015 0:00,42099.00,1611.4,25.51,17.64
4/5/2015 0:10,42099.01,1612.1,25.52,17.64
4/5/2015 0:20,42099.01,1612.8,25.55,17.64
4/5/2015 0:30,42099.02,1613,25.56,17.64
4/5/2015 0:40,42099.03,1613.7,25.53,17.63
4/5/2015 0:50,42099.03,1613.9,25.52,17.64
4/5/2015 1:00,42099.04,1614.3,25.52,17.64
4/5/2015 1:10,42099.05,1614.7,25.52,17.64
4/5/2015 1:20,42099.06,1614.9,25.54,17.63
4/5/2015 1:30,42099.06,1614.7,25.52,17.64
4/5/2015 1:40,42099.07,1614.7,25.53,17.63
4/5/2015 1:50,42099.08,1614.2,25.51,17.64
4/5/2015 2:00,42099.08,1613.3,25.52,17.64
4/5/2015 2:10,42099.09,1612.3,25.51,17.64
4/5/2015 2:20,42099.10,1611.1,25.56,17.64
4/5/2015 2:30,42099.10,1610,25.53,17.63
4/5/2015 2:40,42099.11,1608.1,25.54,17.64
4/5/2015 2:50,42099.12,1606.4,25.54,17.63
4/5/2015 3:00,42099.13,1604.6,25.56,17.64
4/5/2015 3:10,42099.13,1602.5,25.53,17.63
4/5/2015 3:20,42099.14,1600.4,25.55,17.64
4/5/2015 3:30,42099.15,1598.1,25.54,17.63
4/5/2015 3:40,42099.15,1595.8,25.54,17.63
4/5/2015 3:50,42099.16,1593.3,25.55,17.64
4/5/2015 4:00,42099.17,1590.8,25.52,17.64
4/5/2015 4:10,42099.17,1588,25.53,17.63
4/5/2015 4:20,42099.18,1585.2,25.57,17.64
4/5/2015 4:30,42099.19,1582.9,25.53,17.63
4/5/2015 4:40,42099.19,1580.3,25.54,17.64
4/5/2015 4:50,42099.20,1578,25.54,17.63
4/5/2015 5:00,42099.21,1575.9,25.53,17.63
4/5/2015 5:10,42099.22,1573.8,25.52,17.64
4/5/2015 5:20,42099.22,1572,25.53,17.63
4/5/2015 5:30,42099.23,1569.9,25.51,17.64
4/5/2015 5:40,42099.24,1568.3,25.56,17.64
4/5/2015 5:50,42099.24,1566.7,25.51,17.64
4/5/2015 6:00,42099.25,1565.4,25.5,17.64
4/5/2015 6:10,42099.26,1563.8,25.53,17.63
4/5/2015 6:20,42099.26,1562.8,25.54,17.63
4/5/2015 6:30,42099.27,1561.5,25.53,17.63
4/5/2015 6:40,42099.28,1560,25.52,17.64
4/5/2015 6:50,42099.28,1558.9,25.53,17.63
4/5/2015 7:00,42099.29,1557.9,25.51,17.64
4/5/2015 7:10,42099.30,1557.2,25.51,17.64
4/5/2015 7:20,42099.31,1556.3,25.52,17.64
4/5/2015 7:30,42099.31,1556.3,25.5,17.64
4/5/2015 7:40,42099.32,1556.2,25.51,17.64
4/5/2015 7:50,42099.33,1556.5,25.55,17.64
4/5/2015 8:00,42099.33,1556.7,25.5,17.64
4/5/2015 8:10,42099.34,1557.7,25.51,17.64
4/5/2015 8:20,42099.35,1558.9,25.51,17.64
4/5/2015 8:30,42099.35,1560.3,25.54,17.63
4/5/2015 8:40,42099.36,1562,25.55,17.64
4/5/2015 8:50,42099.37,1563.8,25.55,17.64
4/5/2015 9:00,42099.38,1566.3,25.51,17.64
4/5/2015 9:10,42099.38,1568.5,25.52,17.64
4/5/2015 9:20,42099.39,1571.3,25.52,17.64
4/5/2015 9:30,42099.40,1574.1,25.52,17.64
4/5/2015 9:40,42099.40,1577.2,25.52,17.64
4/5/2015 9:50,42099.41,1580.1,25.52,17.64
4/5/2015 10:00,42099.42,1583.1,25.52,17.64
4/5/2015 10:10,42099.42,1586.4,25.51,17.64
4/5/2015 10:20,42099.43,1589.5,25.53,17.63
4/5/2015 10:30,42099.44,1592.1,25.52,17.64
4/5/2015 10:40,42099.44,1594.9,25.51,17.64
4/5/2015 10:50,42099.45,1597.5,25.52,17.64
4/5/2015 11:00,42099.46,1600.9,25.52,17.64
4/5/2015 11:10,42099.47,1603.9,25.55,17.64
4/5/2015 11:20,42099.47,1606.6,25.52,17.64
4/5/2015 11:30,42099.48,1608.4,25.51,17.64
4/5/2015 11:40,42099.49,1610.7,25.53,17.63
4/5/2015 11:50,42099.49,1612.1,25.51,17.64
4/5/2015 12:00,42099.50,1613.3,25.53,17.63
4/5/2015 12:10,42099.51,1614.2,25.54,17.63
4/5/2015 12:20,42099.51,1615.6,25.53,17.63
4/5/2015 12:30,42099.52,1616.8,25.54,17.64
4/5/2015 12:40,42099.53,1617.7,25.53,17.63
4/5/2015 12:50,42099.53,1618.7,25.52,17.64
4/5/2015 13:00,42099.54,1619.8,25.52,17.64
4/5/2015 13:10,42099.55,1620.5,25.52,17.64
4/5/2015 13:20,42099.56,1620.5,25.53,17.63
4/5/2015 13:30,42099.56,1621.3,25.52,17.65
4/5/2015 13:40,42099.57,1621.3,25.53,17.63
4/5/2015 13:50,42099.58,1621,25.53,17.63
4/5/2015 14:00,42099.58,1620.6,25.54,17.64
4/5/2015 14:10,42099.59,1619.4,25.53,17.63
4/5/2015 14:20,42099.60,1618.5,25.54,17.63
4/5/2015 14:30,42099.60,1617.1,25.53,17.63
4/5/2015 14:40,42099.61,1615.6,25.52,17.64
4/5/2015 14:50,42099.62,1614.2,25.54,17.64
4/5/2015 15:00,42099.63,1612.8,25.54,17.63
4/5/2015 15:10,42099.63,1610.8,25.55,17.64
4/5/2015 15:20,42099.64,1609.3,25.52,17.64
4/5/2015 15:30,42099.65,1606.9,25.53,17.63
4/5/2015 15:40,42099.65,1605.3,25.52,17.64
4/5/2015 15:50,42099.66,1603.6,25.52,17.64
4/5/2015 16:00,42099.67,1601.5,25.53,17.63
4/5/2015 16:10,42099.67,1600,25.53,17.63
4/5/2015 16:20,42099.68,1597.1,25.52,17.64
4/5/2015 16:30,42099.69,1594.2,25.53,17.63
4/5/2015 16:40,42099.69,1591.9,25.51,17.64
4/5/2015 16:50,42099.70,1589.2,25.53,17.63
4/5/2015 17:00,42099.71,1587.6,25.54,17.63
4/5/2015 17:10,42099.72,1585.3,25.54,17.63
4/5/2015 17:20,42099.72,1582.1,25.53,17.63
4/5/2015 17:30,42099.73,1579.4,25.54,17.63
4/5/2015 17:40,42099.74,1576.8,25.51,17.64
4/5/2015 17:50,42099.74,1574.1,25.51,17.64
4/5/2015 18:00,42099.75,1571.8,25.52,17.64
4/5/2015 18:10,42099.76,1569.7,25.53,17.63
4/5/2015 18:20,42099.76,1568,25.56,17.64
4/5/2015 18:30,42099.77,1566.4,25.54,17.64
4/5/2015 18:40,42099.78,1564.7,25.56,17.64
4/5/2015 18:50,42099.78,1563.6,25.52,17.64
4/5/2015 19:00,42099.79,1562.2,25.53,17.63
4/5/2015 19:10,42099.80,1561,25.52,17.64
4/5/2015 19:20,42099.81,1560.1,25.51,17.64
4/5/2015 19:30,42099.81,1559.8,25.51,17.64
4/5/2015 19:40,42099.82,1558.7,25.53,17.63
4/5/2015 19:50,42099.83,1558.4,25.53,17.63
4/5/2015 20:00,42099.83,1558.4,25.52,17.64
4/5/2015 20:10,42099.84,1558.4,25.52,17.64
4/5/2015 20:20,42099.85,1558.3,25.51,17.64
4/5/2015 20:30,42099.85,1558.9,25.5,17.64
4/5/2015 20:40,42099.86,1559.8,25.52,17.64
4/5/2015 20:50,42099.87,1561,25.53,17.63
4/5/2015 21:00,42099.88,1562.2,25.52,17.64
4/5/2015 21:10,42099.88,1564,25.51,17.64
4/5/2015 21:20,42099.89,1565.9,25.51,17.64
4/5/2015 21:30,42099.90,1568.5,25.51,17.64
4/5/2015 21:40,42099.90,1571.5,25.54,17.64
4/5/2015 21:50,42099.91,1574.3,25.52,17.64
4/5/2015 22:00,42099.92,1576.8,25.51,17.64
4/5/2015 22:10,42099.92,1579.4,25.52,17.64
4/5/2015 22:20,42099.93,1582.4,25.51,17.64
4/5/2015 22:30,42099.94,1585.6,25.52,17.64
4/5/2015 22:40,42099.94,1588.3,25.52,17.64
4/5/2015 22:50,42099.95,1591.1,25.54,17.63
4/5/2015 23:00,42099.96,1594.2,25.53,17.63
4/5/2015 23:10,42099.97,1596.5,25.53,17.63
4/5/2015 23:20,42099.97,1599.3,25.52,17.64
4/5/2015 23:30,42099.98,1602.7,25.54,17.63
4/5/2015 23:40,42099.99,1605.3,25.52,17.64
4/5/2015 23:50,42099.99,1607.4,25.52,17.64
4/6/2015 0:00,42100.00,1609.1,25.56,17.64
4/6/2015 0:10,42100.01,1610.5,25.57,17.64
4/6/2015 0:20,42100.01,1611.7,25.53,17.63
4/6/2015 0:30,42100.02,1612.5,25.51,17.64
4/6/2015 0:40,42100.03,1613.3,25.52,17.64
4/6/2015 0:50,42100.03,1613.7,25.52,17.64
4/6/2015 1:00,42100.04,1614.3,25.52,17.64
4/6/2015 1:10,42100.05,1614.6,25.52,17.64
4/6/2015 1:20,42100.06,1614.9,25.53,17.63
4/6/2015 1:30,42100.06,1615.1,25.53,17.63
4/6/2015 1:40,42100.07,1615.3,25.54,17.63
4/6/2015 1:50,42100.08,1615.4,25.52,17.64
4/6/2015 2:00,42100.08,1615.6,25.54,17.63
4/6/2015 2:10,42100.09,1615.3,25.52,17.64
4/6/2015 2:20,42100.10,1614.9,25.53,17.63
4/6/2015 2:30,42100.10,1614.2,25.51,17.64
4/6/2015 2:40,42100.11,1613.5,25.5,17.64
4/6/2015 2:50,42100.12,1612.2,25.52,17.64
4/6/2015 3:00,42100.13,1611.2,25.51,17.64
4/6/2015 3:10,42100.13,1609.8,25.51,17.64
4/6/2015 3:20,42100.14,1607.8,25.53,17.63
4/6/2015 3:30,42100.15,1605.7,25.51,17.64
4/6/2015 3:40,42100.15,1603.4,25.53,17.63
4/6/2015 3:50,42100.16,1601.1,25.54,17.64
4/6/2015 4:00,42100.17,1598.8,25.52,17.64
4/6/2015 4:10,42100.17,1596.3,25.52,17.64
4/6/2015 4:20,42100.18,1593.9,25.51,17.64
4/6/2015 4:30,42100.19,1591.2,25.55,17.64
4/6/2015 4:40,42100.19,1588.3,25.53,17.63
4/6/2015 4:50,42100.20,1585.8,25.53,17.63
4/6/2015 5:00,42100.21,1583.4,25.55,17.64
4/6/2015 5:10,42100.22,1580.6,25.52,17.64
4/6/2015 5:20,42100.22,1578.2,25.51,17.64
4/6/2015 5:30,42100.23,1576.1,25.52,17.64
4/6/2015 5:40,42100.24,1574.1,25.51,17.64
4/6/2015 5:50,42100.24,1572.6,25.53,17.63
4/6/2015 6:00,42100.25,1570.6,25.55,17.64
4/6/2015 6:10,42100.26,1568.8,25.56,17.64
4/6/2015 6:20,42100.26,1567.6,25.54,17.64
4/6/2015 6:30,42100.27,1565.9,25.52,17.64
4/6/2015 6:40,42100.28,1564.9,25.53,17.63
4/6/2015 6:50,42100.28,1563.8,25.51,17.64
4/6/2015 7:00,42100.29,1562.4,25.54,17.64
4/6/2015 7:10,42100.30,1561.4,25.54,17.64
4/6/2015 7:20,42100.31,1559.8,25.52,17.64
4/6/2015 7:30,42100.31,1558.9,25.51,17.64
4/6/2015 7:40,42100.32,1558.3,25.56,17.64
4/6/2015 7:50,42100.33,1557.7,25.52,17.64
4/6/2015 8:00,42100.33,1557.2,25.52,17.64
4/6/2015 8:10,42100.34,1556.9,25.51,17.64
4/6/2015 8:20,42100.35,1557,25.5,17.64
4/6/2015 8:30,42100.35,1557.6,25.51,17.64
4/6/2015 8:40,42100.36,1558.1,25.51,17.64
4/6/2015 8:50,42100.37,1559.4,25.52,17.64
4/6/2015 9:00,42100.38,1560.8,25.55,17.64
4/6/2015 9:10,42100.38,1562.8,25.53,17.63
4/6/2015 9:20,42100.39,1564.9,25.51,17.64
4/6/2015 9:30,42100.40,1567.1,25.51,17.64
4/6/2015 9:40,42100.40,1569.6,25.52,17.64
4/6/2015 9:50,42100.41,1572.3,25.54,17.63
4/6/2015 10:00,42100.42,1575.4,25.55,17.64
4/6/2015 10:10,42100.42,1578,25.55,17.64
4/6/2015 10:20,42100.43,1581.2,25.51,17.64
4/6/2015 10:30,42100.44,1584.1,25.52,17.64
4/6/2015 10:40,42100.44,1587.3,25.51,17.64
4/6/2015 10:50,42100.45,1590.2,25.52,17.64
4/6/2015 11:00,42100.46,1592.6,25.53,17.63
4/6/2015 11:10,42100.47,1595.3,25.52,17.64
4/6/2015 11:20,42100.47,1598.1,25.51,17.64
4/6/2015 11:30,42100.48,1601.1,25.52,17.64
4/6/2015 11:40,42100.49,1604.1,25.53,17.63
4/6/2015 11:50,42100.49,1606.6,25.54,17.63
4/6/2015 12:00,42100.50,1609,25.52,17.64
4/6/2015 12:10,42100.51,1610.2,25.52,17.64
4/6/2015 12:20,42100.51,1611.9,25.52,17.64
4/6/2015 12:30,42100.52,1613.5,25.51,17.64
4/6/2015 12:40,42100.53,1614.6,25.53,17.63
4/6/2015 12:50,42100.53,1615.8,25.51,17.64
4/6/2015 13:00,42100.54,1616.5,25.52,17.64
4/6/2015 13:10,42100.55,1617.2,25.53,17.63
4/6/2015 13:20,42100.56,1617.9,25.55,17.64
4/6/2015 13:30,42100.56,1618.5,25.52,17.64
4/6/2015 13:40,42100.57,1619.4,25.51,17.64
4/6/2015 13:50,42100.58,1619.9,25.52,17.64
4/6/2015 14:00,42100.58,1620.3,25.52,17.64
4/6/2015 14:10,42100.59,1620.5,25.52,17.64
4/6/2015 14:20,42100.60,1620.4,25.53,17.63
4/6/2015 14:30,42100.60,1619.8,25.53,17.63
4/6/2015 14:40,42100.61,1619.1,25.52,17.64
4/6/2015 14:50,42100.62,1617.8,25.52,17.64
4/6/2015 15:00,42100.63,1616.7,25.52,17.64
4/6/2015 15:10,42100.63,1616.1,25.51,17.64
4/6/2015 15:20,42100.64,1614.7,25.53,17.63
4/6/2015 15:30,42100.65,1612.6,25.51,17.64
4/6/2015 15:40,42100.65,1610.9,25.51,17.64
4/6/2015 15:50,42100.66,1609,25.51,17.64
4/6/2015 16:00,42100.67,1607.4,25.52,17.64
4/6/2015 16:10,42100.67,1605.3,25.56,17.64
4/6/2015 16:20,42100.68,1603.2,25.53,17.63
4/6/2015 16:30,42100.69,1600.8,25.52,17.64
4/6/2015 16:40,42100.69,1598.6,25.54,17.64
4/6/2015 16:50,42100.70,1596.5,25.51,17.64
4/6/2015 17:00,42100.71,1594,25.52,17.64
4/6/2015 17:10,42100.72,1591.6,25.54,17.63
4/6/2015 17:20,42100.72,1588.7,25.52,17.64
4/6/2015 17:30,42100.73,1585.8,25.53,17.63
4/6/2015 17:40,42100.74,1582.9,25.53,17.63
4/6/2015 17:50,42100.74,1580.7,25.51,17.64
4/6/2015 18:00,42100.75,1579.1,25.54,17.63
4/6/2015 18:10,42100.76,1576.3,25.52,17.64
4/6/2015 18:20,42100.76,1574.3,25.52,17.64
4/6/2015 18:30,42100.77,1572.3,25.53,17.63
4/6/2015 18:40,42100.78,1570.8,25.54,17.63
4/6/2015 18:50,42100.78,1569.2,25.54,17.64
4/6/2015 19:00,42100.79,1568.1,25.51,17.64
4/6/2015 19:10,42100.80,1566.7,25.52,17.64
4/6/2015 19:20,42100.81,1565.9,25.52,17.64
4/6/2015 19:30,42100.81,1564,25.5,17.64
4/6/2015 19:40,42100.82,1563.5,25.52,17.64
4/6/2015 19:50,42100.83,1562.2,25.53,17.63
4/6/2015 20:00,42100.83,1561.9,25.5,17.64
4/6/2015 20:10,42100.84,1561.2,25.5,17.64
4/6/2015 20:20,42100.85,1560.8,25.52,17.64
4/6/2015 20:30,42100.85,1560.3,25.52,17.65
4/6/2015 20:40,42100.86,1560.3,25.52,17.64
4/6/2015 20:50,42100.87,1560.7,25.53,17.63
4/6/2015 21:00,42100.88,1561.1,25.57,17.64
4/6/2015 21:10,42100.88,1561.9,25.53,17.63
4/6/2015 21:20,42100.89,1563.9,25.53,17.63
4/6/2015 21:30,42100.90,1565.2,25.52,17.64
4/6/2015 21:40,42100.90,1567.1,25.5,17.64
4/6/2015 21:50,42100.91,1569.1,25.52,17.64
4/6/2015 22:00,42100.92,1571.3,25.51,17.64
4/6/2015 22:10,42100.92,1574.1,25.51,17.64
4/6/2015 22:20,42100.93,1576.5,25.52,17.64
4/6/2015 22:30,42100.94,1579.3,25.51,17.64
4/6/2015 22:40,42100.94,1581.7,25.54,17.63
4/6/2015 22:50,42100.95,1584.8,25.52,17.64
4/6/2015 23:00,42100.96,1587.8,25.51,17.64
4/6/2015 23:10,42100.97,1590.8,25.53,17.63
4/6/2015 23:20,42100.97,1592.9,25.52,17.64
4/6/2015 23:30,42100.98,1595.1,25.51,17.64
4/6/2015 23:40,42100.99,1597.9,25.55,17.64
4/6/2015 23:50,42100.99,1600.8,25.52,17.64
4/7/2015 0:00,42101.00,1603.6,25.51,17.64
4/7/2015 0:10,42101.01,1606,25.52,17.64
4/7/2015 0:20,42101.01,1608.1,25.53,17.63
4/7/2015 0:30,42101.02,1609.8,25.51,17.64
4/7/2015 0:40,42101.03,1611.2,25.51,17.64
4/7/2015 0:50,42101.03,1612.5,25.51,17.64
4/7/2015 1:00,42101.04,1613.3,25.52,17.64
4/7/2015 1:10,42101.05,1613.9,25.52,17.64
4/7/2015 1:20,42101.06,1614.7,25.51,17.64
4/7/2015 1:30,42101.06,1615.4,25.51,17.64
4/7/2015 1:40,42101.07,1615.7,25.53,17.63
4/7/2015 1:50,42101.08,1616,25.51,17.64
4/7/2015 2:00,42101.08,1616.3,25.51,17.64
4/7/2015 2:10,42101.09,1616.2,25.52,17.64
4/7/2015 2:20,42101.10,1616.5,25.53,17.63
4/7/2015 2:30,42101.10,1616.5,25.52,17.64
4/7/2015 2:40,42101.11,1616.3,25.53,17.63
4/7/2015 2:50,42101.12,1616,25.51,17.64
4/7/2015 3:00,42101.13,1615.1,25.52,17.64
4/7/2015 3:10,42101.13,1614.4,25.53,17.63
4/7/2015 3:20,42101.14,1613.3,25.52,17.64
4/7/2015 3:30,42101.15,1612.1,25.51,17.64
4/7/2015 3:40,42101.15,1610.7,25.52,17.64
4/7/2015 3:50,42101.16,1608.8,25.52,17.64
4/7/2015 4:00,42101.17,1606.9,25.5,17.64
4/7/2015 4:10,42101.17,1604.6,25.52,17.64
4/7/2015 4:20,42101.18,1602.5,25.52,17.64
4/7/2015 4:30,42101.19,1600.1,25.51,17.64
4/7/2015 4:40,42101.19,1597.9,25.51,17.64
4/7/2015 4:50,42101.20,1595.3,25.51,17.64
4/7/2015 5:00,42101.21,1592.5,25.51,17.64
4/7/2015 5:10,42101.22,1589.7,25.52,17.65
4/7/2015 5:20,42101.22,1587.4,25.52,17.64
4/7/2015 5:30,42101.23,1585.2,25.5,17.64
4/7/2015 5:40,42101.24,1582.8,25.51,17.64
4/7/2015 5:50,42101.24,1580.7,25.51,17.64
4/7/2015 6:00,42101.25,1578.9,25.51,17.64
4/7/2015 6:10,42101.26,1577.2,25.51,17.64
4/7/2015 6:20,42101.26,1575.2,25.53,17.63
4/7/2015 6:30,42101.27,1573.4,25.54,17.64
4/7/2015 6:40,42101.28,1572,25.53,17.63
4/7/2015 6:50,42101.28,1570.4,25.52,17.64
4/7/2015 7:00,42101.29,1569,25.51,17.64
4/7/2015 7:10,42101.30,1568,25.51,17.64
4/7/2015 7:20,42101.31,1566.6,25.5,17.64
4/7/2015 7:30,42101.31,1565.4,25.51,17.64
4/7/2015 7:40,42101.32,1564.3,25.51,17.64
4/7/2015 7:50,42101.33,1563.3,25.52,17.64
4/7/2015 8:00,42101.33,1562.4,25.53,17.63
4/7/2015 8:10,42101.34,1561.5,25.51,17.64
4/7/2015 8:20,42101.35,1561,25.49,17.63
4/7/2015 8:30,42101.35,1560.5,25.5,17.64
4/7/2015 8:40,42101.36,1560.1,25.52,17.64
4/7/2015 8:50,42101.37,1560.3,25.52,17.64
4/7/2015 9:00,42101.38,1560.7,25.51,17.64
4/7/2015 9:10,42101.38,1561.4,25.51,17.64
4/7/2015 9:20,42101.39,1562.4,25.51,17.64
4/7/2015 9:30,42101.40,1563.8,25.52,17.64
4/7/2015 9:40,42101.40,1565.6,25.5,17.64
4/7/2015 9:50,42101.41,1567.6,25.53,17.63
4/7/2015 10:00,42101.42,1569.7,25.51,17.64
4/7/2015 10:10,42101.42,1572,25.51,17.64
4/7/2015 10:20,42101.43,1574.8,25.53,17.63
4/7/2015 10:30,42101.44,1577.2,25.51,17.64
4/7/2015 10:40,42101.44,1580,25.51,17.64
4/7/2015 10:50,42101.45,1582.9,25.55,17.64
4/7/2015 11:00,42101.46,1585.9,25.51,17.64
4/7/2015 11:10,42101.47,1588.5,25.51,17.64
4/7/2015 11:20,42101.47,1591,25.57,17.64
4/7/2015 11:30,42101.48,1593.7,25.5,17.64
4/7/2015 11:40,42101.49,1596.3,25.5,17.64
4/7/2015 11:50,42101.49,1599.3,25.5,17.64
4/7/2015 12:00,42101.50,1601.8,25.52,17.64
4/7/2015 12:10,42101.51,1604.6,25.52,17.64
4/7/2015 12:20,42101.51,1607.4,25.52,17.64
4/7/2015 12:30,42101.52,1609.3,25.52,17.64
4/7/2015 12:40,42101.53,1611.2,25.53,17.63
4/7/2015 12:50,42101.53,1612.8,25.53,17.63
4/7/2015 13:00,42101.54,1614,25.52,17.64
4/7/2015 13:10,42101.55,1615.1,25.53,17.63
4/7/2015 13:20,42101.56,1616,25.55,17.64
4/7/2015 13:30,42101.56,1616.5,25.53,17.63
4/7/2015 13:40,42101.57,1617.1,25.52,17.64
4/7/2015 13:50,42101.58,1617.6,25.52,17.64
4/7/2015 14:00,42101.58,1618.1,25.52,17.64
4/7/2015 14:10,42101.59,1618.4,25.51,17.64
4/7/2015 14:20,42101.60,1618.7,25.52,17.64
4/7/2015 14:30,42101.60,1618.9,25.51,17.64
4/7/2015 14:40,42101.61,1618.9,25.51,17.64
4/7/2015 14:50,42101.62,1618.9,25.51,17.64
4/7/2015 15:00,42101.63,1618.7,25.52,17.64
4/7/2015 15:10,42101.63,1618.5,25.53,17.63
4/7/2015 15:20,42101.64,1617.8,25.51,17.64
4/7/2015 15:30,42101.65,1616.8,25.51,17.64
4/7/2015 15:40,42101.65,1615.6,25.52,17.65
4/7/2015 15:50,42101.66,1614.6,25.56,17.64
4/7/2015 16:00,42101.67,1612.5,25.55,17.64
4/7/2015 16:10,42101.67,1611.2,25.52,17.64
4/7/2015 16:20,42101.68,1609.1,25.51,17.64
4/7/2015 16:30,42101.69,1606.9,25.53,17.63
4/7/2015 16:40,42101.69,1604.8,25.55,17.64
4/7/2015 16:50,42101.70,1602.9,25.54,17.64
4/7/2015 17:00,42101.71,1600.4,25.54,17.63
4/7/2015 17:10,42101.72,1598.2,25.56,17.64
4/7/2015 17:20,42101.72,1595.8,25.56,17.64
4/7/2015 17:30,42101.73,1593.3,25.52,17.64
4/7/2015 17:40,42101.74,1590.2,25.51,17.64
4/7/2015 17:50,42101.74,1587.6,25.54,17.64
4/7/2015 18:00,42101.75,1584.6,25.56,17.64
4/7/2015 18:10,42101.76,1582.6,25.54,17.64
4/7/2015 18:20,42101.76,1580.8,25.51,17.64
4/7/2015 18:30,42101.77,1579.1,25.5,17.64
4/7/2015 18:40,42101.78,1577.5,25.5,17.64
4/7/2015 18:50,42101.78,1575.8,25.5,17.64
4/7/2015 19:00,42101.79,1574.1,25.51,17.64
4/7/2015 19:10,42101.80,1572.5,25.51,17.64
4/7/2015 19:20,42101.81,1570.8,25.51,17.64
4/7/2015 19:30,42101.81,1569.7,25.51,17.64
4/7/2015 19:40,42101.82,1568.5,25.51,17.64
4/7/2015 19:50,42101.83,1567.6,25.51,17.64
4/7/2015 20:00,42101.83,1567.1,25.5,17.64
4/7/2015 20:10,42101.84,1566.4,25.51,17.64
4/7/2015 20:20,42101.85,1565.6,25.53,17.63
4/7/2015 20:30,42101.85,1565.2,25.54,17.63
4/7/2015 20:40,42101.86,1565.6,25.52,17.64
4/7/2015 20:50,42101.87,1565.2,25.51,17.64
4/7/2015 21:00,42101.88,1565,25.52,17.64
4/7/2015 21:10,42101.88,1564.7,25.51,17.64
4/7/2015 21:20,42101.89,1564.7,25.52,17.64
4/7/2015 21:30,42101.90,1565.6,25.53,17.63
4/7/2015 21:40,42101.90,1566.4,25.55,17.64
4/7/2015 21:50,42101.91,1568.1,25.54,17.63
4/7/2015 22:00,42101.92,1570.2,25.52,17.64
4/7/2015 22:10,42101.92,1570.9,25.53,17.63
4/7/2015 22:20,42101.93,1572.3,25.52,17.64
4/7/2015 22:30,42101.94,1573.8,25.52,17.64
4/7/2015 22:40,42101.94,1575.4,25.5,17.64
4/7/2015 22:50,42101.95,1577.2,25.53,17.63
4/7/2015 23:00,42101.96,1579.4,25.52,17.64
4/7/2015 23:10,42101.97,1581,25.52,17.64
4/7/2015 23:20,42101.97,1583.4,25.53,17.63
4/7/2015 23:30,42101.98,1585.8,25.52,17.64
4/7/2015 23:40,42101.99,1588.7,25.51,17.64
4/7/2015 23:50,42101.99,1591.1,25.51,17.64
4/8/2015 0:00,42102.00,1593.3,25.54,17.63
4/8/2015 0:10,42102.01,1596,25.5,17.64
4/8/2015 0:20,42102.01,1598.6,25.53,17.63
4/8/2015 0:30,42102.02,1601.3,25.51,17.64
4/8/2015 0:40,42102.03,1603.6,25.51,17.64
4/8/2015 0:50,42102.03,1606,25.53,17.63
4/8/2015 1:00,42102.04,1607.7,25.53,17.63
4/8/2015 1:10,42102.05,1609.3,25.51,17.64
4/8/2015 1:20,42102.06,1610.4,25.52,17.64
4/8/2015 1:30,42102.06,1611.8,25.52,17.64
4/8/2015 1:40,42102.07,1612.8,25.52,17.64
4/8/2015 1:50,42102.08,1613.3,25.52,17.64
4/8/2015 2:00,42102.08,1614,25.51,17.64
4/8/2015 2:10,42102.09,1614.2,25.52,17.64
4/8/2015 2:20,42102.10,1614.3,25.52,17.64
4/8/2015 2:30,42102.10,1614.6,25.51,17.64
4/8/2015 2:40,42102.11,1614.4,25.51,17.64
4/8/2015 2:50,42102.12,1614.2,25.52,17.64
4/8/2015 3:00,42102.13,1613.7,25.53,17.63
4/8/2015 3:10,42102.13,1613.5,25.51,17.64
4/8/2015 3:20,42102.14,1613.2,25.53,17.63
4/8/2015 3:30,42102.15,1612.3,25.53,17.63
4/8/2015 3:40,42102.15,1611.6,25.51,17.64
4/8/2015 3:50,42102.16,1610.4,25.51,17.64
4/8/2015 4:00,42102.17,1609.7,25.52,17.64
4/8/2015 4:10,42102.17,1608.1,25.52,17.64
4/8/2015 4:20,42102.18,1606.6,25.52,17.64
4/8/2015 4:30,42102.19,1604.8,25.52,17.64
4/8/2015 4:40,42102.19,1602.5,25.52,17.64
4/8/2015 4:50,42102.20,1600,25.53,17.63
4/8/2015 5:00,42102.21,1597.5,25.52,17.64
4/8/2015 5:10,42102.22,1594.4,25.52,17.64
4/8/2015 5:20,42102.22,1592.5,25.52,17.64
4/8/2015 5:30,42102.23,1589.9,25.5,17.64
4/8/2015 5:40,42102.24,1587.6,25.51,17.64
4/8/2015 5:50,42102.24,1585.5,25.52,17.64
4/8/2015 6:00,42102.25,1583.6,25.5,17.64
4/8/2015 6:10,42102.26,1581.7,25.51,17.64
4/8/2015 6:20,42102.26,1579.9,25.52,17.64
4/8/2015 6:30,42102.27,1578.2,25.51,17.64
4/8/2015 6:40,42102.28,1576.6,25.51,17.64
4/8/2015 6:50,42102.28,1575.2,25.53,17.63
4/8/2015 7:00,42102.29,1574.3,25.51,17.64
4/8/2015 7:10,42102.30,1572.9,25.51,17.64
4/8/2015 7:20,42102.31,1571.1,25.53,17.63
4/8/2015 7:30,42102.31,1570,25.53,17.63
4/8/2015 7:40,42102.32,1568.4,25.52,17.64
4/8/2015 7:50,42102.33,1567.4,25.51,17.64
4/8/2015 8:00,42102.33,1566.6,25.52,17.64
4/8/2015 8:10,42102.34,1565.7,25.52,17.65
4/8/2015 8:20,42102.35,1564.9,25.5,17.64
4/8/2015 8:30,42102.35,1564.5,25.5,17.64
4/8/2015 8:40,42102.36,1563.6,25.52,17.64
4/8/2015 8:50,42102.37,1562.9,25.51,17.64
4/8/2015 9:00,42102.38,1562.6,25.5,17.64
4/8/2015 9:10,42102.38,1562.6,25.51,17.64
4/8/2015 9:20,42102.39,1562.8,25.53,17.63
4/8/2015 9:30,42102.40,1562.9,25.51,17.64
4/8/2015 9:40,42102.40,1563.6,25.52,17.64
4/8/2015 9:50,42102.41,1564.9,25.52,17.64
4/8/2015 10:00,42102.42,1565.9,25.51,17.64
4/8/2015 10:10,42102.42,1567.3,25.51,17.64
4/8/2015 10:20,42102.43,1569.5,25.52,17.64
4/8/2015 10:30,42102.44,1571.5,25.57,17.64
4/8/2015 10:40,42102.44,1573.4,25.54,17.63
4/8/2015 10:50,42102.45,1575.2,25.52,17.64
4/8/2015 11:00,42102.46,1578,25.51,17.64
4/8/2015 11:10,42102.47,1580.7,25.52,17.64
4/8/2015 11:20,42102.47,1583.1,25.52,17.64
4/8/2015 11:30,42102.48,1585.5,25.53,17.63
4/8/2015 11:40,42102.49,1588.4,25.52,17.64
4/8/2015 11:50,42102.49,1590.6,25.51,17.64
4/8/2015 12:00,42102.50,1592.4,25.52,17.64
4/8/2015 12:10,42102.51,1595.1,25.52,17.64
4/8/2015 12:20,42102.51,1597.8,25.53,17.63
4/8/2015 12:30,42102.52,1600.7,25.53,17.63
4/8/2015 12:40,42102.53,1603.4,25.55,17.64
4/8/2015 12:50,42102.53,1605.5,25.51,17.64
4/8/2015 13:00,42102.54,1607.6,25.51,17.64
4/8/2015 13:10,42102.55,1609.5,25.5,17.64
4/8/2015 13:20,42102.56,1610.9,25.5,17.64
4/8/2015 13:30,42102.56,1612.5,25.52,17.64
4/8/2015 13:40,42102.57,1613.7,25.53,17.63
4/8/2015 13:50,42102.58,1614.7,25.54,17.63
4/8/2015 14:00,42102.58,1615.7,25.53,17.63
4/8/2015 14:10,42102.59,1615.8,25.53,17.63
4/8/2015 14:20,42102.60,1616.7,25.52,17.64
4/8/2015 14:30,42102.60,1617,25.52,17.64
4/8/2015 14:40,42102.61,1617.5,25.51,17.64
4/8/2015 14:50,42102.62,1617.7,25.51,17.64
4/8/2015 15:00,42102.63,1617.7,25.54,17.64
4/8/2015 15:10,42102.63,1617.8,25.52,17.64
4/8/2015 15:20,42102.64,1617.7,25.51,17.64
4/8/2015 15:30,42102.65,1617.1,25.55,17.64
4/8/2015 15:40,42102.65,1617.3,25.56,17.64
4/8/2015 15:50,42102.66,1616.5,25.54,17.63
4/8/2015 16:00,42102.67,1615.6,25.53,17.63
4/8/2015 16:10,42102.67,1615.1,25.52,17.64
4/8/2015 16:20,42102.68,1614,25.51,17.64
4/8/2015 16:30,42102.69,1612.3,25.51,17.64
4/8/2015 16:40,42102.69,1610.5,25.52,17.64
4/8/2015 16:50,42102.70,1608.6,25.53,17.63
4/8/2015 17:00,42102.71,1606.9,25.53,17.63
4/8/2015 17:10,42102.72,1604.6,25.52,17.64
4/8/2015 17:20,42102.72,1602.5,25.56,17.64
4/8/2015 17:30,42102.73,1600.2,25.55,17.64
4/8/2015 17:40,42102.74,1597.7,25.52,17.64
4/8/2015 17:50,42102.74,1595.1,25.52,17.64
4/8/2015 18:00,42102.75,1592.6,25.5,17.64
4/8/2015 18:10,42102.76,1590.1,25.51,17.64
4/8/2015 18:20,42102.76,1587.8,25.51,17.64
4/8/2015 18:30,42102.77,1585.5,25.52,17.64
4/8/2015 18:40,42102.78,1583.4,25.53,17.63
4/8/2015 18:50,42102.78,1581.5,25.52,17.64
4/8/2015 19:00,42102.79,1579.7,25.53,17.63
4/8/2015 19:10,42102.80,1578,25.55,17.64
4/8/2015 19:20,42102.81,1576.1,25.53,17.63
4/8/2015 19:30,42102.81,1574.8,25.54,17.63
4/8/2015 19:40,42102.82,1573,25.5,17.64
4/8/2015 19:50,42102.83,1571.8,25.51,17.64
4/8/2015 20:00,42102.83,1570.6,25.53,17.63
4/8/2015 20:10,42102.84,1569.4,25.52,17.64
4/8/2015 20:20,42102.85,1568.1,25.54,17.63
4/8/2015 20:30,42102.85,1567.4,25.53,17.63
4/8/2015 20:40,42102.86,1566.4,25.5,17.64
4/8/2015 20:50,42102.87,1565.6,25.51,17.64
4/8/2015 21:00,42102.88,1564.7,25.5,17.64
4/8/2015 21:10,42102.88,1564.3,25.51,17.64
4/8/2015 21:20,42102.89,1563.6,25.52,17.64
4/8/2015 21:30,42102.90,1563.3,25.49,17.64
4/8/2015 21:40,42102.90,1563.5,25.49,17.63
4/8/2015 21:50,42102.91,1564.2,25.51,17.64
4/8/2015 22:00,42102.92,1564.3,25.55,17.64
4/8/2015 22:10,42102.92,1565.4,25.52,17.64
4/8/2015 22:20,42102.93,1566.6,25.56,17.64
4/8/2015 22:30,42102.94,1568,25.5,17.64
4/8/2015 22:40,42102.94,1569.4,25.53,17.63
4/8/2015 22:50,42102.95,1571.3,25.54,17.63
4/8/2015 23:00,42102.96,1573,25.53,17.63
4/8/2015 23:10,42102.97,1574.8,25.53,17.63
4/8/2015 23:20,42102.97,1576.4,25.52,17.64
4/8/2015 23:30,42102.98,1578.9,25.5,17.64
4/8/2015 23:40,42102.99,1581,25.51,17.64
4/8/2015 23:50,42102.99,1583.3,25.54,17.63
4/9/2015 0:00,42103.00,1585.2,25.53,17.63
4/9/2015 0:10,42103.01,1587.4,25.52,17.64
4/9/2015 0:20,42103.01,1589,25.52,17.64
4/9/2015 0:30,42103.02,1590.9,25.5,17.64
4/9/2015 0:40,42103.03,1593.3,25.52,17.64
4/9/2015 0:50,42103.03,1595.6,25.51,17.64
4/9/2015 1:00,42103.04,1598.3,25.52,17.64
4/9/2015 1:10,42103.05,1601,25.52,17.64
4/9/2015 1:20,42103.06,1603,25.57,17.64
4/9/2015 1:30,42103.06,1604.3,25.53,17.63
4/9/2015 1:40,42103.07,1605.9,25.53,17.63
4/9/2015 1:50,42103.08,1607.1,25.51,17.64
4/9/2015 2:00,42103.08,1608.6,25.52,17.64
4/9/2015 2:10,42103.09,1609.7,25.52,17.64
4/9/2015 2:20,42103.10,1610.5,25.51,17.64
4/9/2015 2:30,42103.10,1611.2,25.53,17.63
4/9/2015 2:40,42103.11,1611.5,25.52,17.64
4/9/2015 2:50,42103.12,1611.8,25.51,17.64
4/9/2015 3:00,42103.13,1612.1,25.53,17.63
4/9/2015 3:10,42103.13,1612.5,25.53,17.63
4/9/2015 3:20,42103.14,1612.8,25.53,17.63
4/9/2015 3:30,42103.15,1612.3,25.56,17.64
4/9/2015 3:40,42103.15,1611.9,25.54,17.63
4/9/2015 3:50,42103.16,1611.2,25.52,17.64
4/9/2015 4:00,42103.17,1610.4,25.52,17.64
4/9/2015 4:10,42103.17,1609.7,25.51,17.64
4/9/2015 4:20,42103.18,1608.3,25.52,17.64
4/9/2015 4:30,42103.19,1607.1,25.52,17.64
4/9/2015 4:40,42103.19,1605.5,25.52,17.64
4/9/2015 4:50,42103.20,1603.9,25.52,17.64
4/9/2015 5:00,42103.21,1602,25.51,17.64
4/9/2015 5:10,42103.22,1600,25.51,17.64
4/9/2015 5:20,42103.22,1597.9,25.53,17.63
4/9/2015 5:30,42103.23,1596.1,25.53,17.63
4/9/2015 5:40,42103.24,1594.2,25.5,17.64
4/9/2015 5:50,42103.24,1592.3,25.51,17.64
4/9/2015 6:00,42103.25,1590.6,25.52,17.64
4/9/2015 6:10,42103.26,1588.7,25.53,17.63
4/9/2015 6:20,42103.26,1586.7,25.52,17.64
4/9/2015 6:30,42103.27,1584.8,25.51,17.64
4/9/2015 6:40,42103.28,1582.8,25.52,17.64
4/9/2015 6:50,42103.28,1581,25.52,17.64
4/9/2015 7:00,42103.29,1579.4,25.51,17.64
4/9/2015 7:10,42103.30,1578.2,25.51,17.64
4/9/2015 7:20,42103.31,1577.1,25.53,17.63
4/9/2015 7:30,42103.31,1575.4,25.52,17.64
4/9/2015 7:40,42103.32,1574.1,25.52,17.64
4/9/2015 7:50,42103.33,1572.9,25.52,17.64
4/9/2015 8:00,42103.33,1571.5,25.5,17.64
4/9/2015 8:10,42103.34,1570.4,25.52,17.64
4/9/2015 8:20,42103.35,1569.5,25.51,17.64
4/9/2015 8:30,42103.35,1568.6,25.52,17.64
4/9/2015 8:40,42103.36,1567.7,25.55,17.64
4/9/2015 8:50,42103.37,1566.8,25.52,17.64
4/9/2015 9:00,42103.38,1566.1,25.49,17.64
4/9/2015 9:10,42103.38,1565.4,25.49,17.63
4/9/2015 9:20,42103.39,1564.7,25.49,17.64
4/9/2015 9:30,42103.40,1564.5,25.5,17.64
4/9/2015 9:40,42103.40,1564.2,25.51,17.64
4/9/2015 9:50,42103.41,1564.3,25.53,17.63
4/9/2015 10:00,42103.42,1564.3,25.56,17.64
4/9/2015 10:10,42103.42,1564.7,25.52,17.64
4/9/2015 10:20,42103.43,1565.6,25.51,17.64
4/9/2015 10:30,42103.44,1566.6,25.52,17.64
4/9/2015 10:40,42103.44,1567.5,25.52,17.64
4/9/2015 10:50,42103.45,1568.8,25.51,17.64
4/9/2015 11:00,42103.46,1570.6,25.54,17.64
4/9/2015 11:10,42103.47,1572.3,25.53,17.62
4/9/2015 11:20,42103.47,1574.3,25.51,17.64
4/9/2015 11:30,42103.48,1576.1,25.52,17.64
4/9/2015 11:40,42103.49,1578,25.51,17.64
4/9/2015 11:50,42103.49,1580.3,25.51,17.64
4/9/2015 12:00,42103.50,1582.4,25.5,17.64
4/9/2015 12:10,42103.51,1584.5,25.53,17.63
4/9/2015 12:20,42103.51,1586.6,25.49,17.64
4/9/2015 12:30,42103.52,1588.3,25.5,17.64
4/9/2015 12:40,42103.53,1590.8,25.5,17.64
4/9/2015 12:50,42103.53,1593,25.51,17.64
4/9/2015 13:00,42103.54,1595.3,25.51,17.64
4/9/2015 13:10,42103.55,1597.7,25.52,17.64
4/9/2015 13:20,42103.56,1600,25.5,17.64
4/9/2015 13:30,42103.56,1601.6,25.52,17.64
4/9/2015 13:40,42103.57,1603.4,25.51,17.64
4/9/2015 13:50,42103.58,1605.3,25.51,17.64
4/9/2015 14:00,42103.58,1606.9,25.5,17.64
4/9/2015 14:10,42103.59,1608,25.52,17.64
4/9/2015 14:20,42103.60,1609.3,25.52,17.64
4/9/2015 14:30,42103.60,1610.4,25.51,17.64
4/9/2015 14:40,42103.61,1611.2,25.5,17.64
4/9/2015 14:50,42103.62,1611.9,25.51,17.64
4/9/2015 15:00,42103.63,1612.6,25.52,17.64
4/9/2015 15:10,42103.63,1613,25.5,17.64
4/9/2015 15:20,42103.64,1613.2,25.51,17.64
4/9/2015 15:30,42103.65,1613.3,25.53,17.63
4/9/2015 15:40,42103.65,1613.4,25.52,17.64
4/9/2015 15:50,42103.66,1613.5,25.53,17.63
4/9/2015 16:00,42103.67,1613.3,25.51,17.64
4/9/2015 16:10,42103.67,1613.2,25.54,17.63
4/9/2015 16:20,42103.68,1612.8,25.55,17.64
4/9/2015 16:30,42103.69,1612.3,25.52,17.64
4/9/2015 16:40,42103.69,1611.4,25.5,17.64
4/9/2015 16:50,42103.70,1610.5,25.52,17.64
4/9/2015 17:00,42103.71,1609,25.51,17.64
4/9/2015 17:10,42103.72,1607.3,25.53,17.63
4/9/2015 17:20,42103.72,1605.5,25.52,17.64
4/9/2015 17:30,42103.73,1603.6,25.52,17.64
4/9/2015 17:40,42103.74,1602,25.53,17.63
4/9/2015 17:50,42103.74,1599.8,25.53,17.63
4/9/2015 18:00,42103.75,1597.5,25.55,17.64
4/9/2015 18:10,42103.76,1595.6,25.52,17.64
4/9/2015 18:20,42103.76,1593.3,25.53,17.63
4/9/2015 18:30,42103.77,1591.5,25.51,17.64
4/9/2015 18:40,42103.78,1589.5,25.52,17.64
4/9/2015 18:50,42103.78,1587.4,25.5,17.64
4/9/2015 19:00,42103.79,1585.3,25.51,17.64
4/9/2015 19:10,42103.80,1583.9,25.5,17.64
4/9/2015 19:20,42103.81,1582.1,25.5,17.64
4/9/2015 19:30,42103.81,1580.3,25.51,17.64
4/9/2015 19:40,42103.82,1578.6,25.52,17.65
4/9/2015 19:50,42103.83,1577.3,25.52,17.64
4/9/2015 20:00,42103.83,1575.9,25.52,17.65
4/9/2015 20:10,42103.84,1574.8,25.5,17.64
4/9/2015 20:20,42103.85,1573.3,25.52,17.64
4/9/2015 20:30,42103.85,1572.3,25.51,17.64
4/9/2015 20:40,42103.86,1571.1,25.5,17.64
4/9/2015 20:50,42103.87,1570.4,25.5,17.64
4/9/2015 21:00,42103.88,1569.4,25.51,17.64
4/9/2015 21:10,42103.88,1568.5,25.52,17.64
4/9/2015 21:20,42103.89,1567.6,25.52,17.64
4/9/2015 21:30,42103.90,1567.4,25.53,17.63
4/9/2015 21:40,42103.90,1566.6,25.55,17.64
4/9/2015 21:50,42103.91,1566.4,25.57,17.64
4/9/2015 22:00,42103.92,1566.1,25.54,17.64
4/9/2015 22:10,42103.92,1565.9,25.5,17.64
4/9/2015 22:20,42103.93,1565.9,25.5,17.64
4/9/2015 22:30,42103.94,1566.4,25.52,17.64
4/9/2015 22:40,42103.94,1566.7,25.52,17.64
4/9/2015 22:50,42103.95,1567.6,25.52,17.65
4/9/2015 23:00,42103.96,1568.7,25.55,17.64
4/9/2015 23:10,42103.97,1569.7,25.54,17.63
4/9/2015 23:20,42103.97,1571.3,25.51,17.64
4/9/2015 23:30,42103.98,1572.9,25.52,17.64
4/9/2015 23:40,42103.99,1574.4,25.5,17.64
4/9/2015 23:50,42103.99,1576.1,25.53,17.63
4/10/2015 0:00,42104.00,1578,25.51,17.64
4/10/2015 0:10,42104.01,1579.8,25.51,17.64
4/10/2015 0:20,42104.01,1581.7,25.5,17.64
4/10/2015 0:30,42104.02,1583.4,25.54,17.63
4/10/2015 0:40,42104.03,1585.2,25.51,17.64
4/10/2015 0:50,42104.03,1587.1,25.51,17.64
4/10/2015 1:00,42104.04,1588.8,25.51,17.64
4/10/2015 1:10,42104.05,1590.8,25.5,17.64
4/10/2015 1:20,42104.06,1593,25.51,17.64
4/10/2015 1:30,42104.06,1594.9,25.5,17.64
4/10/2015 1:40,42104.07,1596.9,25.52,17.64
4/10/2015 1:50,42104.08,1598.6,25.51,17.64
4/10/2015 2:00,42104.08,1600.1,25.51,17.64
4/10/2015 2:10,42104.09,1601.7,25.5,17.64
4/10/2015 2:20,42104.10,1602.9,25.5,17.64
4/10/2015 2:30,42104.10,1603.9,25.52,17.64
4/10/2015 2:40,42104.11,1605,25.53,17.63
4/10/2015 2:50,42104.12,1605.8,25.52,17.64
4/10/2015 3:00,42104.13,1606.8,25.52,17.64
4/10/2015 3:10,42104.13,1607.3,25.51,17.64
4/10/2015 3:20,42104.14,1608.3,25.51,17.64
4/10/2015 3:30,42104.15,1608.6,25.5,17.64
4/10/2015 3:40,42104.15,1609.1,25.5,17.64
4/10/2015 3:50,42104.16,1609.3,25.51,17.64
4/10/2015 4:00,42104.17,1609.5,25.5,17.64
4/10/2015 4:10,42104.17,1609.3,25.51,17.64
4/10/2015 4:20,42104.18,1609.1,25.5,17.64
4/10/2015 4:30,42104.19,1608.4,25.5,17.64
4/10/2015 4:40,42104.19,1607.8,25.51,17.64
4/10/2015 4:50,42104.20,1606.7,25.54,17.63
4/10/2015 5:00,42104.21,1605.5,25.52,17.65
4/10/2015 5:10,42104.22,1604.1,25.5,17.64
4/10/2015 5:20,42104.22,1602.5,25.49,17.64
4/10/2015 5:30,42104.23,1601.1,25.51,17.64
4/10/2015 5:40,42104.24,1599.5,25.5,17.64
4/10/2015 5:50,42104.24,1597.9,25.51,17.64
4/10/2015 6:00,42104.25,1596,25.53,17.63
4/10/2015 6:10,42104.26,1594.6,25.55,17.64
4/10/2015 6:20,42104.26,1592.6,25.5,17.64
4/10/2015 6:30,42104.27,1590.8,25.51,17.64
4/10/2015 6:40,42104.28,1589.2,25.5,17.64
4/10/2015 6:50,42104.28,1587.4,25.5,17.64
4/10/2015 7:00,42104.29,1586,25.5,17.64
4/10/2015 7:10,42104.30,1584.3,25.5,17.64
4/10/2015 7:20,42104.31,1582.8,25.51,17.64
4/10/2015 7:30,42104.31,1581.4,25.5,17.64
4/10/2015 7:40,42104.32,1579.8,25.54,17.64
4/10/2015 7:50,42104.33,1578.5,25.53,17.63
4/10/2015 8:00,42104.33,1577.3,25.5,17.64
4/10/2015 8:10,42104.34,1576.1,25.5,17.64
4/10/2015 8:20,42104.35,1575,25.48,17.63
4/10/2015 8:30,42104.35,1573.9,25.5,17.64
4/10/2015 8:40,42104.36,1572.8,25.52,17.64
4/10/2015 8:50,42104.37,1571.8,25.49,17.64
4/10/2015 9:00,42104.38,1570.9,25.52,17.64
4/10/2015 9:10,42104.38,1570.1,25.54,17.64
4/10/2015 9:20,42104.39,1568.8,25.5,17.64
4/10/2015 9:30,42104.40,1568.7,25.53,17.63
4/10/2015 9:40,42104.40,1567.8,25.51,17.64
4/10/2015 9:50,42104.41,1567.4,25.5,17.64
4/10/2015 10:00,42104.42,1567.1,25.51,17.64
4/10/2015 10:10,42104.42,1566.6,25.51,17.64
4/10/2015 10:20,42104.43,1566.6,25.52,17.64
4/10/2015 10:30,42104.44,1566.4,25.5,17.64
4/10/2015 10:40,42104.44,1566.9,25.5,17.64
4/10/2015 10:50,42104.45,1567.3,25.51,17.64
4/10/2015 11:00,42104.46,1568.1,25.51,17.64
4/10/2015 11:10,42104.47,1569.4,25.51,17.64
4/10/2015 11:20,42104.47,1570.4,25.5,17.64
4/10/2015 11:30,42104.48,1571.5,25.5,17.64
4/10/2015 11:40,42104.49,1572.7,25.5,17.64
4/10/2015 11:50,42104.49,1574.4,25.52,17.64
4/10/2015 12:00,42104.50,1576.2,25.53,17.63
4/10/2015 12:10,42104.51,1578,25.49,17.64
4/10/2015 12:20,42104.51,1579.8,25.5,17.64
4/10/2015 12:30,42104.52,1581.5,25.5,17.64
4/10/2015 12:40,42104.53,1583.3,25.51,17.64
4/10/2015 12:50,42104.53,1584.6,25.51,17.64
4/10/2015 13:00,42104.54,1586.7,25.5,17.64
4/10/2015 13:10,42104.55,1588.7,25.5,17.64
4/10/2015 13:20,42104.56,1590.8,25.49,17.64
4/10/2015 13:30,42104.56,1593.2,25.5,17.64
4/10/2015 13:40,42104.57,1595,25.52,17.64
4/10/2015 13:50,42104.58,1597.4,25.49,17.64
4/10/2015 14:00,42104.58,1598.9,25.51,17.64
4/10/2015 14:10,42104.59,1600.8,25.5,17.64
4/10/2015 14:20,42104.60,1602.4,25.5,17.64
4/10/2015 14:30,42104.60,1603.8,25.5,17.64
4/10/2015 14:40,42104.61,1604.9,25.52,17.64
4/10/2015 14:50,42104.62,1606.4,25.54,17.63
4/10/2015 15:00,42104.63,1607.6,25.5,17.64
4/10/2015 15:10,42104.63,1608.3,25.51,17.64
4/10/2015 15:20,42104.64,1609,25.53,17.63
4/10/2015 15:30,42104.65,1609.7,25.51,17.64
4/10/2015 15:40,42104.65,1610.4,25.51,17.64
4/10/2015 15:50,42104.66,1610.7,25.51,17.64
4/10/2015 16:00,42104.67,1611.1,25.53,17.63
4/10/2015 16:10,42104.67,1611,25.52,17.64
4/10/2015 16:20,42104.68,1611.2,25.5,17.64
4/10/2015 16:30,42104.69,1611.1,25.51,17.64
4/10/2015 16:40,42104.69,1610.7,25.5,17.64
4/10/2015 16:50,42104.70,1610.2,25.5,17.64
4/10/2015 17:00,42104.71,1609.8,25.5,17.64
4/10/2015 17:10,42104.72,1609.1,25.5,17.64
4/10/2015 17:20,42104.72,1608.4,25.5,17.64
4/10/2015 17:30,42104.73,1607.1,25.51,17.64
4/10/2015 17:40,42104.74,1605.7,25.5,17.64
4/10/2015 17:50,42104.74,1604.5,25.52,17.64
4/10/2015 18:00,42104.75,1602.9,25.51,17.64
4/10/2015 18:10,42104.76,1601.1,25.51,17.64
4/10/2015 18:20,42104.76,1599.6,25.54,17.63
4/10/2015 18:30,42104.77,1597.9,25.52,17.64
4/10/2015 18:40,42104.78,1596.3,25.49,17.64
4/10/2015 18:50,42104.78,1594.6,25.51,17.64
4/10/2015 19:00,42104.79,1593,25.51,17.64
4/10/2015 19:10,42104.80,1591.3,25.5,17.64
4/10/2015 19:20,42104.81,1589.5,25.51,17.64
4/10/2015 19:30,42104.81,1587.8,25.51,17.64
4/10/2015 19:40,42104.82,1585.9,25.53,17.63
4/10/2015 19:50,42104.83,1584.5,25.53,17.63
4/10/2015 20:00,42104.83,1582.9,25.53,17.63
4/10/2015 20:10,42104.84,1581.5,25.52,17.64
4/10/2015 20:20,42104.85,1580.5,25.51,17.64
4/10/2015 20:30,42104.85,1579.3,25.54,17.63
4/10/2015 20:40,42104.86,1578.2,25.51,17.64
4/10/2015 20:50,42104.87,1577,25.5,17.64
4/10/2015 21:00,42104.88,1575.6,25.49,17.64
4/10/2015 21:10,42104.88,1574.8,25.5,17.64
4/10/2015 21:20,42104.89,1574.1,25.51,17.64
4/10/2015 21:30,42104.90,1573,25.52,17.65
4/10/2015 21:40,42104.90,1572.1,25.52,17.64
4/10/2015 21:50,42104.91,1571.5,25.51,17.64
4/10/2015 22:00,42104.92,1570.8,25.5,17.64
4/10/2015 22:10,42104.92,1569.9,25.5,17.64
4/10/2015 22:20,42104.93,1569.5,25.5,17.64
4/10/2015 22:30,42104.94,1569.2,25.51,17.64
4/10/2015 22:40,42104.94,1568.4,25.52,17.64
4/10/2015 22:50,42104.95,1568.8,25.5,17.64
4/10/2015 23:00,42104.96,1568.7,25.51,17.64
4/10/2015 23:10,42104.97,1569,25.5,17.64
4/10/2015 23:20,42104.97,1569.5,25.5,17.64
4/10/2015 23:30,42104.98,1570.2,25.53,17.63
4/10/2015 23:40,42104.99,1571.1,25.52,17.65
4/10/2015 23:50,42104.99,1571.8,25.52,17.65
4/11/2015 0:00,42105.00,1573.2,25.49,17.64
4/11/2015 0:10,42105.01,1574.6,25.51,17.64
4/11/2015 0:20,42105.01,1576.1,25.51,17.64
4/11/2015 0:30,42105.02,1577.3,25.51,17.64
4/11/2015 0:40,42105.03,1579.3,25.51,17.64
4/11/2015 0:50,42105.03,1580.8,25.52,17.64
4/11/2015 1:00,42105.04,1582.1,25.5,17.64
4/11/2015 1:10,42105.05,1583.6,25.5,17.64
4/11/2015 1:20,42105.06,1585.5,25.52,17.64
4/11/2015 1:30,42105.06,1587.1,25.51,17.64
4/11/2015 1:40,42105.07,1588.3,25.5,17.64
4/11/2015 1:50,42105.08,1590.4,25.51,17.64
4/11/2015 2:00,42105.08,1591.9,25.51,17.64
4/11/2015 2:10,42105.09,1593.9,25.5,17.64
4/11/2015 2:20,42105.10,1595.6,25.5,17.64
4/11/2015 2:30,42105.10,1596.8,25.53,17.63
4/11/2015 2:40,42105.11,1598.4,25.51,17.64
4/11/2015 2:50,42105.12,1600,25.5,17.64
4/11/2015 3:00,42105.13,1601.1,25.54,17.64
4/11/2015 3:10,42105.13,1602.2,25.52,17.64
4/11/2015 3:20,42105.14,1603.1,25.5,17.64
4/11/2015 3:30,42105.15,1604.1,25.51,17.64
4/11/2015 3:40,42105.15,1605,25.53,17.63
4/11/2015 3:50,42105.16,1605.7,25.5,17.64
4/11/2015 4:00,42105.17,1606.2,25.5,17.64
4/11/2015 4:10,42105.17,1606.9,25.5,17.64
4/11/2015 4:20,42105.18,1607.1,25.49,17.64
4/11/2015 4:30,42105.19,1607.4,25.5,17.64
4/11/2015 4:40,42105.19,1607.6,25.51,17.64
4/11/2015 4:50,42105.20,1607.6,25.5,17.64
4/11/2015 5:00,42105.21,1607.3,25.51,17.64
4/11/2015 5:10,42105.22,1606.7,25.51,17.64
4/11/2015 5:20,42105.22,1606.2,25.51,17.64
4/11/2015 5:30,42105.23,1605.5,25.52,17.64
4/11/2015 5:40,42105.24,1604.6,25.49,17.64
4/11/2015 5:50,42105.24,1603.2,25.5,17.64
4/11/2015 6:00,42105.25,1602.2,25.52,17.65
4/11/2015 6:10,42105.26,1600.6,25.5,17.64
4/11/2015 6:20,42105.26,1599.1,25.51,17.64
4/11/2015 6:30,42105.27,1597.8,25.52,17.64
4/11/2015 6:40,42105.28,1596.3,25.5,17.64
4/11/2015 6:50,42105.28,1594.6,25.5,17.64
4/11/2015 7:00,42105.29,1593.3,25.49,17.64
4/11/2015 7:10,42105.30,1591.3,25.49,17.64
4/11/2015 7:20,42105.31,1590.1,25.49,17.64
4/11/2015 7:30,42105.31,1588.7,25.49,17.64
4/11/2015 7:40,42105.32,1587.1,25.49,17.64
4/11/2015 7:50,42105.33,1585.3,25.5,17.64
4/11/2015 8:00,42105.33,1583.9,25.51,17.64
4/11/2015 8:10,42105.34,1582.8,25.5,17.64
4/11/2015 8:20,42105.35,1581.4,25.5,17.64
4/11/2015 8:30,42105.35,1580.1,25.51,17.64
4/11/2015 8:40,42105.36,1578.9,25.52,17.65
4/11/2015 8:50,42105.37,1577.6,25.52,17.64
4/11/2015 9:00,42105.38,1576.6,25.5,17.64
4/11/2015 9:10,42105.38,1575.4,25.5,17.64
4/11/2015 9:20,42105.39,1574.6,25.5,17.64
4/11/2015 9:30,42105.40,1573.7,25.5,17.64
4/11/2015 9:40,42105.40,1572.9,25.51,17.64
4/11/2015 9:50,42105.41,1571.8,25.51,17.64
4/11/2015 10:00,42105.42,1571.3,25.5,17.64
4/11/2015 10:10,42105.42,1570.6,25.51,17.64
4/11/2015 10:20,42105.43,1570,25.52,17.64
4/11/2015 10:30,42105.44,1569.5,25.5,17.64
4/11/2015 10:40,42105.44,1569.2,25.51,17.64
4/11/2015 10:50,42105.45,1568.7,25.5,17.64
4/11/2015 11:00,42105.46,1568.5,25.51,17.64
4/11/2015 11:10,42105.47,1568.5,25.53,17.63
4/11/2015 11:20,42105.47,1568.8,25.51,17.64
4/11/2015 11:30,42105.48,1569,25.51,17.64
4/11/2015 11:40,42105.49,1569.5,25.52,17.65
4/11/2015 11:50,42105.49,1570.4,25.51,17.64
4/11/2015 12:00,42105.50,1571.1,25.5,17.64
4/11/2015 12:10,42105.51,1572.1,25.52,17.64
4/11/2015 12:20,42105.51,1573.4,25.51,17.64
4/11/2015 12:30,42105.52,1574.7,25.53,17.63
4/11/2015 12:40,42105.53,1576.1,25.52,17.65
4/11/2015 12:50,42105.53,1577.7,25.51,17.64
4/11/2015 13:00,42105.54,1578.9,25.51,17.64
4/11/2015 13:10,42105.55,1580.5,25.51,17.64
4/11/2015 13:20,42105.56,1582.1,25.5,17.64
4/11/2015 13:30,42105.56,1583.8,25.53,17.63
4/11/2015 13:40,42105.57,1585.3,25.52,17.64
4/11/2015 13:50,42105.58,1586.7,25.51,17.64
4/11/2015 14:00,42105.58,1588.8,25.52,17.65
4/11/2015 14:10,42105.59,1590.5,25.52,17.64
4/11/2015 14:20,42105.60,1592.3,25.5,17.64
4/11/2015 14:30,42105.60,1594,25.51,17.64
4/11/2015 14:40,42105.61,1595.6,25.52,17.65
4/11/2015 14:50,42105.62,1597.4,25.52,17.64
4/11/2015 15:00,42105.63,1598.8,25.5,17.64
4/11/2015 15:10,42105.63,1600.3,25.51,17.64
4/11/2015 15:20,42105.64,1601.5,25.5,17.64
4/11/2015 15:30,42105.65,1602.5,25.49,17.64
4/11/2015 15:40,42105.65,1603.5,25.52,17.64
4/11/2015 15:50,42105.66,1604.8,25.52,17.64
4/11/2015 16:00,42105.67,1605.7,25.5,17.64
4/11/2015 16:10,42105.67,1606.7,25.51,17.64
4/11/2015 16:20,42105.68,1607.3,25.5,17.64
4/11/2015 16:30,42105.69,1607.8,25.51,17.64
4/11/2015 16:40,42105.69,1608.2,25.52,17.64
4/11/2015 16:50,42105.70,1608.6,25.56,17.64
4/11/2015 17:00,42105.71,1609,25.51,17.64
4/11/2015 17:10,42105.72,1609.1,25.52,17.64
4/11/2015 17:20,42105.72,1609,25.51,17.64
4/11/2015 17:30,42105.73,1609,25.49,17.64
4/11/2015 17:40,42105.74,1608.4,25.51,17.64
4/11/2015 17:50,42105.74,1608.1,25.54,17.64
4/11/2015 18:00,42105.75,1607.4,25.5,17.64
4/11/2015 18:10,42105.76,1606.6,25.54,17.64
4/11/2015 18:20,42105.76,1605.7,25.51,17.64
4/11/2015 18:30,42105.77,1604.6,25.5,17.64
4/11/2015 18:40,42105.78,1603.4,25.51,17.64
4/11/2015 18:50,42105.78,1602,25.5,17.64
4/11/2015 19:00,42105.79,1600.9,25.52,17.64
4/11/2015 19:10,42105.80,1599.3,25.5,17.64
4/11/2015 19:20,42105.81,1597.8,25.52,17.64
4/11/2015 19:30,42105.81,1596.5,25.5,17.64
4/11/2015 19:40,42105.82,1594.6,25.51,17.64
4/11/2015 19:50,42105.83,1593,25.5,17.64
4/11/2015 20:00,42105.83,1591.6,25.49,17.64
4/11/2015 20:10,42105.84,1590.1,25.51,17.64
4/11/2015 20:20,42105.85,1588.5,25.52,17.65
4/11/2015 20:30,42105.85,1587.1,25.51,17.64
4/11/2015 20:40,42105.86,1585.5,25.52,17.65
4/11/2015 20:50,42105.87,1584.3,25.5,17.64
4/11/2015 21:00,42105.88,1582.9,25.52,17.65
4/11/2015 21:10,42105.88,1581.9,25.52,17.65
4/11/2015 21:20,42105.89,1580.7,25.52,17.65
4/11/2015 21:30,42105.90,1579.6,25.51,17.64
4/11/2015 21:40,42105.90,1578.4,25.49,17.64
4/11/2015 21:50,42105.91,1577.5,25.49,17.64
4/11/2015 22:00,42105.92,1576.6,25.51,17.64
4/11/2015 22:10,42105.92,1575.8,25.49,17.64
4/11/2015 22:20,42105.93,1575,25.49,17.64
4/11/2015 22:30,42105.94,1574.3,25.53,17.63
4/11/2015 22:40,42105.94,1573.6,25.53,17.63
4/11/2015 22:50,42105.95,1572.7,25.51,17.64
4/11/2015 23:00,42105.96,1572.3,25.48,17.63
4/11/2015 23:10,42105.97,1571.6,25.5,17.64
4/11/2015 23:20,42105.97,1570.9,25.49,17.64
4/11/2015 23:30,42105.98,1570.9,25.5,17.64
4/11/2015 23:40,42105.99,1570.4,25.49,17.64
4/11/2015 23:50,42105.99,1570.8,25.49,17.64
4/12/2015 0:00,42106.00,1570.9,25.5,17.64
4/12/2015 0:10,42106.01,1571.3,25.52,17.65
4/12/2015 0:20,42106.01,1571.8,25.52,17.65
4/12/2015 0:30,42106.02,1572.4,25.48,17.64
4/12/2015 0:40,42106.03,1573.2,25.5,17.64
4/12/2015 0:50,42106.03,1573.9,25.5,17.64
4/12/2015 1:00,42106.04,1575,25.52,17.65
4/12/2015 1:10,42106.05,1576.1,25.52,17.64
4/12/2015 1:20,42106.06,1577.3,25.49,17.64
4/12/2015 1:30,42106.06,1578.9,25.5,17.64
4/12/2015 1:40,42106.07,1580.3,25.51,17.64
4/12/2015 1:50,42106.08,1581.5,25.49,17.64
4/12/2015 2:00,42106.08,1582.8,25.52,17.65
4/12/2015 2:10,42106.09,1584.1,25.52,17.64
4/12/2015 2:20,42106.10,1585.7,25.5,17.64
4/12/2015 2:30,42106.10,1586.7,25.52,17.64
4/12/2015 2:40,42106.11,1588.5,25.49,17.64
4/12/2015 2:50,42106.12,1589.9,25.51,17.64
4/12/2015 3:00,42106.13,1591.5,25.53,17.63
4/12/2015 3:10,42106.13,1593,25.56,17.64
4/12/2015 3:20,42106.14,1594.2,25.5,17.64
4/12/2015 3:30,42106.15,1595.6,25.51,17.64
4/12/2015 3:40,42106.15,1597,25.51,17.64
4/12/2015 3:50,42106.16,1598.2,25.52,17.64
4/12/2015 4:00,42106.17,1599.5,25.5,17.64
4/12/2015 4:10,42106.17,1600.3,25.5,17.64
4/12/2015 4:20,42106.18,1601,25.5,17.64
4/12/2015 4:30,42106.19,1602.1,25.55,17.64
4/12/2015 4:40,42106.19,1602.7,25.5,17.64
4/12/2015 4:50,42106.20,1603.4,25.5,17.64
4/12/2015 5:00,42106.21,1603.9,25.5,17.64
4/12/2015 5:10,42106.22,1604.3,25.54,17.64
4/12/2015 5:20,42106.22,1604.6,25.53,17.63
4/12/2015 5:30,42106.23,1605,25.52,17.65
4/12/2015 5:40,42106.24,1604.4,25.52,17.64
4/12/2015 5:50,42106.24,1604.6,25.51,17.64
4/12/2015 6:00,42106.25,1603.9,25.49,17.64
4/12/2015 6:10,42106.26,1603.4,25.51,17.64
4/12/2015 6:20,42106.26,1603.1,25.51,17.64
4/12/2015 6:30,42106.27,1602.4,25.52,17.65
4/12/2015 6:40,42106.28,1601.3,25.51,17.64
4/12/2015 6:50,42106.28,1600.4,25.53,17.63
4/12/2015 7:00,42106.29,1599.3,25.5,17.64
4/12/2015 7:10,42106.30,1598.4,25.5,17.64
4/12/2015 7:20,42106.31,1597.4,25.5,17.64
4/12/2015 7:30,42106.31,1596,25.52,17.65
4/12/2015 7:40,42106.32,1594.4,25.51,17.64
4/12/2015 7:50,42106.33,1593.1,25.52,17.64
4/12/2015 8:00,42106.33,1592.4,25.53,17.63
4/12/2015 8:10,42106.34,1590.9,25.51,17.64
4/12/2015 8:20,42106.35,1589.5,25.5,17.64
4/12/2015 8:30,42106.35,1588,25.49,17.64
4/12/2015 8:40,42106.36,1586.7,25.49,17.64
4/12/2015 8:50,42106.37,1585.5,25.53,17.63
4/12/2015 9:00,42106.38,1584.3,25.54,17.64
4/12/2015 9:10,42106.38,1583.1,25.51,17.64
4/12/2015 9:20,42106.39,1581.9,25.52,17.65
4/12/2015 9:30,42106.40,1580.8,25.51,17.64
4/12/2015 9:40,42106.40,1579.4,25.5,17.64
4/12/2015 9:50,42106.41,1578.6,25.49,17.64
4/12/2015 10:00,42106.42,1577.3,25.5,17.64
4/12/2015 10:10,42106.42,1576.5,25.49,17.64
4/12/2015 10:20,42106.43,1575.8,25.5,17.64
4/12/2015 10:30,42106.44,1574.8,25.52,17.64
4/12/2015 10:40,42106.44,1574.1,25.51,17.64
4/12/2015 10:50,42106.45,1573.2,25.5,17.64
4/12/2015 11:00,42106.46,1572.7,25.49,17.64
4/12/2015 11:10,42106.47,1572.3,25.49,17.64
4/12/2015 11:20,42106.47,1571.8,25.5,17.64
4/12/2015 11:30,42106.48,1571.1,25.5,17.64
4/12/2015 11:40,42106.49,1570.8,25.49,17.64
4/12/2015 11:50,42106.49,1570.4,25.49,17.64
4/12/2015 12:00,42106.50,1570.4,25.49,17.64
4/12/2015 12:10,42106.51,1570.5,25.52,17.64
4/12/2015 12:20,42106.51,1570.9,25.51,17.64
4/12/2015 12:30,42106.52,1571.3,25.52,17.65
4/12/2015 12:40,42106.53,1571.6,25.51,17.64
4/12/2015 12:50,42106.53,1572.3,25.52,17.65
4/12/2015 13:00,42106.54,1573.2,25.5,17.64
4/12/2015 13:10,42106.55,1574.1,25.52,17.65
4/12/2015 13:20,42106.56,1575.1,25.51,17.64
4/12/2015 13:30,42106.56,1576.3,25.51,17.64
4/12/2015 13:40,42106.57,1577.5,25.51,17.64
4/12/2015 13:50,42106.58,1578.9,25.52,17.65
4/12/2015 14:00,42106.58,1580.1,25.51,17.64
4/12/2015 14:10,42106.59,1581.7,25.51,17.64
4/12/2015 14:20,42106.60,1583.3,25.49,17.64
4/12/2015 14:30,42106.60,1584.6,25.49,17.64
4/12/2015 14:40,42106.61,1586.3,25.55,17.64
4/12/2015 14:50,42106.62,1588,25.5,17.64
4/12/2015 15:00,42106.63,1589.7,25.52,17.65
4/12/2015 15:10,42106.63,1591.8,25.51,17.64
4/12/2015 15:20,42106.64,1593.7,25.51,17.64
4/12/2015 15:30,42106.65,1595.1,25.5,17.64
4/12/2015 15:40,42106.65,1596.8,25.5,17.64
4/12/2015 15:50,42106.66,1597.7,25.51,17.64
4/12/2015 16:00,42106.67,1598.6,25.52,17.64
4/12/2015 16:10,42106.67,1599.6,25.52,17.65
4/12/2015 16:20,42106.68,1601,25.53,17.63
4/12/2015 16:30,42106.69,1602.2,25.51,17.64
4/12/2015 16:40,42106.69,1603.2,25.5,17.64
4/12/2015 16:50,42106.70,1604.1,25.52,17.64
4/12/2015 17:00,42106.71,1605.3,25.53,17.63
4/12/2015 17:10,42106.72,1606.2,25.53,17.63
4/12/2015 17:20,42106.72,1607.3,25.5,17.64
4/12/2015 17:30,42106.73,1607.8,25.5,17.64
4/12/2015 17:40,42106.74,1608.1,25.51,17.64
4/12/2015 17:50,42106.74,1608.4,25.51,17.64
4/12/2015 18:00,42106.75,1608.9,25.52,17.64
4/12/2015 18:10,42106.76,1609.1,25.53,17.63
4/12/2015 18:20,42106.76,1609.1,25.51,17.64
4/12/2015 18:30,42106.77,1609,25.5,17.64
4/12/2015 18:40,42106.78,1608.4,25.5,17.64
4/12/2015 18:50,42106.78,1608,25.5,17.64
4/12/2015 19:00,42106.79,1607.4,25.51,17.64
4/12/2015 19:10,42106.80,1607.1,25.5,17.64
4/12/2015 19:20,42106.81,1606,25.5,17.64
4/12/2015 19:30,42106.81,1604.8,25.5,17.64
4/12/2015 19:40,42106.82,1603.9,25.51,17.64
4/12/2015 19:50,42106.83,1602.7,25.5,17.64
4/12/2015 20:00,42106.83,1601.7,25.49,17.64
4/12/2015 20:10,42106.84,1600.3,25.5,17.64
4/12/2015 20:20,42106.85,1598.9,25.49,17.64
4/12/2015 20:30,42106.85,1597.5,25.53,17.63
4/12/2015 20:40,42106.86,1595.8,25.51,17.64
4/12/2015 20:50,42106.87,1594.4,25.52,17.65
4/12/2015 21:00,42106.88,1593,25.5,17.64
4/12/2015 21:10,42106.88,1591.5,25.5,17.64
4/12/2015 21:20,42106.89,1590.3,25.48,17.64
4/12/2015 21:30,42106.90,1588.7,25.5,17.64
4/12/2015 21:40,42106.90,1587.3,25.49,17.64
4/12/2015 21:50,42106.91,1585.7,25.5,17.64
4/12/2015 22:00,42106.92,1584.6,25.5,17.64
4/12/2015 22:10,42106.92,1583.4,25.51,17.64
4/12/2015 22:20,42106.93,1582.1,25.51,17.64
4/12/2015 22:30,42106.94,1581,25.52,17.65
4/12/2015 22:40,42106.94,1579.8,25.51,17.64
4/12/2015 22:50,42106.95,1579.1,25.53,17.63
4/12/2015 23:00,42106.96,1578.2,25.51,17.64
4/12/2015 23:10,42106.97,1577.2,25.49,17.64
4/12/2015 23:20,42106.97,1576.1,25.52,17.65
4/12/2015 23:30,42106.98,1575.4,25.5,17.64
4/12/2015 23:40,42106.99,1574.8,25.48,17.64
4/12/2015 23:50,42106.99,1574.1,25.51,17.64
4/13/2015 0:00,42107.00,1573.2,25.5,17.64
4/13/2015 0:10,42107.01,1572.9,25.5,17.64
4/13/2015 0:20,42107.01,1572.3,25.49,17.64
4/13/2015 0:30,42107.02,1571.8,25.51,17.64
4/13/2015 0:40,42107.03,1571.5,25.5,17.64
4/13/2015 0:50,42107.03,1571.5,25.5,17.64
4/13/2015 1:00,42107.04,1571.3,25.49,17.64
4/13/2015 1:10,42107.05,1571.6,25.49,17.64
4/13/2015 1:20,42107.06,1572.1,25.48,17.63
4/13/2015 1:30,42107.06,1572.2,25.49,17.64
4/13/2015 1:40,42107.07,1572.9,25.5,17.64
4/13/2015 1:50,42107.08,1573.6,25.5,17.64
4/13/2015 2:00,42107.08,1573.9,25.49,17.64
4/13/2015 2:10,42107.09,1575.2,25.48,17.63
4/13/2015 2:20,42107.10,1575.9,25.49,17.64
4/13/2015 2:30,42107.10,1577.3,25.49,17.64
4/13/2015 2:40,42107.11,1578.6,25.49,17.64
4/13/2015 2:50,42107.12,1579.6,25.49,17.64
4/13/2015 3:00,42107.13,1580.7,25.5,17.64
4/13/2015 3:10,42107.13,1582.1,25.49,17.64
4/13/2015 3:20,42107.14,1582.9,25.5,17.64
4/13/2015 3:30,42107.15,1583.9,25.5,17.64
4/13/2015 3:40,42107.15,1585.5,25.51,17.64
4/13/2015 3:50,42107.16,1587.1,25.5,17.64
4/13/2015 4:00,42107.17,1588.3,25.5,17.64
4/13/2015 4:10,42107.17,1589.9,25.5,17.64
4/13/2015 4:20,42107.18,1590.8,25.52,17.64
4/13/2015 4:30,42107.19,1592.3,25.5,17.64
4/13/2015 4:40,42107.19,1593.9,25.48,17.63
4/13/2015 4:50,42107.20,1594.7,25.49,17.63
4/13/2015 5:00,42107.21,1595.8,25.51,17.64
4/13/2015 5:10,42107.22,1597,25.54,17.64
4/13/2015 5:20,42107.22,1598.1,25.52,17.65
4/13/2015 5:30,42107.23,1598.8,25.52,17.64
4/13/2015 5:40,42107.24,1600,25.5,17.64
4/13/2015 5:50,42107.24,1600.6,25.5,17.64
4/13/2015 6:00,42107.25,1601.1,25.5,17.64
4/13/2015 6:10,42107.26,1601.8,25.49,17.64
4/13/2015 6:20,42107.26,1602.4,25.53,17.63
4/13/2015 6:30,42107.27,1602.9,25.5,17.64
4/13/2015 6:40,42107.28,1603.2,25.51,17.64
4/13/2015 6:50,42107.28,1603.9,25.5,17.64
4/13/2015 7:00,42107.29,1603.7,25.52,17.64
4/13/2015 7:10,42107.30,1604.1,25.5,17.64
4/13/2015 7:20,42107.31,1603.8,25.5,17.64
4/13/2015 7:30,42107.31,1603.1,25.51,17.64
4/13/2015 7:40,42107.32,1602.7,25.5,17.64
4/13/2015 7:50,42107.33,1601.8,25.51,17.64
4/13/2015 8:00,42107.33,1601,25.5,17.64
4/13/2015 8:10,42107.34,1600.1,25.51,17.64
4/13/2015 8:20,42107.35,1599.1,25.51,17.64
4/13/2015 8:30,42107.35,1598.2,25.49,17.64
4/13/2015 8:40,42107.36,1597.1,25.52,17.64
4/13/2015 8:50,42107.37,1596.2,25.52,17.64
4/13/2015 9:00,42107.38,1595.1,25.5,17.64
4/13/2015 9:10,42107.38,1593.9,25.5,17.64
4/13/2015 9:20,42107.39,1592.6,25.49,17.64
4/13/2015 9:30,42107.40,1591.3,25.49,17.64
4/13/2015 9:40,42107.40,1589.9,25.49,17.64
4/13/2015 9:50,42107.41,1588.5,25.54,17.64
4/13/2015 10:00,42107.42,1587.3,25.5,17.64
4/13/2015 10:10,42107.42,1586,25.5,17.64
4/13/2015 10:20,42107.43,1584.8,25.51,17.64
4/13/2015 10:30,42107.44,1583.6,25.5,17.64
4/13/2015 10:40,42107.44,1582.4,25.5,17.64
4/13/2015 10:50,42107.45,1581.4,25.49,17.64
4/13/2015 11:00,42107.46,1580.1,25.49,17.64
4/13/2015 11:10,42107.47,1579.1,25.53,17.63
4/13/2015 11:20,42107.47,1578,25.51,17.64
4/13/2015 11:30,42107.48,1577,25.54,17.64
4/13/2015 11:40,42107.49,1576.1,25.52,17.64
4/13/2015 11:50,42107.49,1575,25.49,17.64
4/13/2015 12:00,42107.50,1574.6,25.5,17.64
4/13/2015 12:10,42107.51,1573.4,25.5,17.64
4/13/2015 12:20,42107.51,1573.2,25.5,17.64
4/13/2015 12:30,42107.52,1572.3,25.51,17.64
4/13/2015 12:40,42107.53,1571.6,25.51,17.64
4/13/2015 12:50,42107.53,1570.9,25.52,17.65
4/13/2015 13:00,42107.54,1570.8,25.51,17.64
4/13/2015 13:10,42107.55,1570.2,25.52,17.64
4/13/2015 13:20,42107.56,1569.9,25.5,17.64
4/13/2015 13:30,42107.56,1569.5,25.52,17.64
4/13/2015 13:40,42107.57,1569.7,25.54,17.64
4/13/2015 13:50,42107.58,1569.9,25.51,17.64
4/13/2015 14:00,42107.58,1570.1,25.52,17.65
4/13/2015 14:10,42107.59,1570.9,25.51,17.64
4/13/2015 14:20,42107.60,1571.6,25.5,17.64
4/13/2015 14:30,42107.60,1572.3,25.5,17.64
4/13/2015 14:40,42107.61,1573.2,25.53,17.63
4/13/2015 14:50,42107.62,1574.4,25.51,17.64
4/13/2015 15:00,42107.63,1575.4,25.5,17.64
4/13/2015 15:10,42107.63,1576.5,25.49,17.64
4/13/2015 15:20,42107.64,1577.9,25.5,17.64
4/13/2015 15:30,42107.65,1579.3,25.51,17.64
4/13/2015 15:40,42107.65,1580.5,25.5,17.64
4/13/2015 15:50,42107.66,1581.5,25.5,17.64
4/13/2015 16:00,42107.67,1582.8,25.49,17.64
4/13/2015 16:10,42107.67,1584.3,25.54,17.64
4/13/2015 16:20,42107.68,1585.5,25.54,17.64
4/13/2015 16:30,42107.69,1587.1,25.5,17.64
4/13/2015 16:40,42107.69,1588.8,25.51,17.64
4/13/2015 16:50,42107.70,1590.4,25.52,17.65
4/13/2015 17:00,42107.71,1592.3,25.51,17.64
4/13/2015 17:10,42107.72,1593.7,25.5,17.64
4/13/2015 17:20,42107.72,1595.3,25.5,17.64
4/13/2015 17:30,42107.73,1596.7,25.51,17.64
4/13/2015 17:40,42107.74,1597.9,25.5,17.64
4/13/2015 17:50,42107.74,1599.1,25.49,17.64
4/13/2015 18:00,42107.75,1600.3,25.52,17.65
4/13/2015 18:10,42107.76,1601.1,25.49,17.64
4/13/2015 18:20,42107.76,1602.4,25.5,17.64
4/13/2015 18:30,42107.77,1603.1,25.51,17.64
4/13/2015 18:40,42107.78,1604.3,25.51,17.64
4/13/2015 18:50,42107.78,1604.8,25.52,17.64
4/13/2015 19:00,42107.79,1605.7,25.5,17.64
4/13/2015 19:10,42107.80,1605.9,25.51,17.64
4/13/2015 19:20,42107.81,1606.4,25.51,17.64
4/13/2015 19:30,42107.81,1606.4,25.5,17.64
4/13/2015 19:40,42107.82,1606.7,25.5,17.64
4/13/2015 19:50,42107.83,1606.6,25.51,17.64
4/13/2015 20:00,42107.83,1606.6,25.53,17.63
4/13/2015 20:10,42107.84,1606.3,25.53,17.63
4/13/2015 20:20,42107.85,1605.9,25.51,17.64
4/13/2015 20:30,42107.85,1605.3,25.5,17.64
4/13/2015 20:40,42107.86,1604.5,25.49,17.64
4/13/2015 20:50,42107.87,1603.6,25.51,17.64
4/13/2015 21:00,42107.88,1603.2,25.5,17.64
4/13/2015 21:10,42107.88,1602,25.5,17.64
4/13/2015 21:20,42107.89,1600.6,25.5,17.64
4/13/2015 21:30,42107.90,1599.5,25.5,17.64
4/13/2015 21:40,42107.90,1598.2,25.49,17.64
4/13/2015 21:50,42107.91,1596.9,25.48,17.64
4/13/2015 22:00,42107.92,1595.6,25.49,17.64
4/13/2015 22:10,42107.92,1594,25.5,17.64
4/13/2015 22:20,42107.93,1592.6,25.49,17.64
4/13/2015 22:30,42107.94,1591.3,25.49,17.64
4/13/2015 22:40,42107.94,1589.7,25.49,17.64
4/13/2015 22:50,42107.95,1588.3,25.49,17.64
4/13/2015 23:00,42107.96,1586.7,25.49,17.64
4/13/2015 23:10,42107.97,1585.5,25.49,17.64
4/13/2015 23:20,42107.97,1584.1,25.49,17.64
4/13/2015 23:30,42107.98,1582.6,25.49,17.64
4/13/2015 23:40,42107.99,1581.4,25.5,17.64
4/13/2015 23:50,42107.99,1580.1,25.49,17.64
4/14/2015 0:00,42108.00,1578.9,25.49,17.64
4/14/2015 0:10,42108.01,1578,25.49,17.64
4/14/2015 0:20,42108.01,1576.8,25.49,17.64
4/14/2015 0:30,42108.02,1575.9,25.49,17.64
4/14/2015 0:40,42108.03,1575.1,25.5,17.64
4/14/2015 0:50,42108.03,1574.3,25.5,17.64
4/14/2015 1:00,42108.04,1573.6,25.51,17.64
4/14/2015 1:10,42108.05,1572.7,25.5,17.64
4/14/2015 1:20,42108.06,1572,25.5,17.64
4/14/2015 1:30,42108.06,1571.1,25.49,17.64
4/14/2015 1:40,42108.07,1570.8,25.49,17.64
4/14/2015 1:50,42108.08,1570.1,25.5,17.64
4/14/2015 2:00,42108.08,1569.5,25.5,17.64
4/14/2015 2:10,42108.09,1568.8,25.51,17.64
4/14/2015 2:20,42108.10,1568.5,25.5,17.64
4/14/2015 2:30,42108.10,1568.3,25.49,17.64
4/14/2015 2:40,42108.11,1568.1,25.52,17.65
4/14/2015 2:50,42108.12,1568.3,25.49,17.64
4/14/2015 3:00,42108.13,1568.2,25.48,17.63
4/14/2015 3:10,42108.13,1568.8,25.48,17.63
4/14/2015 3:20,42108.14,1569.7,25.48,17.63
4/14/2015 3:30,42108.15,1570.4,25.5,17.64
4/14/2015 3:40,42108.15,1571.1,25.51,17.64
4/14/2015 3:50,42108.16,1572,25.49,17.64
4/14/2015 4:00,42108.17,1572.9,25.5,17.64
4/14/2015 4:10,42108.17,1574.1,25.49,17.64
4/14/2015 4:20,42108.18,1575,25.48,17.63
4/14/2015 4:30,42108.19,1576.5,25.49,17.64
4/14/2015 4:40,42108.19,1577.3,25.5,17.64
4/14/2015 4:50,42108.20,1579.3,25.5,17.64
4/14/2015 5:00,42108.21,1580.3,25.5,17.64
4/14/2015 5:10,42108.22,1581.7,25.5,17.64
4/14/2015 5:20,42108.22,1583.1,25.5,17.64
4/14/2015 5:30,42108.23,1584.3,25.5,17.64
4/14/2015 5:40,42108.24,1585.7,25.49,17.64
4/14/2015 5:50,42108.24,1587.6,25.48,17.63
4/14/2015 6:00,42108.25,1588.7,25.5,17.64
4/14/2015 6:10,42108.26,1590.1,25.5,17.64
4/14/2015 6:20,42108.26,1591.5,25.5,17.64
4/14/2015 6:30,42108.27,1593,25.5,17.64
4/14/2015 6:40,42108.28,1594,25.49,17.64
4/14/2015 6:50,42108.28,1595.4,25.5,17.64
4/14/2015 7:00,42108.29,1596.7,25.49,17.64
4/14/2015 7:10,42108.30,1597.5,25.51,17.64
4/14/2015 7:20,42108.31,1598.2,25.49,17.63
4/14/2015 7:30,42108.31,1599.3,25.51,17.64
4/14/2015 7:40,42108.32,1600.2,25.52,17.64
4/14/2015 7:50,42108.33,1601,25.52,17.64
4/14/2015 8:00,42108.33,1601.8,25.52,17.64
4/14/2015 8:10,42108.34,1602.5,25.5,17.64
4/14/2015 8:20,42108.35,1602.7,25.5,17.64
4/14/2015 8:30,42108.35,1603.2,25.5,17.64
4/14/2015 8:40,42108.36,1603.6,25.49,17.64
4/14/2015 8:50,42108.37,1603.9,25.5,17.64
4/14/2015 9:00,42108.38,1603.6,25.5,17.64
4/14/2015 9:10,42108.38,1603.9,25.5,17.64
4/14/2015 9:20,42108.39,1603.2,25.49,17.64
4/14/2015 9:30,42108.40,1602.5,25.49,17.64
4/14/2015 9:40,42108.40,1602,25.49,17.64
4/14/2015 9:50,42108.41,1601.1,25.49,17.64
4/14/2015 10:00,42108.42,1600.3,25.49,17.64
4/14/2015 10:10,42108.42,1599.3,25.51,17.64
4/14/2015 10:20,42108.43,1597.8,25.52,17.65
4/14/2015 10:30,42108.44,1596.7,25.54,17.64
4/14/2015 10:40,42108.44,1595.3,25.52,17.65
4/14/2015 10:50,42108.45,1594.2,25.52,17.64
4/14/2015 11:00,42108.46,1592.8,25.5,17.64
4/14/2015 11:10,42108.47,1591.5,25.5,17.64
4/14/2015 11:20,42108.47,1590.1,25.52,17.64
4/14/2015 11:30,42108.48,1588.8,25.53,17.63
4/14/2015 11:40,42108.49,1587.4,25.53,17.63
4/14/2015 11:50,42108.49,1585.8,25.52,17.65
4/14/2015 12:00,42108.50,1584.6,25.55,17.64
4/14/2015 12:10,42108.51,1583.1,25.5,17.64
4/14/2015 12:20,42108.51,1581.5,25.5,17.64
4/14/2015 12:30,42108.52,1579.9,25.52,17.64
4/14/2015 12:40,42108.53,1578.9,25.5,17.64
4/14/2015 12:50,42108.53,1577.7,25.49,17.64
4/14/2015 13:00,42108.54,1576.3,25.48,17.63
4/14/2015 13:10,42108.55,1575.2,25.52,17.65
4/14/2015 13:20,42108.56,1574.1,25.5,17.64
4/14/2015 13:30,42108.56,1573.2,25.51,17.64
4/14/2015 13:40,42108.57,1572.2,25.51,17.64
4/14/2015 13:50,42108.58,1571.1,25.49,17.64
4/14/2015 14:00,42108.58,1570.6,25.5,17.64
4/14/2015 14:10,42108.59,1569.7,25.51,17.64
4/14/2015 14:20,42108.60,1568.8,25.52,17.65
4/14/2015 14:30,42108.60,1568.1,25.52,17.65
4/14/2015 14:40,42108.61,1567.4,25.49,17.64
4/14/2015 14:50,42108.62,1566.7,25.51,17.64
4/14/2015 15:00,42108.63,1566.6,25.49,17.64
4/14/2015 15:10,42108.63,1566.6,25.49,17.64
4/14/2015 15:20,42108.64,1566.4,25.5,17.64
4/14/2015 15:30,42108.65,1566.7,25.49,17.64
4/14/2015 15:40,42108.65,1566.9,25.49,17.64
4/14/2015 15:50,42108.66,1567.4,25.49,17.64
4/14/2015 16:00,42108.67,1568.1,25.5,17.64
4/14/2015 16:10,42108.67,1568.8,25.5,17.64
4/14/2015 16:20,42108.68,1569.7,25.49,17.64
4/14/2015 16:30,42108.69,1570.6,25.5,17.64
4/14/2015 16:40,42108.69,1572,25.49,17.64
4/14/2015 16:50,42108.70,1573.4,25.49,17.64
4/14/2015 17:00,42108.71,1575,25.51,17.64
4/14/2015 17:10,42108.72,1576.1,25.49,17.64
4/14/2015 17:20,42108.72,1577.5,25.49,17.64
4/14/2015 17:30,42108.73,1579.4,25.49,17.64
4/14/2015 17:40,42108.74,1580.8,25.49,17.64
4/14/2015 17:50,42108.74,1582.6,25.49,17.64
4/14/2015 18:00,42108.75,1584.3,25.5,17.64
4/14/2015 18:10,42108.76,1586.2,25.53,17.63
4/14/2015 18:20,42108.76,1588,25.51,17.64
4/14/2015 18:30,42108.77,1590.1,25.51,17.64
4/14/2015 18:40,42108.78,1591.6,25.51,17.64
4/14/2015 18:50,42108.78,1593.5,25.5,17.64
4/14/2015 19:00,42108.79,1595.3,25.5,17.64
4/14/2015 19:10,42108.80,1596.8,25.52,17.64
4/14/2015 19:20,42108.81,1598.2,25.51,17.64
4/14/2015 19:30,42108.81,1599.5,25.5,17.64
4/14/2015 19:40,42108.82,1600.6,25.49,17.64
4/14/2015 19:50,42108.83,1602,25.5,17.64
4/14/2015 20:00,42108.83,1603.2,25.53,17.63
4/14/2015 20:10,42108.84,1604.1,25.51,17.64
4/14/2015 20:20,42108.85,1605.5,25.5,17.64
4/14/2015 20:30,42108.85,1606.4,25.51,17.64
4/14/2015 20:40,42108.86,1606.9,25.53,17.63
4/14/2015 20:50,42108.87,1607.6,25.53,17.63
4/14/2015 21:00,42108.88,1608.1,25.5,17.64
4/14/2015 21:10,42108.88,1608.4,25.52,17.65
4/14/2015 21:20,42108.89,1608.6,25.5,17.64
4/14/2015 21:30,42108.90,1609,25.5,17.64
4/14/2015 21:40,42108.90,1608.6,25.52,17.65
4/14/2015 21:50,42108.91,1608.3,25.51,17.64
4/14/2015 22:00,42108.92,1608,25.51,17.64
4/14/2015 22:10,42108.92,1607.3,25.49,17.64
4/14/2015 22:20,42108.93,1606.6,25.52,17.65
4/14/2015 22:30,42108.94,1605.3,25.5,17.64
4/14/2015 22:40,42108.94,1604.3,25.5,17.64
4/14/2015 22:50,42108.95,1602.9,25.49,17.64
4/14/2015 23:00,42108.96,1601.5,25.52,17.65
4/14/2015 23:10,42108.97,1600.3,25.5,17.64
4/14/2015 23:20,42108.97,1598.6,25.53,17.63
4/14/2015 23:30,42108.98,1596.7,25.53,17.63
4/14/2015 23:40,42108.99,1595.3,25.5,17.64
4/14/2015 23:50,42108.99,1593.5,25.53,17.63
4/15/2015 0:00,42109.00,1591.9,25.51,17.64
4/15/2015 0:10,42109.01,1590.2,25.55,17.64
4/15/2015 0:20,42109.01,1588.7,25.5,17.64
4/15/2015 0:30,42109.02,1586.9,25.52,17.65
4/15/2015 0:40,42109.03,1585.2,25.49,17.64
4/15/2015 0:50,42109.03,1583.7,25.52,17.64
4/15/2015 1:00,42109.04,1582.2,25.53,17.63
4/15/2015 1:10,42109.05,1581,25.5,17.64
4/15/2015 1:20,42109.06,1579.4,25.51,17.64
4/15/2015 1:30,42109.06,1577.7,25.49,17.64
4/15/2015 1:40,42109.07,1576.9,25.48,17.64
4/15/2015 1:50,42109.08,1575.4,25.52,17.65
4/15/2015 2:00,42109.08,1574.3,25.52,17.65
4/15/2015 2:10,42109.09,1573.2,25.5,17.64
4/15/2015 2:20,42109.10,1572.2,25.5,17.64
4/15/2015 2:30,42109.10,1571.1,25.52,17.65
4/15/2015 2:40,42109.11,1570.2,25.52,17.65
4/15/2015 2:50,42109.12,1569.4,25.51,17.64
4/15/2015 3:00,42109.13,1568.2,25.52,17.65
4/15/2015 3:10,42109.13,1568,25.49,17.64
4/15/2015 3:20,42109.14,1567.3,25.5,17.64
4/15/2015 3:30,42109.15,1566.6,25.5,17.64
4/15/2015 3:40,42109.15,1566.1,25.5,17.64
4/15/2015 3:50,42109.16,1565.9,25.5,17.64
4/15/2015 4:00,42109.17,1565.7,25.5,17.64
4/15/2015 4:10,42109.17,1565.7,25.51,17.64
4/15/2015 4:20,42109.18,1565.9,25.48,17.64
4/15/2015 4:30,42109.19,1565.9,25.5,17.64
4/15/2015 4:40,42109.19,1566.2,25.52,17.65
4/15/2015 4:50,42109.20,1566.8,25.53,17.64
4/15/2015 5:00,42109.21,1567.4,25.54,17.64
4/15/2015 5:10,42109.22,1568.7,25.51,17.64
4/15/2015 5:20,42109.22,1569.7,25.51,17.64
4/15/2015 5:30,42109.23,1571.1,25.49,17.64
4/15/2015 5:40,42109.24,1572.3,25.5,17.64
4/15/2015 5:50,42109.24,1574,25.53,17.63
4/15/2015 6:00,42109.25,1575.6,25.52,17.65
4/15/2015 6:10,42109.26,1577.3,25.49,17.64
4/15/2015 6:20,42109.26,1578.7,25.5,17.64
4/15/2015 6:30,42109.27,1580.5,25.49,17.64
4/15/2015 6:40,42109.28,1581.9,25.51,17.64
4/15/2015 6:50,42109.28,1583.4,25.52,17.65
4/15/2015 7:00,42109.29,1584.9,25.52,17.64
4/15/2015 7:10,42109.30,1586.9,25.53,17.63
4/15/2015 7:20,42109.31,1588.5,25.49,17.64
4/15/2015 7:30,42109.31,1590.4,25.49,17.64
4/15/2015 7:40,42109.32,1592.1,25.5,17.64
4/15/2015 7:50,42109.33,1594.2,25.49,17.64
4/15/2015 8:00,42109.33,1595.8,25.49,17.64
4/15/2015 8:10,42109.34,1597,25.49,17.64
4/15/2015 8:20,42109.35,1598.6,25.49,17.64
4/15/2015 8:30,42109.35,1599.6,25.5,17.64
4/15/2015 8:40,42109.36,1600.8,25.49,17.64
4/15/2015 8:50,42109.37,1601.8,25.51,17.64
4/15/2015 9:00,42109.38,1602.9,25.49,17.64
4/15/2015 9:10,42109.38,1603.6,25.52,17.64
4/15/2015 9:20,42109.39,1604.6,25.51,17.64
4/15/2015 9:30,42109.40,1605.3,25.51,17.64
4/15/2015 9:40,42109.40,1606,25.51,17.64
4/15/2015 9:50,42109.41,1606.6,25.5,17.64
4/15/2015 10:00,42109.42,1607.3,25.5,17.64
4/15/2015 10:10,42109.42,1607.4,25.51,17.64
4/15/2015 10:20,42109.43,1607.4,25.51,17.64
4/15/2015 10:30,42109.44,1607.4,25.51,17.64
4/15/2015 10:40,42109.44,1607.1,25.5,17.64
4/15/2015 10:50,42109.45,1606.6,25.51,17.64
4/15/2015 11:00,42109.46,1606,25.51,17.64
4/15/2015 11:10,42109.47,1605.2,25.52,17.65
4/15/2015 11:20,42109.47,1604.1,25.51,17.64
4/15/2015 11:30,42109.48,1602.7,25.5,17.64
4/15/2015 11:40,42109.49,1601.5,25.49,17.64
4/15/2015 11:50,42109.49,1600.3,25.52,17.65
4/15/2015 12:00,42109.50,1598.9,25.5,17.64
4/15/2015 12:10,42109.51,1597.2,25.51,17.64
4/15/2015 12:20,42109.51,1595.4,25.49,17.64
4/15/2015 12:30,42109.52,1593.7,25.49,17.64
4/15/2015 12:40,42109.53,1592.1,25.5,17.64
4/15/2015 12:50,42109.53,1590.6,25.5,17.64
4/15/2015 13:00,42109.54,1588.5,25.54,17.64
4/15/2015 13:10,42109.55,1586.7,25.57,17.65
4/15/2015 13:20,42109.56,1584.8,25.56,17.64
4/15/2015 13:30,42109.56,1583.3,25.53,17.63
4/15/2015 13:40,42109.57,1581.7,25.51,17.65
4/15/2015 13:50,42109.58,1580,25.52,17.65
4/15/2015 14:00,42109.58,1578.6,25.5,17.64
4/15/2015 14:10,42109.59,1577,25.51,17.64
4/15/2015 14:20,42109.60,1575.8,25.52,17.65
4/15/2015 14:30,42109.60,1574.6,25.51,17.64
4/15/2015 14:40,42109.61,1573,25.5,17.64
4/15/2015 14:50,42109.62,1571.6,25.49,17.64
4/15/2015 15:00,42109.63,1570.6,25.5,17.64
4/15/2015 15:10,42109.63,1569.5,25.49,17.64
4/15/2015 15:20,42109.64,1568.5,25.5,17.64
4/15/2015 15:30,42109.65,1567.6,25.49,17.64
4/15/2015 15:40,42109.65,1566.9,25.5,17.64
4/15/2015 15:50,42109.66,1566.4,25.51,17.64
4/15/2015 16:00,42109.67,1565.7,25.5,17.64
4/15/2015 16:10,42109.67,1565,25.49,17.64
4/15/2015 16:20,42109.68,1564.3,25.51,17.64
4/15/2015 16:30,42109.69,1564.5,25.52,17.64
4/15/2015 16:40,42109.69,1564.2,25.53,17.64
4/15/2015 16:50,42109.70,1564.5,25.52,17.64
4/15/2015 17:00,42109.71,1564.7,25.52,17.65
4/15/2015 17:10,42109.72,1565.4,25.5,17.64
4/15/2015 17:20,42109.72,1566.1,25.53,17.63
4/15/2015 17:30,42109.73,1567.1,25.5,17.64
4/15/2015 17:40,42109.74,1568.3,25.5,17.64
4/15/2015 17:50,42109.74,1569.7,25.5,17.64
4/15/2015 18:00,42109.75,1571.1,25.49,17.64
4/15/2015 18:10,42109.76,1572.9,25.49,17.64
4/15/2015 18:20,42109.76,1574.8,25.49,17.64
4/15/2015 18:30,42109.77,1576.5,25.49,17.64
4/15/2015 18:40,42109.78,1578.6,25.49,17.64
4/15/2015 18:50,42109.78,1580.3,25.5,17.64
4/15/2015 19:00,42109.79,1582.3,25.48,17.63
4/15/2015 19:10,42109.80,1584.1,25.49,17.64
4/15/2015 19:20,42109.81,1586.2,25.5,17.64
4/15/2015 19:30,42109.81,1588.3,25.51,17.64
4/15/2015 19:40,42109.82,1590.4,25.5,17.64
4/15/2015 19:50,42109.83,1592.8,25.51,17.64
4/15/2015 20:00,42109.83,1594.9,25.52,17.64
4/15/2015 20:10,42109.84,1597,25.5,17.64
4/15/2015 20:20,42109.85,1599.1,25.49,17.64
4/15/2015 20:30,42109.85,1601.1,25.51,17.64
4/15/2015 20:40,42109.86,1602.7,25.49,17.64
4/15/2015 20:50,42109.87,1604.5,25.51,17.64
4/15/2015 21:00,42109.88,1606.2,25.51,17.64
4/15/2015 21:10,42109.88,1607.3,25.53,17.63
4/15/2015 21:20,42109.89,1608.4,25.5,17.64
4/15/2015 21:30,42109.90,1609.3,25.49,17.64
4/15/2015 21:40,42109.90,1610,25.5,17.64
4/15/2015 21:50,42109.91,1610.9,25.49,17.64
4/15/2015 22:00,42109.92,1611.6,25.49,17.64
4/15/2015 22:10,42109.92,1611.9,25.5,17.64
4/15/2015 22:20,42109.93,1612.1,25.5,17.64
4/15/2015 22:30,42109.94,1612.5,25.49,17.64
4/15/2015 22:40,42109.94,1612.6,25.5,17.64
4/15/2015 22:50,42109.95,1612.5,25.5,17.64
4/15/2015 23:00,42109.96,1612.3,25.49,17.64
4/15/2015 23:10,42109.97,1611.8,25.48,17.63
4/15/2015 23:20,42109.97,1610.9,25.5,17.64
4/15/2015 23:30,42109.98,1610.2,25.5,17.64
4/15/2015 23:40,42109.99,1608.8,25.5,17.64
4/15/2015 23:50,42109.99,1607.6,25.5,17.64
4/16/2015 0:00,42110.00,1605.9,25.49,17.64
4/16/2015 0:10,42110.01,1604.1,25.51,17.64
4/16/2015 0:20,42110.01,1602.4,25.51,17.64
4/16/2015 0:30,42110.02,1600.6,25.48,17.64
4/16/2015 0:40,42110.03,1598.4,25.5,17.64
4/16/2015 0:50,42110.03,1596.5,25.49,17.64
4/16/2015 1:00,42110.04,1594.3,25.48,17.64
4/16/2015 1:10,42110.05,1592.5,25.5,17.64
4/16/2015 1:20,42110.06,1590.6,25.5,17.64
4/16/2015 1:30,42110.06,1588.7,25.49,17.64
4/16/2015 1:40,42110.07,1586.2,25.5,17.64
4/16/2015 1:50,42110.08,1584.5,25.49,17.64
4/16/2015 2:00,42110.08,1582.8,25.5,17.64
4/16/2015 2:10,42110.09,1580.7,25.51,17.64
4/16/2015 2:20,42110.10,1579.1,25.53,17.63
4/16/2015 2:30,42110.10,1577.5,25.51,17.64
4/16/2015 2:40,42110.11,1575.8,25.5,17.64
4/16/2015 2:50,42110.12,1574.4,25.49,17.64
4/16/2015 3:00,42110.13,1572.7,25.49,17.64
4/16/2015 3:10,42110.13,1571.3,25.49,17.64
4/16/2015 3:20,42110.14,1570,25.52,17.65
4/16/2015 3:30,42110.15,1568.8,25.51,17.65
4/16/2015 3:40,42110.15,1567.4,25.5,17.64
4/16/2015 3:50,42110.16,1566.4,25.5,17.64
4/16/2015 4:00,42110.17,1565.4,25.52,17.65
4/16/2015 4:10,42110.17,1564.7,25.5,17.64
4/16/2015 4:20,42110.18,1564,25.5,17.64
4/16/2015 4:30,42110.19,1563.1,25.49,17.64
4/16/2015 4:40,42110.19,1562.4,25.48,17.63
4/16/2015 4:50,42110.20,1562.4,25.5,17.64
4/16/2015 5:00,42110.21,1562.1,25.5,17.64
4/16/2015 5:10,42110.22,1561.7,25.51,17.64
4/16/2015 5:20,42110.22,1562.1,25.5,17.64
4/16/2015 5:30,42110.23,1562.6,25.51,17.64
4/16/2015 5:40,42110.24,1563.1,25.49,17.64
4/16/2015 5:50,42110.24,1563.6,25.48,17.64
4/16/2015 6:00,42110.25,1564.9,25.49,17.64
4/16/2015 6:10,42110.26,1565.6,25.49,17.64
4/16/2015 6:20,42110.26,1567.3,25.51,17.64
4/16/2015 6:30,42110.27,1568.8,25.5,17.64
4/16/2015 6:40,42110.28,1570.2,25.51,17.64
4/16/2015 6:50,42110.28,1572.5,25.49,17.64
4/16/2015 7:00,42110.29,1574.4,25.49,17.64
4/16/2015 7:10,42110.30,1576.1,25.51,17.64
4/16/2015 7:20,42110.31,1578.2,25.53,17.63
4/16/2015 7:30,42110.31,1580.1,25.49,17.64
4/16/2015 7:40,42110.32,1582.4,25.49,17.64
4/16/2015 7:50,42110.33,1584.5,25.5,17.64
4/16/2015 8:00,42110.33,1586.7,25.5,17.64
4/16/2015 8:10,42110.34,1588.8,25.51,17.64
4/16/2015 8:20,42110.35,1591.6,25.51,17.64
4/16/2015 8:30,42110.35,1594.2,25.54,17.64
4/16/2015 8:40,42110.36,1596.7,25.49,17.64
4/16/2015 8:50,42110.37,1598.8,25.5,17.64
4/16/2015 9:00,42110.38,1600.7,25.53,17.63
4/16/2015 9:10,42110.38,1602.4,25.5,17.64
4/16/2015 9:20,42110.39,1604.1,25.51,17.64
4/16/2015 9:30,42110.40,1605.9,25.5,17.64
4/16/2015 9:40,42110.40,1607.7,25.55,17.64
4/16/2015 9:50,42110.41,1608.4,25.5,17.64
4/16/2015 10:00,42110.42,1609.7,25.5,17.64
4/16/2015 10:10,42110.42,1610.5,25.5,17.64
4/16/2015 10:20,42110.43,1611.6,25.51,17.64
4/16/2015 10:30,42110.44,1612.3,25.51,17.64
4/16/2015 10:40,42110.44,1612.6,25.49,17.64
4/16/2015 10:50,42110.45,1613,25.51,17.64
4/16/2015 11:00,42110.46,1613.3,25.51,17.64
4/16/2015 11:10,42110.47,1613.7,25.5,17.64
4/16/2015 11:20,42110.47,1613.7,25.51,17.64
4/16/2015 11:30,42110.48,1613.5,25.49,17.64
4/16/2015 11:40,42110.49,1613,25.49,17.63
4/16/2015 11:50,42110.49,1612.5,25.49,17.64
4/16/2015 12:00,42110.50,1611.9,25.49,17.64
4/16/2015 12:10,42110.51,1610.9,25.51,17.64
4/16/2015 12:20,42110.51,1610,25.53,17.64
4/16/2015 12:30,42110.52,1608.4,25.5,17.64
4/16/2015 12:40,42110.53,1607.1,25.49,17.64
4/16/2015 12:50,42110.53,1605.2,25.48,17.63
4/16/2015 13:00,42110.54,1603.2,25.5,17.64
4/16/2015 13:10,42110.55,1601.1,25.49,17.64
4/16/2015 13:20,42110.56,1599.3,25.5,17.64
4/16/2015 13:30,42110.56,1596.8,25.51,17.64
4/16/2015 13:40,42110.57,1594.6,25.49,17.64
4/16/2015 13:50,42110.58,1592.3,25.49,17.64
4/16/2015 14:00,42110.58,1590,25.52,17.65
4/16/2015 14:10,42110.59,1588,25.49,17.64
4/16/2015 14:20,42110.60,1585.9,25.5,17.64
4/16/2015 14:30,42110.60,1583.9,25.51,17.64
4/16/2015 14:40,42110.61,1581.7,25.49,17.64
4/16/2015 14:50,42110.62,1579.6,25.5,17.64
4/16/2015 15:00,42110.63,1578,25.5,17.64
4/16/2015 15:10,42110.63,1576.1,25.5,17.64
4/16/2015 15:20,42110.64,1574.4,25.5,17.64
4/16/2015 15:30,42110.65,1573,25.5,17.64
4/16/2015 15:40,42110.65,1571.3,25.48,17.63
4/16/2015 15:50,42110.66,1569.9,25.49,17.64
4/16/2015 16:00,42110.67,1568.7,25.5,17.64
4/16/2015 16:10,42110.67,1567.3,25.53,17.63
4/16/2015 16:20,42110.68,1566.1,25.54,17.64
4/16/2015 16:30,42110.69,1565,25.55,17.64
4/16/2015 16:40,42110.69,1564,25.5,17.64
4/16/2015 16:50,42110.70,1562.9,25.5,17.64
4/16/2015 17:00,42110.71,1562.2,25.51,17.64
4/16/2015 17:10,42110.72,1561.5,25.52,17.65
4/16/2015 17:20,42110.72,1561.2,25.54,17.64
4/16/2015 17:30,42110.73,1561,25.51,17.64
4/16/2015 17:40,42110.74,1560.7,25.5,17.64
4/16/2015 17:50,42110.74,1560.8,25.51,17.64
4/16/2015 18:00,42110.75,1561.2,25.49,17.64
4/16/2015 18:10,42110.76,1561.7,25.48,17.64
4/16/2015 18:20,42110.76,1563.1,25.48,17.63
4/16/2015 18:30,42110.77,1564.2,25.49,17.64
4/16/2015 18:40,42110.78,1565.6,25.5,17.64
4/16/2015 18:50,42110.78,1567.3,25.49,17.64
4/16/2015 19:00,42110.79,1569.2,25.51,17.64
4/16/2015 19:10,42110.80,1570.9,25.5,17.64
4/16/2015 19:20,42110.81,1573.2,25.53,17.63
4/16/2015 19:30,42110.81,1575.4,25.5,17.64
4/16/2015 19:40,42110.82,1577.9,25.51,17.64
4/16/2015 19:50,42110.83,1580.3,25.5,17.64
4/16/2015 20:00,42110.83,1582.5,25.52,17.64
4/16/2015 20:10,42110.84,1584.8,25.51,17.64
4/16/2015 20:20,42110.85,1587.3,25.5,17.64
4/16/2015 20:30,42110.85,1589.9,25.49,17.64
4/16/2015 20:40,42110.86,1592.3,25.51,17.64
4/16/2015 20:50,42110.87,1594.9,25.53,17.63
4/16/2015 21:00,42110.88,1597.9,25.49,17.64
4/16/2015 21:10,42110.88,1600.6,25.49,17.64
4/16/2015 21:20,42110.89,1603,25.48,17.64
4/16/2015 21:30,42110.90,1604.8,25.5,17.64
4/16/2015 21:40,42110.90,1606.6,25.52,17.64
4/16/2015 21:50,42110.91,1608.3,25.49,17.64
4/16/2015 22:00,42110.92,1610,25.5,17.64
4/16/2015 22:10,42110.92,1611.4,25.5,17.64
4/16/2015 22:20,42110.93,1612.1,25.52,17.64
4/16/2015 22:30,42110.94,1613,25.51,17.64
4/16/2015 22:40,42110.94,1613.7,25.51,17.64
4/16/2015 22:50,42110.95,1614,25.51,17.64
4/16/2015 23:00,42110.96,1614.3,25.52,17.65
4/16/2015 23:10,42110.97,1614.7,25.5,17.64
4/16/2015 23:20,42110.97,1614.6,25.5,17.64
4/16/2015 23:30,42110.98,1614.6,25.5,17.64
4/16/2015 23:40,42110.99,1614.6,25.51,17.64
4/16/2015 23:50,42110.99,1614.4,25.51,17.64
4/17/2015 0:00,42111.00,1614.2,25.49,17.64
4/17/2015 0:10,42111.01,1613.7,25.49,17.64
4/17/2015 0:20,42111.01,1612.8,25.5,17.64
4/17/2015 0:30,42111.02,1611.9,25.49,17.64
4/17/2015 0:40,42111.03,1610.9,25.49,17.64
4/17/2015 0:50,42111.03,1609.5,25.5,17.64
4/17/2015 1:00,42111.04,1608.1,25.49,17.64
4/17/2015 1:10,42111.05,1606.2,25.5,17.64
4/17/2015 1:20,42111.06,1604.5,25.54,17.64
4/17/2015 1:30,42111.06,1602,25.51,17.64
4/17/2015 1:40,42111.07,1600,25.5,17.64
4/17/2015 1:50,42111.08,1597.7,25.49,17.64
4/17/2015 2:00,42111.08,1594.7,25.52,17.65
4/17/2015 2:10,42111.09,1591.9,25.5,17.64
4/17/2015 2:20,42111.10,1589.7,25.51,17.64
4/17/2015 2:30,42111.10,1587.1,25.51,17.65
4/17/2015 2:40,42111.11,1584.8,25.51,17.65
4/17/2015 2:50,42111.12,1582.5,25.53,17.64
4/17/2015 3:00,42111.13,1580.3,25.52,17.65
4/17/2015 3:10,42111.13,1578.2,25.53,17.63
4/17/2015 3:20,42111.14,1576.1,25.51,17.64
4/17/2015 3:30,42111.15,1574.3,25.54,17.64
4/17/2015 3:40,42111.15,1572.4,25.48,17.64
4/17/2015 3:50,42111.16,1570.8,25.5,17.64
4/17/2015 4:00,42111.17,1569,25.5,17.64
4/17/2015 4:10,42111.17,1567.4,25.49,17.64
4/17/2015 4:20,42111.18,1566.3,25.5,17.64
4/17/2015 4:30,42111.19,1564.5,25.52,17.65
4/17/2015 4:40,42111.19,1563.8,25.52,17.65
4/17/2015 4:50,42111.20,1562.1,25.51,17.64
4/17/2015 5:00,42111.21,1561.2,25.52,17.65
4/17/2015 5:10,42111.22,1560.1,25.51,17.64
4/17/2015 5:20,42111.22,1558.9,25.52,17.65
4/17/2015 5:30,42111.23,1558.4,25.53,17.64
4/17/2015 5:40,42111.24,1557.9,25.51,17.64
4/17/2015 5:50,42111.24,1557.4,25.51,17.64
4/17/2015 6:00,42111.25,1557,25.52,17.65
4/17/2015 6:10,42111.26,1557,25.54,17.64
4/17/2015 6:20,42111.26,1557.2,25.51,17.64
4/17/2015 6:30,42111.27,1557.9,25.5,17.64
4/17/2015 6:40,42111.28,1558.7,25.49,17.64
4/17/2015 6:50,42111.28,1560.3,25.49,17.64
4/17/2015 7:00,42111.29,1561.7,25.49,17.64
4/17/2015 7:10,42111.30,1563.5,25.51,17.64
4/17/2015 7:20,42111.31,1565.6,25.54,17.64
4/17/2015 7:30,42111.31,1567.7,25.53,17.63
4/17/2015 7:40,42111.32,1569.9,25.51,17.64
4/17/2015 7:50,42111.33,1572.5,25.49,17.64
4/17/2015 8:00,42111.33,1575.1,25.5,17.64
4/17/2015 8:10,42111.34,1577.9,25.5,17.64
4/17/2015 8:20,42111.35,1580.8,25.49,17.64
4/17/2015 8:30,42111.35,1583.6,25.5,17.64
4/17/2015 8:40,42111.36,1586.9,25.49,17.64
4/17/2015 8:50,42111.37,1589.7,25.49,17.64
4/17/2015 9:00,42111.38,1592.3,25.49,17.64
4/17/2015 9:10,42111.38,1595.4,25.49,17.64
4/17/2015 9:20,42111.39,1598.6,25.5,17.64
4/17/2015 9:30,42111.40,1601.8,25.5,17.64
4/17/2015 9:40,42111.40,1604.5,25.49,17.64
4/17/2015 9:50,42111.41,1606.9,25.49,17.64
4/17/2015 10:00,42111.42,1608.8,25.5,17.64
4/17/2015 10:10,42111.42,1610.5,25.5,17.64
4/17/2015 10:20,42111.43,1612.1,25.5,17.64
4/17/2015 10:30,42111.44,1613.7,25.5,17.64
4/17/2015 10:40,42111.44,1614.6,25.51,17.64
4/17/2015 10:50,42111.45,1615.6,25.51,17.64
4/17/2015 11:00,42111.46,1616.3,25.5,17.64
4/17/2015 11:10,42111.47,1617.1,25.53,17.63
4/17/2015 11:20,42111.47,1617.5,25.51,17.64
4/17/2015 11:30,42111.48,1617.9,25.52,17.64
4/17/2015 11:40,42111.49,1618.3,25.52,17.64
4/17/2015 11:50,42111.49,1618.5,25.52,17.64
4/17/2015 12:00,42111.50,1618.5,25.49,17.64
4/17/2015 12:10,42111.51,1618.7,25.51,17.64
4/17/2015 12:20,42111.51,1618.4,25.49,17.64
4/17/2015 12:30,42111.52,1617.7,25.48,17.63
4/17/2015 12:40,42111.53,1617.3,25.49,17.64
4/17/2015 12:50,42111.53,1616.5,25.5,17.64
4/17/2015 13:00,42111.54,1615.4,25.5,17.64
4/17/2015 13:10,42111.55,1614.4,25.48,17.64
4/17/2015 13:20,42111.56,1612.9,25.48,17.64
4/17/2015 13:30,42111.56,1611.2,25.49,17.64
4/17/2015 13:40,42111.57,1609.1,25.49,17.64
4/17/2015 13:50,42111.58,1607.1,25.5,17.64
4/17/2015 14:00,42111.58,1604.8,25.51,17.64
4/17/2015 14:10,42111.59,1602.7,25.5,17.64
4/17/2015 14:20,42111.60,1600.6,25.49,17.64
4/17/2015 14:30,42111.60,1598.2,25.49,17.64
4/17/2015 14:40,42111.61,1595.4,25.48,17.63
4/17/2015 14:50,42111.62,1592.8,25.5,17.64
4/17/2015 15:00,42111.63,1590.3,25.47,17.65
4/17/2015 15:10,42111.63,1586.9,25.48,17.63
4/17/2015 15:20,42111.64,1584.3,25.49,17.64
4/17/2015 15:30,42111.65,1581.5,25.49,17.64
4/17/2015 15:40,42111.65,1578.7,25.49,17.64
4/17/2015 15:50,42111.66,1576.5,25.52,17.65
4/17/2015 16:00,42111.67,1573.9,25.49,17.64
4/17/2015 16:10,42111.67,1571.6,25.52,17.65
4/17/2015 16:20,42111.68,1569.4,25.52,17.65
4/17/2015 16:30,42111.69,1567.6,25.5,17.64
4/17/2015 16:40,42111.69,1566.3,25.49,17.64
4/17/2015 16:50,42111.70,1564.8,25.48,17.64
4/17/2015 17:00,42111.71,1563.1,25.5,17.64
4/17/2015 17:10,42111.72,1561.7,25.49,17.64
4/17/2015 17:20,42111.72,1560.3,25.48,17.64
4/17/2015 17:30,42111.73,1559.1,25.49,17.64
4/17/2015 17:40,42111.74,1558.3,25.5,17.64
4/17/2015 17:50,42111.74,1557,25.49,17.64
4/17/2015 18:00,42111.75,1556.3,25.5,17.64
4/17/2015 18:10,42111.76,1555.6,25.5,17.64
4/17/2015 18:20,42111.76,1555.1,25.49,17.64
4/17/2015 18:30,42111.77,1554.9,25.49,17.64
4/17/2015 18:40,42111.78,1554.9,25.51,17.64
4/17/2015 18:50,42111.78,1555.6,25.5,17.64
4/17/2015 19:00,42111.79,1556.2,25.49,17.64
4/17/2015 19:10,42111.80,1557.6,25.5,17.64
4/17/2015 19:20,42111.81,1559.1,25.51,17.64
4/17/2015 19:30,42111.81,1561,25.52,17.65
4/17/2015 19:40,42111.82,1563.4,25.48,17.64
4/17/2015 19:50,42111.83,1565.9,25.49,17.64
4/17/2015 20:00,42111.83,1568.3,25.5,17.64
4/17/2015 20:10,42111.84,1570.8,25.52,17.65
4/17/2015 20:20,42111.85,1573.9,25.5,17.64
4/17/2015 20:30,42111.85,1576.8,25.5,17.64
4/17/2015 20:40,42111.86,1580.3,25.48,17.63
4/17/2015 20:50,42111.87,1583.3,25.49,17.64
4/17/2015 21:00,42111.88,1586.5,25.48,17.64
4/17/2015 21:10,42111.88,1589.5,25.49,17.64
4/17/2015 21:20,42111.89,1592.3,25.49,17.64
4/17/2015 21:30,42111.90,1595.1,25.49,17.64
4/17/2015 21:40,42111.90,1598.4,25.49,17.64
4/17/2015 21:50,42111.91,1601.8,25.48,17.63
4/17/2015 22:00,42111.92,1604.8,25.49,17.64
4/17/2015 22:10,42111.92,1607.4,25.5,17.64
4/17/2015 22:20,42111.93,1609.7,25.49,17.64
4/17/2015 22:30,42111.94,1611.2,25.49,17.64
4/17/2015 22:40,42111.94,1612.6,25.5,17.64
4/17/2015 22:50,42111.95,1613.9,25.53,17.63
4/17/2015 23:00,42111.96,1615.3,25.54,17.64
4/17/2015 23:10,42111.97,1616,25.52,17.65
4/17/2015 23:20,42111.97,1616.8,25.51,17.64
4/17/2015 23:30,42111.98,1617.2,25.52,17.64
4/17/2015 23:40,42111.99,1618.2,25.49,17.64
4/17/2015 23:50,42111.99,1618.7,25.49,17.64
4/18/2015 0:00,42112.00,1619.1,25.5,17.64
4/18/2015 0:10,42112.01,1619.1,25.5,17.64
4/18/2015 0:20,42112.01,1619.4,25.51,17.64
4/18/2015 0:30,42112.02,1618.9,25.5,17.64
4/18/2015 0:40,42112.03,1618.7,25.49,17.64
4/18/2015 0:50,42112.03,1617.7,25.5,17.64
4/18/2015 1:00,42112.04,1616.8,25.49,17.64
4/18/2015 1:10,42112.05,1615.8,25.49,17.64
4/18/2015 1:20,42112.06,1614.6,25.49,17.64
4/18/2015 1:30,42112.06,1613.1,25.48,17.64
4/18/2015 1:40,42112.07,1611.4,25.5,17.64
4/18/2015 1:50,42112.08,1609.3,25.49,17.64
4/18/2015 2:00,42112.08,1606.9,25.49,17.64
4/18/2015 2:10,42112.09,1605.2,25.51,17.64
4/18/2015 2:20,42112.10,1602.7,25.49,17.64
4/18/2015 2:30,42112.10,1600.3,25.49,17.64
4/18/2015 2:40,42112.11,1598.1,25.49,17.64
4/18/2015 2:50,42112.12,1595.8,25.5,17.64
4/18/2015 3:00,42112.13,1592.8,25.48,17.63
4/18/2015 3:10,42112.13,1590.1,25.49,17.64
4/18/2015 3:20,42112.14,1586.9,25.49,17.64
4/18/2015 3:30,42112.15,1583.9,25.49,17.64
4/18/2015 3:40,42112.15,1581.2,25.49,17.64
4/18/2015 3:50,42112.16,1578,25.48,17.63
4/18/2015 4:00,42112.17,1575.6,25.49,17.64
4/18/2015 4:10,42112.17,1573,25.5,17.64
4/18/2015 4:20,42112.18,1570.9,25.49,17.64
4/18/2015 4:30,42112.19,1568.9,25.48,17.64
4/18/2015 4:40,42112.19,1567.1,25.48,17.64
4/18/2015 4:50,42112.20,1565.7,25.48,17.64
4/18/2015 5:00,42112.21,1563.6,25.49,17.64
4/18/2015 5:10,42112.22,1562.2,25.49,17.64
4/18/2015 5:20,42112.22,1560.6,25.48,17.64
4/18/2015 5:30,42112.23,1558.9,25.5,17.64
4/18/2015 5:40,42112.24,1557.7,25.5,17.64
4/18/2015 5:50,42112.24,1556.7,25.5,17.64
4/18/2015 6:00,42112.25,1555.6,25.53,17.64
4/18/2015 6:10,42112.26,1554.6,25.48,17.64
4/18/2015 6:20,42112.26,1553.8,25.52,17.65
4/18/2015 6:30,42112.27,1553,25.53,17.64
4/18/2015 6:40,42112.28,1552.5,25.51,17.64
4/18/2015 6:50,42112.28,1552.3,25.49,17.64
4/18/2015 7:00,42112.29,1552.7,25.49,17.64
4/18/2015 7:10,42112.30,1553.2,25.49,17.64
4/18/2015 7:20,42112.31,1553.9,25.51,17.64
4/18/2015 7:30,42112.31,1555.6,25.5,17.64
4/18/2015 7:40,42112.32,1557.5,25.48,17.64
4/18/2015 7:50,42112.33,1559.4,25.51,17.64
4/18/2015 8:00,42112.33,1561.9,25.49,17.64
4/18/2015 8:10,42112.34,1564.5,25.52,17.65
4/18/2015 8:20,42112.35,1567.8,25.52,17.65
4/18/2015 8:30,42112.35,1570.8,25.49,17.64
4/18/2015 8:40,42112.36,1574.4,25.48,17.63
4/18/2015 8:50,42112.37,1577.7,25.51,17.64
4/18/2015 9:00,42112.38,1581.2,25.51,17.64
4/18/2015 9:10,42112.38,1584.8,25.48,17.64
4/18/2015 9:20,42112.39,1588.3,25.49,17.64
4/18/2015 9:30,42112.40,1591.1,25.5,17.64
4/18/2015 9:40,42112.40,1594,25.5,17.64
4/18/2015 9:50,42112.41,1597.2,25.51,17.64
4/18/2015 10:00,42112.42,1600.4,25.49,17.64
4/18/2015 10:10,42112.42,1603.9,25.5,17.64
4/18/2015 10:20,42112.43,1606.9,25.5,17.64
4/18/2015 10:30,42112.44,1610,25.5,17.64
4/18/2015 10:40,42112.44,1612.1,25.49,17.64
4/18/2015 10:50,42112.45,1614.2,25.51,17.64
4/18/2015 11:00,42112.46,1615.6,25.5,17.64
4/18/2015 11:10,42112.47,1617.5,25.52,17.65
4/18/2015 11:20,42112.47,1618.9,25.51,17.64
4/18/2015 11:30,42112.48,1620.8,25.49,17.64
4/18/2015 11:40,42112.49,1622.2,25.49,17.64
4/18/2015 11:50,42112.49,1623.3,25.49,17.64
4/18/2015 12:00,42112.50,1624.5,25.5,17.64
4/18/2015 12:10,42112.51,1625.5,25.51,17.64
4/18/2015 12:20,42112.51,1626.3,25.49,17.64
4/18/2015 12:30,42112.52,1627.6,25.52,17.65
4/18/2015 12:40,42112.53,1628,25.48,17.64
4/18/2015 12:50,42112.53,1628.1,25.5,17.64
4/18/2015 13:00,42112.54,1627.7,25.49,17.64
4/18/2015 13:10,42112.55,1627.3,25.52,17.64
4/18/2015 13:20,42112.56,1625.9,25.52,17.65
4/18/2015 13:30,42112.56,1624.3,25.51,17.64
4/18/2015 13:40,42112.57,1621.9,25.5,17.64
4/18/2015 13:50,42112.58,1619.2,25.5,17.64
4/18/2015 14:00,42112.58,1617.1,25.49,17.64
4/18/2015 14:10,42112.59,1614.7,25.49,17.64
4/18/2015 14:20,42112.60,1612.1,25.51,17.64
4/18/2015 14:30,42112.60,1609.5,25.49,17.64
4/18/2015 14:40,42112.61,1607.4,25.5,17.64
4/18/2015 14:50,42112.62,1605.5,25.5,17.64
4/18/2015 15:00,42112.63,1603.2,25.52,17.65
4/18/2015 15:10,42112.63,1600.6,25.5,17.64
4/18/2015 15:20,42112.64,1598.4,25.51,17.64
4/18/2015 15:30,42112.65,1596,25.5,17.64
4/18/2015 15:40,42112.65,1593.7,25.5,17.64
4/18/2015 15:50,42112.66,1591.3,25.49,17.64
4/18/2015 16:00,42112.67,1588.1,25.49,17.64
4/18/2015 16:10,42112.67,1585.2,25.48,17.64
4/18/2015 16:20,42112.68,1582.2,25.5,17.64
4/18/2015 16:30,42112.69,1579.1,25.48,17.63
4/18/2015 16:40,42112.69,1576.3,25.49,17.64
4/18/2015 16:50,42112.70,1573.7,25.49,17.64
4/18/2015 17:00,42112.71,1571.1,25.49,17.64
4/18/2015 17:10,42112.72,1568.8,25.52,17.65
4/18/2015 17:20,42112.72,1566.7,25.5,17.64
4/18/2015 17:30,42112.73,1565,25.5,17.64
4/18/2015 17:40,42112.74,1563.3,25.48,17.63
4/18/2015 17:50,42112.74,1561.7,25.48,17.63
4/18/2015 18:00,42112.75,1560.1,25.5,17.64
4/18/2015 18:10,42112.76,1559,25.48,17.64
4/18/2015 18:20,42112.76,1557.6,25.49,17.64
4/18/2015 18:30,42112.77,1556.3,25.49,17.64
4/18/2015 18:40,42112.78,1555.1,25.49,17.64
4/18/2015 18:50,42112.78,1554.4,25.51,17.64
4/18/2015 19:00,42112.79,1553.7,25.49,17.64
4/18/2015 19:10,42112.80,1553.4,25.5,17.64
4/18/2015 19:20,42112.81,1553,25.48,17.63
4/18/2015 19:30,42112.81,1553.4,25.48,17.63
4/18/2015 19:40,42112.82,1554.1,25.49,17.64
4/18/2015 19:50,42112.83,1555.5,25.5,17.64
4/18/2015 20:00,42112.83,1556.9,25.5,17.64
4/18/2015 20:10,42112.84,1558.7,25.49,17.64
4/18/2015 20:20,42112.85,1561.4,25.5,17.64
4/18/2015 20:30,42112.85,1564.5,25.49,17.64
4/18/2015 20:40,42112.86,1567.3,25.49,17.64
4/18/2015 20:50,42112.87,1570.4,25.49,17.64
4/18/2015 21:00,42112.88,1574.1,25.5,17.64
4/18/2015 21:10,42112.88,1577.7,25.5,17.64
4/18/2015 21:20,42112.89,1581.5,25.51,17.64
4/18/2015 21:30,42112.90,1585.2,25.51,17.64
4/18/2015 21:40,42112.90,1588.7,25.51,17.64
4/18/2015 21:50,42112.91,1591.8,25.5,17.64
4/18/2015 22:00,42112.92,1594.7,25.49,17.63
4/18/2015 22:10,42112.92,1597.7,25.49,17.64
4/18/2015 22:20,42112.93,1600.4,25.52,17.65
4/18/2015 22:30,42112.94,1603.8,25.49,17.64
4/18/2015 22:40,42112.94,1607.3,25.49,17.64
4/18/2015 22:50,42112.95,1610.5,25.5,17.64
4/18/2015 23:00,42112.96,1612.6,25.48,17.64
4/18/2015 23:10,42112.97,1614.6,25.49,17.64
4/18/2015 23:20,42112.97,1615.6,25.48,17.63
4/18/2015 23:30,42112.98,1617.3,25.49,17.64
4/18/2015 23:40,42112.99,1619.1,25.48,17.63
4/18/2015 23:50,42112.99,1620.7,25.48,17.63
4/19/2015 0:00,42113.00,1622,25.5,17.64
4/19/2015 0:10,42113.01,1623.1,25.51,17.64
4/19/2015 0:20,42113.01,1624.7,25.48,17.64
4/19/2015 0:30,42113.02,1625.5,25.49,17.64
4/19/2015 0:40,42113.03,1626.3,25.5,17.64
4/19/2015 0:50,42113.03,1627,25.5,17.64
4/19/2015 1:00,42113.04,1627.7,25.5,17.64
4/19/2015 1:10,42113.05,1627.7,25.49,17.64
4/19/2015 1:20,42113.06,1627.4,25.49,17.64
4/19/2015 1:30,42113.06,1626.7,25.49,17.64
4/19/2015 1:40,42113.07,1625.1,25.51,17.64
4/19/2015 1:50,42113.08,1623.3,25.5,17.64
4/19/2015 2:00,42113.08,1620.8,25.5,17.64
4/19/2015 2:10,42113.09,1618.5,25.5,17.64
4/19/2015 2:20,42113.10,1616.2,25.48,17.63
4/19/2015 2:30,42113.10,1613.6,25.48,17.64
4/19/2015 2:40,42113.11,1610.8,25.52,17.64
4/19/2015 2:50,42113.12,1608.6,25.5,17.64
4/19/2015 3:00,42113.13,1606.4,25.49,17.63
4/19/2015 3:10,42113.13,1604.1,25.5,17.64
4/19/2015 3:20,42113.14,1601.8,25.49,17.64
4/19/2015 3:30,42113.15,1599.8,25.51,17.64
4/19/2015 3:40,42113.15,1597.4,25.51,17.64
4/19/2015 3:50,42113.16,1594.7,25.5,17.64
4/19/2015 4:00,42113.17,1592.5,25.48,17.63
4/19/2015 4:10,42113.17,1589.5,25.5,17.64
4/19/2015 4:20,42113.18,1586.9,25.48,17.63
4/19/2015 4:30,42113.19,1584.1,25.49,17.64
4/19/2015 4:40,42113.19,1580.8,25.5,17.64
4/19/2015 4:50,42113.20,1577.5,25.5,17.64
4/19/2015 5:00,42113.21,1575,25.48,17.63
4/19/2015 5:10,42113.22,1572.5,25.48,17.63
4/19/2015 5:20,42113.22,1570.2,25.5,17.64
4/19/2015 5:30,42113.23,1568,25.5,17.64
4/19/2015 5:40,42113.24,1566.4,25.49,17.64
4/19/2015 5:50,42113.24,1564.5,25.49,17.64
4/19/2015 6:00,42113.25,1562.9,25.49,17.64
4/19/2015 6:10,42113.26,1561.5,25.48,17.64
4/19/2015 6:20,42113.26,1559.7,25.48,17.64
4/19/2015 6:30,42113.27,1558.6,25.49,17.64
4/19/2015 6:40,42113.28,1557.6,25.48,17.64
4/19/2015 6:50,42113.28,1556.9,25.5,17.64
4/19/2015 7:00,42113.29,1555.4,25.52,17.64
4/19/2015 7:10,42113.30,1554.4,25.5,17.64
4/19/2015 7:20,42113.31,1553.9,25.5,17.64
4/19/2015 7:30,42113.31,1553.2,25.51,17.64
4/19/2015 7:40,42113.32,1553.3,25.48,17.64
4/19/2015 7:50,42113.33,1553.4,25.5,17.64
4/19/2015 8:00,42113.33,1554.2,25.5,17.64
4/19/2015 8:10,42113.34,1555.8,25.47,17.65
4/19/2015 8:20,42113.35,1557.4,25.49,17.64
4/19/2015 8:30,42113.35,1559.4,25.49,17.64
4/19/2015 8:40,42113.36,1562.2,25.5,17.64
4/19/2015 8:50,42113.37,1565.4,25.49,17.64
4/19/2015 9:00,42113.38,1568.5,25.5,17.64
4/19/2015 9:10,42113.38,1571.9,25.48,17.63
4/19/2015 9:20,42113.39,1575.4,25.49,17.63
4/19/2015 9:30,42113.40,1579.4,25.5,17.64
4/19/2015 9:40,42113.40,1583.3,25.51,17.64
4/19/2015 9:50,42113.41,1587.4,25.5,17.64
4/19/2015 10:00,42113.42,1591.5,25.49,17.64
4/19/2015 10:10,42113.42,1594.6,25.48,17.63
4/19/2015 10:20,42113.43,1597.5,25.51,17.64
4/19/2015 10:30,42113.44,1600.6,25.48,17.64
4/19/2015 10:40,42113.44,1604.1,25.5,17.64
4/19/2015 10:50,42113.45,1607.4,25.49,17.64
4/19/2015 11:00,42113.46,1610.7,25.5,17.64
4/19/2015 11:10,42113.47,1613.7,25.51,17.64
4/19/2015 11:20,42113.47,1616.5,25.5,17.64
4/19/2015 11:30,42113.48,1619.2,25.5,17.64
4/19/2015 11:40,42113.49,1620.8,25.49,17.64
4/19/2015 11:50,42113.49,1622.3,25.48,17.64
4/19/2015 12:00,42113.50,1624.1,25.48,17.64
4/19/2015 12:10,42113.51,1626,25.5,17.64
4/19/2015 12:20,42113.51,1627.9,25.49,17.64
4/19/2015 12:30,42113.52,1629.1,25.49,17.64
4/19/2015 12:40,42113.53,1630.5,25.5,17.64
4/19/2015 12:50,42113.53,1632.1,25.49,17.64
4/19/2015 13:00,42113.54,1633.5,25.5,17.64
4/19/2015 13:10,42113.55,1634.5,25.49,17.64
4/19/2015 13:20,42113.56,1635.2,25.49,17.64
4/19/2015 13:30,42113.56,1635.6,25.49,17.64
4/19/2015 13:40,42113.57,1635.6,25.49,17.64
4/19/2015 13:50,42113.58,1635.2,25.49,17.64
4/19/2015 14:00,42113.58,1634.2,25.49,17.64
4/19/2015 14:10,42113.59,1632.6,25.5,17.64
4/19/2015 14:20,42113.60,1630.4,25.49,17.64
4/19/2015 14:30,42113.60,1627,25.5,17.64
4/19/2015 14:40,42113.61,1623.8,25.5,17.64
4/19/2015 14:50,42113.62,1620.6,25.49,17.64
4/19/2015 15:00,42113.63,1617.7,25.49,17.64
4/19/2015 15:10,42113.63,1614.6,25.51,17.64
4/19/2015 15:20,42113.64,1611.8,25.49,17.64
4/19/2015 15:30,42113.65,1609.5,25.49,17.64
4/19/2015 15:40,42113.65,1606.9,25.49,17.64
4/19/2015 15:50,42113.66,1605.1,25.48,17.64
4/19/2015 16:00,42113.67,1602.4,25.48,17.64
4/19/2015 16:10,42113.67,1600.3,25.49,17.64
4/19/2015 16:20,42113.68,1598.1,25.48,17.64
4/19/2015 16:30,42113.69,1595.9,25.48,17.64
4/19/2015 16:40,42113.69,1593.7,25.51,17.64
4/19/2015 16:50,42113.70,1590.9,25.51,17.64
4/19/2015 17:00,42113.71,1588.3,25.48,17.64
4/19/2015 17:10,42113.72,1585.1,25.48,17.64
4/19/2015 17:20,42113.72,1582.1,25.5,17.64
4/19/2015 17:30,42113.73,1579.1,25.52,17.65
4/19/2015 17:40,42113.74,1576.6,25.49,17.64
4/19/2015 17:50,42113.74,1574.1,25.51,17.64
4/19/2015 18:00,42113.75,1572.2,25.5,17.64
4/19/2015 18:10,42113.76,1569.8,25.52,17.64
4/19/2015 18:20,42113.76,1567.8,25.5,17.64
4/19/2015 18:30,42113.77,1565.9,25.47,17.63
4/19/2015 18:40,42113.78,1564.5,25.48,17.63
4/19/2015 18:50,42113.78,1563.1,25.49,17.64
4/19/2015 19:00,42113.79,1561.7,25.5,17.64
4/19/2015 19:10,42113.80,1560.3,25.49,17.64
4/19/2015 19:20,42113.81,1558.7,25.49,17.64
4/19/2015 19:30,42113.81,1557.7,25.49,17.64
4/19/2015 19:40,42113.82,1556.9,25.5,17.64
4/19/2015 19:50,42113.83,1556.3,25.49,17.64
4/19/2015 20:00,42113.83,1556.2,25.51,17.64
4/19/2015 20:10,42113.84,1556.2,25.48,17.64
4/19/2015 20:20,42113.85,1556.3,25.47,17.63
4/19/2015 20:30,42113.85,1557.2,25.49,17.64
4/19/2015 20:40,42113.86,1558.6,25.49,17.64
4/19/2015 20:50,42113.87,1560.7,25.5,17.64
4/19/2015 21:00,42113.88,1562.6,25.51,17.64
4/19/2015 21:10,42113.88,1565.4,25.5,17.64
4/19/2015 21:20,42113.89,1568.1,25.5,17.64
4/19/2015 21:30,42113.90,1571.5,25.5,17.64
4/19/2015 21:40,42113.90,1575,25.49,17.64
4/19/2015 21:50,42113.91,1578.6,25.49,17.64
4/19/2015 22:00,42113.92,1582.2,25.48,17.64
4/19/2015 22:10,42113.92,1586.2,25.5,17.64
4/19/2015 22:20,42113.93,1589.5,25.5,17.64
4/19/2015 22:30,42113.94,1593,25.5,17.64
4/19/2015 22:40,42113.94,1596.5,25.49,17.64
4/19/2015 22:50,42113.95,1599.1,25.53,17.63
4/19/2015 23:00,42113.96,1602,25.49,17.64
4/19/2015 23:10,42113.97,1605.5,25.49,17.64
4/19/2015 23:20,42113.97,1609,25.5,17.64
4/19/2015 23:30,42113.98,1611.9,25.5,17.64
4/19/2015 23:40,42113.99,1614.9,25.49,17.64
4/19/2015 23:50,42113.99,1616.8,25.51,17.64
4/20/2015 0:00,42114.00,1617.8,25.51,17.64
4/20/2015 0:10,42114.01,1619.2,25.5,17.64
4/20/2015 0:20,42114.01,1620.7,25.48,17.64
4/20/2015 0:30,42114.02,1622.4,25.48,17.64
4/20/2015 0:40,42114.03,1623.5,25.48,17.64
4/20/2015 0:50,42114.03,1625,25.5,17.64
4/20/2015 1:00,42114.04,1626.5,25.48,17.64
4/20/2015 1:10,42114.05,1627,25.53,17.63
4/20/2015 1:20,42114.06,1628.1,25.49,17.64
4/20/2015 1:30,42114.06,1628.8,25.49,17.64
4/20/2015 1:40,42114.07,1629,25.52,17.65
4/20/2015 1:50,42114.08,1629,25.5,17.64
4/20/2015 2:00,42114.08,1628.6,25.51,17.64
4/20/2015 2:10,42114.09,1627.6,25.49,17.64
4/20/2015 2:20,42114.10,1626.2,25.48,17.63
4/20/2015 2:30,42114.10,1624,25.51,17.64
4/20/2015 2:40,42114.11,1622,25.49,17.64
4/20/2015 2:50,42114.12,1619.9,25.51,17.64
4/20/2015 3:00,42114.13,1617.7,25.49,17.64
4/20/2015 3:10,42114.13,1615.7,25.48,17.64
4/20/2015 3:20,42114.14,1613.2,25.47,17.63
4/20/2015 3:30,42114.15,1611.1,25.47,17.63
4/20/2015 3:40,42114.15,1608.6,25.51,17.64
4/20/2015 3:50,42114.16,1606.6,25.51,17.64
4/20/2015 4:00,42114.17,1604.1,25.48,17.63
4/20/2015 4:10,42114.17,1601.3,25.5,17.64
4/20/2015 4:20,42114.18,1598.9,25.48,17.64
4/20/2015 4:30,42114.19,1596.7,25.5,17.64
4/20/2015 4:40,42114.19,1593.9,25.49,17.64
4/20/2015 4:50,42114.20,1591.3,25.49,17.64
4/20/2015 5:00,42114.21,1588.3,25.48,17.63
4/20/2015 5:10,42114.22,1585,25.49,17.64
4/20/2015 5:20,42114.22,1582.2,25.51,17.64
4/20/2015 5:30,42114.23,1579.4,25.5,17.64
4/20/2015 5:40,42114.24,1576.6,25.49,17.64
4/20/2015 5:50,42114.24,1574.4,25.48,17.63
4/20/2015 6:00,42114.25,1572.2,25.49,17.64
4/20/2015 6:10,42114.26,1570.2,25.49,17.64
4/20/2015 6:20,42114.26,1568.5,25.5,17.64
4/20/2015 6:30,42114.27,1566.7,25.51,17.64
4/20/2015 6:40,42114.28,1565,25.52,17.65
4/20/2015 6:50,42114.28,1563.6,25.53,17.63
4/20/2015 7:00,42114.29,1561.9,25.5,17.64
4/20/2015 7:10,42114.30,1560.5,25.52,17.65
4/20/2015 7:20,42114.31,1559.3,25.51,17.64
4/20/2015 7:30,42114.31,1558.3,25.51,17.64
4/20/2015 7:40,42114.32,1557.4,25.5,17.64
4/20/2015 7:50,42114.33,1556.3,25.5,17.64
4/20/2015 8:00,42114.33,1555.8,25.47,17.63
4/20/2015 8:10,42114.34,1555.6,25.49,17.64
4/20/2015 8:20,42114.35,1555.8,25.48,17.64
4/20/2015 8:30,42114.35,1556.2,25.48,17.63
4/20/2015 8:40,42114.36,1557,25.49,17.64
4/20/2015 8:50,42114.37,1558.4,25.49,17.64
4/20/2015 9:00,42114.38,1560.8,25.51,17.64
4/20/2015 9:10,42114.38,1563.1,25.49,17.64
4/20/2015 9:20,42114.39,1565.7,25.49,17.64
4/20/2015 9:30,42114.40,1568.7,25.5,17.64
4/20/2015 9:40,42114.40,1571.8,25.49,17.64
4/20/2015 9:50,42114.41,1575.4,25.51,17.64
4/20/2015 10:00,42114.42,1578.9,25.48,17.64
4/20/2015 10:10,42114.42,1582.8,25.53,17.63
4/20/2015 10:20,42114.43,1586.6,25.51,17.64
4/20/2015 10:30,42114.44,1590.4,25.5,17.64
4/20/2015 10:40,42114.44,1594.3,25.48,17.64
4/20/2015 10:50,42114.45,1597.5,25.49,17.64
4/20/2015 11:00,42114.46,1600.1,25.49,17.64
4/20/2015 11:10,42114.47,1603.1,25.49,17.64
4/20/2015 11:20,42114.47,1606.4,25.5,17.64
4/20/2015 11:30,42114.48,1610,25.48,17.64
4/20/2015 11:40,42114.49,1613.1,25.52,17.64
4/20/2015 11:50,42114.49,1615.8,25.5,17.64
4/20/2015 12:00,42114.50,1618.5,25.5,17.64
4/20/2015 12:10,42114.51,1620.5,25.49,17.64
4/20/2015 12:20,42114.51,1621.7,25.48,17.64
4/20/2015 12:30,42114.52,1623.6,25.5,17.64
4/20/2015 12:40,42114.53,1625.5,25.49,17.64
4/20/2015 12:50,42114.53,1627.6,25.51,17.65
4/20/2015 13:00,42114.54,1629.7,25.5,17.64
4/20/2015 13:10,42114.55,1631.1,25.48,17.64
4/20/2015 13:20,42114.56,1632.5,25.49,17.64
4/20/2015 13:30,42114.56,1634,25.49,17.64
4/20/2015 13:40,42114.57,1634.9,25.49,17.64
4/20/2015 13:50,42114.58,1635.9,25.49,17.64
4/20/2015 14:00,42114.58,1636.8,25.5,17.64
4/20/2015 14:10,42114.59,1637.2,25.48,17.64
4/20/2015 14:20,42114.60,1637.1,25.49,17.64
4/20/2015 14:30,42114.60,1636.7,25.48,17.64
4/20/2015 14:40,42114.61,1635.4,25.47,17.64
4/20/2015 14:50,42114.62,1633.8,25.49,17.64
4/20/2015 15:00,42114.63,1631.4,25.49,17.64
4/20/2015 15:10,42114.63,1628.2,25.48,17.64
4/20/2015 15:20,42114.64,1625.1,25.49,17.64
4/20/2015 15:30,42114.65,1621.9,25.48,17.64
4/20/2015 15:40,42114.65,1619.2,25.49,17.64
4/20/2015 15:50,42114.66,1616.2,25.48,17.64
4/20/2015 16:00,42114.67,1613.5,25.5,17.64
4/20/2015 16:10,42114.67,1611.2,25.49,17.64
4/20/2015 16:20,42114.68,1608.9,25.52,17.65
4/20/2015 16:30,42114.69,1606.7,25.51,17.64
4/20/2015 16:40,42114.69,1604.5,25.49,17.64
4/20/2015 16:50,42114.70,1602.2,25.49,17.64
4/20/2015 17:00,42114.71,1599.8,25.5,17.64
4/20/2015 17:10,42114.72,1597.5,25.51,17.65
4/20/2015 17:20,42114.72,1595,25.48,17.64
4/20/2015 17:30,42114.73,1592.6,25.48,17.64
4/20/2015 17:40,42114.74,1589.5,25.49,17.64
4/20/2015 17:50,42114.74,1586.7,25.51,17.64
4/20/2015 18:00,42114.75,1583.6,25.5,17.64
4/20/2015 18:10,42114.76,1581,25.5,17.64
4/20/2015 18:20,42114.76,1578.2,25.47,17.63
4/20/2015 18:30,42114.77,1575.6,25.51,17.64
4/20/2015 18:40,42114.78,1573.3,25.48,17.64
4/20/2015 18:50,42114.78,1571.1,25.5,17.64
4/20/2015 19:00,42114.79,1568.7,25.49,17.64
4/20/2015 19:10,42114.80,1567.1,25.49,17.64
4/20/2015 19:20,42114.81,1565.7,25.47,17.65
4/20/2015 19:30,42114.81,1563.8,25.5,17.64
4/20/2015 19:40,42114.82,1562.2,25.49,17.64
4/20/2015 19:50,42114.83,1561.4,25.48,17.63
4/20/2015 20:00,42114.83,1560.1,25.49,17.64
4/20/2015 20:10,42114.84,1559.1,25.49,17.64
4/20/2015 20:20,42114.85,1558.3,25.49,17.64
4/20/2015 20:30,42114.85,1557.7,25.51,17.64
4/20/2015 20:40,42114.86,1557.4,25.48,17.63
4/20/2015 20:50,42114.87,1557.2,25.48,17.64
4/20/2015 21:00,42114.88,1557.6,25.48,17.64
4/20/2015 21:10,42114.88,1558.6,25.49,17.64
4/20/2015 21:20,42114.89,1559.8,25.49,17.64
4/20/2015 21:30,42114.90,1561.9,25.48,17.63
4/20/2015 21:40,42114.90,1564,25.49,17.64
4/20/2015 21:50,42114.91,1566.1,25.47,17.63
4/20/2015 22:00,42114.92,1569,25.47,17.63
4/20/2015 22:10,42114.92,1572.3,25.47,17.63
4/20/2015 22:20,42114.93,1575.4,25.51,17.64
4/20/2015 22:30,42114.94,1578.7,25.48,17.63
4/20/2015 22:40,42114.94,1582.2,25.48,17.64
4/20/2015 22:50,42114.95,1586.2,25.49,17.64
4/20/2015 23:00,42114.96,1589.7,25.48,17.63
4/20/2015 23:10,42114.97,1592.8,25.5,17.64
4/20/2015 23:20,42114.97,1595.9,25.48,17.64
4/20/2015 23:30,42114.98,1599,25.48,17.64
4/20/2015 23:40,42114.99,1601.3,25.5,17.64
4/20/2015 23:50,42114.99,1604.6,25.49,17.64
4/21/2015 0:00,42115.00,1607.8,25.48,17.64
4/21/2015 0:10,42115.01,1610.7,25.49,17.64
4/21/2015 0:20,42115.01,1613.9,25.49,17.64
4/21/2015 0:30,42115.02,1615.8,25.48,17.64
4/21/2015 0:40,42115.03,1617.5,25.5,17.64
4/21/2015 0:50,42115.03,1618.5,25.5,17.64
4/21/2015 1:00,42115.04,1619.3,25.48,17.64
4/21/2015 1:10,42115.05,1620.3,25.5,17.64
4/21/2015 1:20,42115.06,1621.7,25.49,17.64
4/21/2015 1:30,42115.06,1623.1,25.49,17.64
4/21/2015 1:40,42115.07,1623.6,25.5,17.64
4/21/2015 1:50,42115.08,1624.5,25.5,17.64
4/21/2015 2:00,42115.08,1625.3,25.51,17.64
4/21/2015 2:10,42115.09,1625.6,25.49,17.64
4/21/2015 2:20,42115.10,1625.8,25.49,17.64
4/21/2015 2:30,42115.10,1625.6,25.5,17.64
4/21/2015 2:40,42115.11,1625.3,25.49,17.64
4/21/2015 2:50,42115.12,1624.7,25.49,17.64
4/21/2015 3:00,42115.13,1623.7,25.48,17.64
4/21/2015 3:10,42115.13,1622,25.5,17.64
4/21/2015 3:20,42115.14,1620.5,25.49,17.64
4/21/2015 3:30,42115.15,1618.9,25.49,17.64
4/21/2015 3:40,42115.15,1617.3,25.49,17.64
4/21/2015 3:50,42115.16,1615.1,25.5,17.64
4/21/2015 4:00,42115.17,1613.1,25.48,17.64
4/21/2015 4:10,42115.17,1610.7,25.49,17.64
4/21/2015 4:20,42115.18,1608.8,25.5,17.64
4/21/2015 4:30,42115.19,1606.6,25.48,17.64
4/21/2015 4:40,42115.19,1603.9,25.49,17.64
4/21/2015 4:50,42115.20,1601.3,25.48,17.64
4/21/2015 5:00,42115.21,1598.9,25.5,17.64
4/21/2015 5:10,42115.22,1596.1,25.5,17.64
4/21/2015 5:20,42115.22,1593.4,25.47,17.65
4/21/2015 5:30,42115.23,1590.6,25.49,17.64
4/21/2015 5:40,42115.24,1587.6,25.47,17.63
4/21/2015 5:50,42115.24,1584.6,25.48,17.64
4/21/2015 6:00,42115.25,1582.1,25.49,17.64
4/21/2015 6:10,42115.26,1579.6,25.51,17.64
4/21/2015 6:20,42115.26,1577,25.49,17.64
4/21/2015 6:30,42115.27,1575.1,25.47,17.63
4/21/2015 6:40,42115.28,1573,25.5,17.64
4/21/2015 6:50,42115.28,1571.1,25.5,17.64
4/21/2015 7:00,42115.29,1569.5,25.48,17.64
4/21/2015 7:10,42115.30,1567.6,25.48,17.63
4/21/2015 7:20,42115.31,1566.4,25.48,17.63
4/21/2015 7:30,42115.31,1565,25.49,17.64
4/21/2015 7:40,42115.32,1563.9,25.48,17.64
4/21/2015 7:50,42115.33,1562.4,25.49,17.64
4/21/2015 8:00,42115.33,1561.4,25.5,17.64
4/21/2015 8:10,42115.34,1560,25.49,17.64
4/21/2015 8:20,42115.35,1559.3,25.51,17.64
4/21/2015 8:30,42115.35,1558.6,25.52,17.65
4/21/2015 8:40,42115.36,1558.1,25.49,17.64
4/21/2015 8:50,42115.37,1558.1,25.49,17.64
4/21/2015 9:00,42115.38,1558.2,25.47,17.65
4/21/2015 9:10,42115.38,1558.7,25.49,17.64
4/21/2015 9:20,42115.39,1560.1,25.5,17.64
4/21/2015 9:30,42115.40,1562.1,25.5,17.64
4/21/2015 9:40,42115.40,1564,25.52,17.65
4/21/2015 9:50,42115.41,1566.6,25.51,17.64
4/21/2015 10:00,42115.42,1569.4,25.49,17.64
4/21/2015 10:10,42115.42,1572.2,25.49,17.64
4/21/2015 10:20,42115.43,1575.8,25.49,17.64
4/21/2015 10:30,42115.44,1578.7,25.48,17.63
4/21/2015 10:40,42115.44,1582.1,25.5,17.64
4/21/2015 10:50,42115.45,1586,25.48,17.63
4/21/2015 11:00,42115.46,1590.1,25.49,17.64
4/21/2015 11:10,42115.47,1593.2,25.49,17.64
4/21/2015 11:20,42115.47,1596.3,25.49,17.64
4/21/2015 11:30,42115.48,1599.1,25.47,17.63
4/21/2015 11:40,42115.49,1602.2,25.49,17.64
4/21/2015 11:50,42115.49,1605.5,25.5,17.64
4/21/2015 12:00,42115.50,1608.6,25.49,17.64
4/21/2015 12:10,42115.51,1611.8,25.5,17.64
4/21/2015 12:20,42115.51,1614,25.5,17.64
4/21/2015 12:30,42115.52,1616.7,25.49,17.64
4/21/2015 12:40,42115.53,1617.8,25.48,17.64
4/21/2015 12:50,42115.53,1619.3,25.52,17.65
4/21/2015 13:00,42115.54,1621.3,25.5,17.64
4/21/2015 13:10,42115.55,1623.3,25.49,17.64
4/21/2015 13:20,42115.56,1625.1,25.49,17.64
4/21/2015 13:30,42115.56,1627,25.49,17.64
4/21/2015 13:40,42115.57,1628.3,25.48,17.64
4/21/2015 13:50,42115.58,1629.7,25.49,17.64
4/21/2015 14:00,42115.58,1630.9,25.49,17.64
4/21/2015 14:10,42115.59,1632.3,25.49,17.64
4/21/2015 14:20,42115.60,1633,25.5,17.64
4/21/2015 14:30,42115.60,1633.6,25.5,17.64
4/21/2015 14:40,42115.61,1634,25.49,17.64
4/21/2015 14:50,42115.62,1633.8,25.49,17.64
4/21/2015 15:00,42115.63,1633.6,25.49,17.64
4/21/2015 15:10,42115.63,1633,25.5,17.64
4/21/2015 15:20,42115.64,1631.2,25.49,17.64
4/21/2015 15:30,42115.65,1629.1,25.49,17.64
4/21/2015 15:40,42115.65,1626.3,25.48,17.64
4/21/2015 15:50,42115.66,1623.7,25.48,17.64
4/21/2015 16:00,42115.67,1620.8,25.49,17.64
4/21/2015 16:10,42115.67,1618.2,25.5,17.64
4/21/2015 16:20,42115.68,1615.8,25.49,17.64
4/21/2015 16:30,42115.69,1613.3,25.49,17.64
4/21/2015 16:40,42115.69,1611.4,25.49,17.64
4/21/2015 16:50,42115.70,1609.1,25.5,17.64
4/21/2015 17:00,42115.71,1607.3,25.49,17.64
4/21/2015 17:10,42115.72,1605,25.49,17.64
4/21/2015 17:20,42115.72,1602.9,25.48,17.64
4/21/2015 17:30,42115.73,1600.8,25.48,17.63
4/21/2015 17:40,42115.74,1598.8,25.48,17.63
4/21/2015 17:50,42115.74,1596.3,25.48,17.64
4/21/2015 18:00,42115.75,1593.5,25.49,17.64
4/21/2015 18:10,42115.76,1591,25.48,17.64
4/21/2015 18:20,42115.76,1588.3,25.53,17.64
4/21/2015 18:30,42115.77,1585,25.52,17.65
4/21/2015 18:40,42115.78,1582.4,25.5,17.64
4/21/2015 18:50,42115.78,1579.3,25.5,17.64
4/21/2015 19:00,42115.79,1577,25.5,17.64
4/21/2015 19:10,42115.80,1575.2,25.5,17.64
4/21/2015 19:20,42115.81,1573.6,25.49,17.64
4/21/2015 19:30,42115.81,1571.5,25.49,17.64
4/21/2015 19:40,42115.82,1570.2,25.48,17.64
4/21/2015 19:50,42115.83,1568.3,25.5,17.64
4/21/2015 20:00,42115.83,1566.9,25.51,17.64
4/21/2015 20:10,42115.84,1566.1,25.49,17.64
4/21/2015 20:20,42115.85,1565,25.52,17.65
4/21/2015 20:30,42115.85,1564,25.48,17.64
4/21/2015 20:40,42115.86,1563.1,25.5,17.64
4/21/2015 20:50,42115.87,1563.8,25.5,17.64
4/21/2015 21:00,42115.88,1562.8,25.47,17.63
4/21/2015 21:10,42115.88,1561.5,25.49,17.64
4/21/2015 21:20,42115.89,1561.4,25.48,17.63
4/21/2015 21:30,42115.90,1562.1,25.5,17.64
4/21/2015 21:40,42115.90,1562.2,25.51,17.65
4/21/2015 21:50,42115.91,1562.6,25.5,17.64
4/21/2015 22:00,42115.92,1563.5,25.5,17.64
4/21/2015 22:10,42115.92,1564.9,25.48,17.63
4/21/2015 22:20,42115.93,1566.8,25.48,17.64
4/21/2015 22:30,42115.94,1568.1,25.48,17.63
4/21/2015 22:40,42115.94,1568.5,25.48,17.63
4/21/2015 22:50,42115.95,1570.4,25.49,17.64
4/21/2015 23:00,42115.96,1573.6,25.48,17.64
4/21/2015 23:10,42115.97,1577.3,25.49,17.64
4/21/2015 23:20,42115.97,1580.7,25.49,17.64
4/21/2015 23:30,42115.98,1584.1,25.47,17.63
4/21/2015 23:40,42115.99,1587.8,25.49,17.64
4/21/2015 23:50,42115.99,1590.9,25.49,17.64
4/22/2015 0:00,42116.00,1593.2,25.47,17.63
4/22/2015 0:10,42116.01,1595.6,25.49,17.64
4/22/2015 0:20,42116.01,1597.7,25.49,17.64
4/22/2015 0:30,42116.02,1600.1,25.48,17.63
4/22/2015 0:40,42116.03,1602.7,25.5,17.64
4/22/2015 0:50,42116.03,1605,25.49,17.64
4/22/2015 1:00,42116.04,1607.3,25.5,17.64
4/22/2015 1:10,42116.05,1609.1,25.49,17.64
4/22/2015 1:20,42116.06,1610.4,25.49,17.64
4/22/2015 1:30,42116.06,1611.7,25.52,17.65
4/22/2015 1:40,42116.07,1612.6,25.48,17.63
4/22/2015 1:50,42116.08,1613.7,25.48,17.63
4/22/2015 2:00,42116.08,1614.7,25.5,17.64
4/22/2015 2:10,42116.09,1615.4,25.49,17.64
4/22/2015 2:20,42116.10,1615.4,25.53,17.63
4/22/2015 2:30,42116.10,1616.1,25.51,17.64
4/22/2015 2:40,42116.11,1616.5,25.49,17.64
4/22/2015 2:50,42116.12,1618,25.47,17.63
4/22/2015 3:00,42116.13,1616.7,25.51,17.64
4/22/2015 3:10,42116.13,1616.7,25.48,17.63
4/22/2015 3:20,42116.14,1616.5,25.49,17.64
4/22/2015 3:30,42116.15,1616.1,25.49,17.64
4/22/2015 3:40,42116.15,1615.6,25.48,17.64
4/22/2015 3:50,42116.16,1614.9,25.49,17.64
4/22/2015 4:00,42116.17,1614.2,25.5,17.64
4/22/2015 4:10,42116.17,1613,25.52,17.65
4/22/2015 4:20,42116.18,1611.4,25.51,17.64
4/22/2015 4:30,42116.19,1609.8,25.49,17.64
4/22/2015 4:40,42116.19,1608,25.49,17.64
4/22/2015 4:50,42116.20,1606.2,25.48,17.64
4/22/2015 5:00,42116.21,1604.3,25.5,17.64
4/22/2015 5:10,42116.22,1601.8,25.49,17.64
4/22/2015 5:20,42116.22,1599.8,25.47,17.63
4/22/2015 5:30,42116.23,1596.8,25.48,17.64
4/22/2015 5:40,42116.24,1594.5,25.48,17.64
4/22/2015 5:50,42116.24,1591.6,25.47,17.63
4/22/2015 6:00,42116.25,1589.4,25.49,17.64
4/22/2015 6:10,42116.26,1586.9,25.48,17.64
4/22/2015 6:20,42116.26,1584.8,25.5,17.64
4/22/2015 6:30,42116.27,1582.8,25.48,17.64
4/22/2015 6:40,42116.28,1580.8,25.49,17.64
4/22/2015 6:50,42116.28,1579.1,25.49,17.64
4/22/2015 7:00,42116.29,1577.3,25.5,17.64
4/22/2015 7:10,42116.30,1575.6,25.48,17.63
4/22/2015 7:20,42116.31,1574.1,25.49,17.64
4/22/2015 7:30,42116.31,1572.9,25.49,17.64
4/22/2015 7:40,42116.32,1571.2,25.48,17.64
4/22/2015 7:50,42116.33,1569.9,25.47,17.63
4/22/2015 8:00,42116.33,1568.8,25.47,17.63
4/22/2015 8:10,42116.34,1568,25.5,17.64
4/22/2015 8:20,42116.35,1566.6,25.49,17.64
4/22/2015 8:30,42116.35,1565.6,25.47,17.63
4/22/2015 8:40,42116.36,1564.9,25.47,17.63
4/22/2015 8:50,42116.37,1563.9,25.47,17.65
4/22/2015 9:00,42116.38,1563.5,25.47,17.63
4/22/2015 9:10,42116.38,1563.2,25.47,17.65
4/22/2015 9:20,42116.39,1563.1,25.49,17.64
4/22/2015 9:30,42116.40,1563.1,25.51,17.64
4/22/2015 9:40,42116.40,1564,25.49,17.64
4/22/2015 9:50,42116.41,1565.2,25.5,17.64
4/22/2015 10:00,42116.42,1567.1,25.48,17.64
4/22/2015 10:10,42116.42,1568.8,25.48,17.63
4/22/2015 10:20,42116.43,1570.9,25.49,17.64
4/22/2015 10:30,42116.44,1573.2,25.52,17.65
4/22/2015 10:40,42116.44,1575.1,25.51,17.64
4/22/2015 10:50,42116.45,1578.4,25.48,17.63
4/22/2015 11:00,42116.46,1581.4,25.49,17.63
4/22/2015 11:10,42116.47,1584.3,25.48,17.63
4/22/2015 11:20,42116.47,1587.1,25.48,17.63
4/22/2015 11:30,42116.48,1590.4,25.49,17.64
4/22/2015 11:40,42116.49,1593.2,25.51,17.64
4/22/2015 11:50,42116.49,1595.9,25.52,17.64
4/22/2015 12:00,42116.50,1598.9,25.51,17.64
4/22/2015 12:10,42116.51,1601.7,25.5,17.64
4/22/2015 12:20,42116.51,1604.6,25.5,17.64
4/22/2015 12:30,42116.52,1607.4,25.49,17.64
4/22/2015 12:40,42116.53,1610,25.49,17.64
4/22/2015 12:50,42116.53,1612.5,25.48,17.64
4/22/2015 13:00,42116.54,1614.1,25.47,17.65
4/22/2015 13:10,42116.55,1615.6,25.48,17.63
4/22/2015 13:20,42116.56,1616.7,25.5,17.64
4/22/2015 13:30,42116.56,1617.8,25.49,17.63
4/22/2015 13:40,42116.57,1618.9,25.5,17.64
4/22/2015 13:50,42116.58,1620.4,25.47,17.65
4/22/2015 14:00,42116.58,1621.3,25.5,17.64
4/22/2015 14:10,42116.59,1622.6,25.48,17.63
4/22/2015 14:20,42116.60,1623.6,25.49,17.64
4/22/2015 14:30,42116.60,1625,25.49,17.64
4/22/2015 14:40,42116.61,1626,25.48,17.63
4/22/2015 14:50,42116.62,1626.7,25.48,17.63
4/22/2015 15:00,42116.63,1627.6,25.5,17.64
4/22/2015 15:10,42116.63,1627.6,25.49,17.64
4/22/2015 15:20,42116.64,1627.7,25.5,17.64
4/22/2015 15:30,42116.65,1627.6,25.48,17.63
4/22/2015 15:40,42116.65,1626.9,25.5,17.64
4/22/2015 15:50,42116.66,1625.6,25.48,17.63
4/22/2015 16:00,42116.67,1624.1,25.5,17.64
4/22/2015 16:10,42116.67,1622.6,25.51,17.64
4/22/2015 16:20,42116.68,1621.1,25.48,17.64
4/22/2015 16:30,42116.69,1619.3,25.48,17.64
4/22/2015 16:40,42116.69,1617.7,25.5,17.64
4/22/2015 16:50,42116.70,1615.8,25.49,17.64
4/22/2015 17:00,42116.71,1613.7,25.51,17.64
4/22/2015 17:10,42116.72,1611.8,25.49,17.64
4/22/2015 17:20,42116.72,1610,25.5,17.64
4/22/2015 17:30,42116.73,1608,25.48,17.63
4/22/2015 17:40,42116.74,1605.6,25.52,17.65
4/22/2015 17:50,42116.74,1603.6,25.51,17.64
4/22/2015 18:00,42116.75,1601.1,25.5,17.64
4/22/2015 18:10,42116.76,1599.1,25.5,17.64
4/22/2015 18:20,42116.76,1596.4,25.52,17.65
4/22/2015 18:30,42116.77,1594.3,25.55,17.64
4/22/2015 18:40,42116.78,1591.3,25.51,17.64
4/22/2015 18:50,42116.78,1588.8,25.5,17.64
4/22/2015 19:00,42116.79,1586.6,25.48,17.64
4/22/2015 19:10,42116.80,1583.9,25.49,17.64
4/22/2015 19:20,42116.81,1581.7,25.5,17.64
4/22/2015 19:30,42116.81,1579.4,25.5,17.64
4/22/2015 19:40,42116.82,1577.6,25.47,17.65
4/22/2015 19:50,42116.83,1575.8,25.48,17.63
4/22/2015 20:00,42116.83,1574.7,25.52,17.65
4/22/2015 20:10,42116.84,1573.4,25.48,17.63
4/22/2015 20:20,42116.85,1572,25.49,17.64
4/22/2015 20:30,42116.85,1570.9,25.47,17.63
4/22/2015 20:40,42116.86,1569.7,25.46,17.64
4/22/2015 20:50,42116.87,1568.8,25.48,17.63
4/22/2015 21:00,42116.88,1568,25.5,17.64
4/22/2015 21:10,42116.88,1566.7,25.49,17.64
4/22/2015 21:20,42116.89,1565.7,25.48,17.63
4/22/2015 21:30,42116.90,1564.9,25.5,17.64
4/22/2015 21:40,42116.90,1564.5,25.48,17.64
4/22/2015 21:50,42116.91,1564.3,25.49,17.64
4/22/2015 22:00,42116.92,1564.2,25.48,17.63
4/22/2015 22:10,42116.92,1564.7,25.48,17.63
4/22/2015 22:20,42116.93,1564.9,25.49,17.64
4/22/2015 22:30,42116.94,1567.3,25.48,17.63
4/22/2015 22:40,42116.94,1569.1,25.47,17.65
4/22/2015 22:50,42116.95,1570.6,25.48,17.63
4/22/2015 23:00,42116.96,1572.6,25.47,17.65
4/22/2015 23:10,42116.97,1575.4,25.48,17.64
4/22/2015 23:20,42116.97,1578.4,25.47,17.63
4/22/2015 23:30,42116.98,1578.9,25.47,17.63
4/22/2015 23:40,42116.99,1581.1,25.48,17.63
4/22/2015 23:50,42116.99,1583.2,25.48,17.64
4/23/2015 0:00,42117.00,1585.7,25.49,17.64
4/23/2015 0:10,42117.01,1588.5,25.49,17.64
4/23/2015 0:20,42117.01,1590.8,25.5,17.64
4/23/2015 0:30,42117.02,1593.2,25.51,17.64
4/23/2015 0:40,42117.03,1595.8,25.5,17.64
4/23/2015 0:50,42117.03,1597.8,25.47,17.64
4/23/2015 1:00,42117.04,1600.4,25.48,17.63
4/23/2015 1:10,42117.05,1603.4,25.49,17.64
4/23/2015 1:20,42117.06,1605.7,25.49,17.64
4/23/2015 1:30,42117.06,1608,25.53,17.64
4/23/2015 1:40,42117.07,1610.4,25.51,17.64
4/23/2015 1:50,42117.08,1611.9,25.5,17.64
4/23/2015 2:00,42117.08,1613.2,25.47,17.63
4/23/2015 2:10,42117.09,1614.9,25.49,17.64
4/23/2015 2:20,42117.10,1615.6,25.49,17.64
4/23/2015 2:30,42117.10,1616.8,25.48,17.63
4/23/2015 2:40,42117.11,1617.2,25.48,17.63
4/23/2015 2:50,42117.12,1617.3,25.49,17.64
4/23/2015 3:00,42117.13,1617.8,25.49,17.64
4/23/2015 3:10,42117.13,1617.8,25.49,17.64
4/23/2015 3:20,42117.14,1617.7,25.5,17.64
4/23/2015 3:30,42117.15,1617.8,25.48,17.63
4/23/2015 3:40,42117.15,1617.8,25.51,17.64
4/23/2015 3:50,42117.16,1617.5,25.51,17.64
4/23/2015 4:00,42117.17,1616.8,25.52,17.65
4/23/2015 4:10,42117.17,1616.3,25.5,17.64
4/23/2015 4:20,42117.18,1615.3,25.49,17.64
4/23/2015 4:30,42117.19,1614.4,25.48,17.64
4/23/2015 4:40,42117.19,1612.8,25.48,17.64
4/23/2015 4:50,42117.20,1611.2,25.51,17.64
4/23/2015 5:00,42117.21,1609.7,25.47,17.63
4/23/2015 5:10,42117.22,1607.8,25.47,17.63
4/23/2015 5:20,42117.22,1605.5,25.48,17.63
4/23/2015 5:30,42117.23,1603.1,25.48,17.63
4/23/2015 5:40,42117.24,1600.6,25.51,17.64
4/23/2015 5:50,42117.24,1598.2,25.5,17.64
4/23/2015 6:00,42117.25,1596.1,25.47,17.65
4/23/2015 6:10,42117.26,1593.6,25.47,17.65
4/23/2015 6:20,42117.26,1591.3,25.49,17.64
4/23/2015 6:30,42117.27,1589.2,25.48,17.63
4/23/2015 6:40,42117.28,1587.1,25.49,17.64
4/23/2015 6:50,42117.28,1585,25.49,17.64
4/23/2015 7:00,42117.29,1583.3,25.48,17.63
4/23/2015 7:10,42117.30,1581.9,25.47,17.63
4/23/2015 7:20,42117.31,1580.3,25.46,17.64
4/23/2015 7:30,42117.31,1578.4,25.49,17.64
4/23/2015 7:40,42117.32,1577.3,25.49,17.64
4/23/2015 7:50,42117.33,1575.6,25.49,17.64
4/23/2015 8:00,42117.33,1574.4,25.5,17.64
4/23/2015 8:10,42117.34,1573.2,25.49,17.64
4/23/2015 8:20,42117.35,1572,25.46,17.64
4/23/2015 8:30,42117.35,1570.8,25.48,17.63
4/23/2015 8:40,42117.36,1569.7,25.48,17.63
4/23/2015 8:50,42117.37,1569,25.49,17.64
4/23/2015 9:00,42117.38,1568,25.48,17.63
4/23/2015 9:10,42117.38,1567.3,25.49,17.64
4/23/2015 9:20,42117.39,1566.3,25.49,17.64
4/23/2015 9:30,42117.40,1565.9,25.48,17.63
4/23/2015 9:40,42117.40,1565.6,25.5,17.64
4/23/2015 9:50,42117.41,1565.4,25.51,17.64
4/23/2015 10:00,42117.42,1566,25.48,17.63
4/23/2015 10:10,42117.42,1566.6,25.5,17.64
4/23/2015 10:20,42117.43,1567.3,25.49,17.64
4/23/2015 10:30,42117.44,1568.4,25.47,17.65
4/23/2015 10:40,42117.44,1569.9,25.5,17.64
4/23/2015 10:50,42117.45,1571.6,25.47,17.65
4/23/2015 11:00,42117.46,1573.4,25.48,17.63
4/23/2015 11:10,42117.47,1575.1,25.48,17.63
4/23/2015 11:20,42117.47,1577.7,25.49,17.64
4/23/2015 11:30,42117.48,1580.1,25.47,17.65
4/23/2015 11:40,42117.49,1582.9,25.49,17.64
4/23/2015 11:50,42117.49,1585.2,25.5,17.64
4/23/2015 12:00,42117.50,1587.4,25.48,17.63
4/23/2015 12:10,42117.51,1590.3,25.47,17.65
4/23/2015 12:20,42117.51,1592.8,25.48,17.63
4/23/2015 12:30,42117.52,1595.2,25.48,17.64
4/23/2015 12:40,42117.53,1597.9,25.49,17.64
4/23/2015 12:50,42117.53,1600.3,25.49,17.64
4/23/2015 13:00,42117.54,1603.5,25.47,17.65
4/23/2015 13:10,42117.55,1605.8,25.48,17.64
4/23/2015 13:20,42117.56,1608.1,25.5,17.64
4/23/2015 13:30,42117.56,1610.2,25.49,17.64
4/23/2015 13:40,42117.57,1612.2,25.47,17.64
4/23/2015 13:50,42117.58,1613.6,25.47,17.65
4/23/2015 14:00,42117.58,1614.7,25.46,17.64
4/23/2015 14:10,42117.59,1615.8,25.48,17.63
4/23/2015 14:20,42117.60,1616.3,25.5,17.64
4/23/2015 14:30,42117.60,1617.9,25.48,17.63
4/23/2015 14:40,42117.61,1618.5,25.49,17.64
4/23/2015 14:50,42117.62,1619.2,25.51,17.64
4/23/2015 15:00,42117.63,1619.9,25.5,17.64
4/23/2015 15:10,42117.63,1620.5,25.5,17.64
4/23/2015 15:20,42117.64,1620.6,25.49,17.64
4/23/2015 15:30,42117.65,1620.9,25.48,17.64
4/23/2015 15:40,42117.65,1621,25.49,17.64
4/23/2015 15:50,42117.66,1621.2,25.52,17.65
4/23/2015 16:00,42117.67,1621.1,25.48,17.64
4/23/2015 16:10,42117.67,1621.1,25.52,17.65
4/23/2015 16:20,42117.68,1620.8,25.51,17.64
4/23/2015 16:30,42117.69,1620.5,25.51,17.64
4/23/2015 16:40,42117.69,1619.9,25.49,17.64
4/23/2015 16:50,42117.70,1619.1,25.51,17.64
4/23/2015 17:00,42117.71,1618,25.49,17.64
4/23/2015 17:10,42117.72,1616.7,25.5,17.64
4/23/2015 17:20,42117.72,1615,25.47,17.65
4/23/2015 17:30,42117.73,1613.2,25.49,17.64
4/23/2015 17:40,42117.74,1611.4,25.47,17.65
4/23/2015 17:50,42117.74,1609.8,25.49,17.64
4/23/2015 18:00,42117.75,1607.4,25.48,17.63
4/23/2015 18:10,42117.76,1605.5,25.48,17.63
4/23/2015 18:20,42117.76,1603.2,25.47,17.63
4/23/2015 18:30,42117.77,1601.1,25.49,17.64
4/23/2015 18:40,42117.78,1599,25.48,17.63
4/23/2015 18:50,42117.78,1596.1,25.48,17.63
4/23/2015 19:00,42117.79,1593.9,25.47,17.63
4/23/2015 19:10,42117.80,1591.9,25.48,17.63
4/23/2015 19:20,42117.81,1590.1,25.5,17.64
4/23/2015 19:30,42117.81,1588.3,25.49,17.64
4/23/2015 19:40,42117.82,1586.6,25.49,17.64
4/23/2015 19:50,42117.83,1584.6,25.47,17.65
4/23/2015 20:00,42117.83,1583.1,25.48,17.63
4/23/2015 20:10,42117.84,1582.3,25.47,17.65
4/23/2015 20:20,42117.85,1580.7,25.48,17.63
4/23/2015 20:30,42117.85,1579.6,25.47,17.63
4/23/2015 20:40,42117.86,1578.2,25.48,17.63
4/23/2015 20:50,42117.87,1577,25.48,17.63
4/23/2015 21:00,42117.88,1577,25.49,17.64
4/23/2015 21:10,42117.88,1575.8,25.48,17.63
4/23/2015 21:20,42117.89,1575.8,25.49,17.63
4/23/2015 21:30,42117.90,1575.2,25.48,17.63
4/23/2015 21:40,42117.90,1574.3,25.49,17.64
4/23/2015 21:50,42117.91,1572.5,25.46,17.64
4/23/2015 22:00,42117.92,1572.9,25.48,17.63
4/23/2015 22:10,42117.92,1573.4,25.49,17.64
4/23/2015 22:20,42117.93,1572.3,25.54,17.64
4/23/2015 22:30,42117.94,1571.8,25.49,17.64
4/23/2015 22:40,42117.94,1572.5,25.49,17.63
4/23/2015 22:50,42117.95,1573.3,25.47,17.64
4/23/2015 23:00,42117.96,1574.3,25.46,17.64
4/23/2015 23:10,42117.97,1574.8,25.46,17.64
4/23/2015 23:20,42117.97,1575.8,25.48,17.63
4/23/2015 23:30,42117.98,1577.5,25.48,17.63
4/23/2015 23:40,42117.99,1578.7,25.47,17.65
4/23/2015 23:50,42117.99,1580.1,25.47,17.63
4/24/2015 0:00,42118.00,1582.1,25.51,17.64
4/24/2015 0:10,42118.01,1583.9,25.49,17.63
4/24/2015 0:20,42118.01,1585.8,25.48,17.63
4/24/2015 0:30,42118.02,1587.4,25.48,17.63
4/24/2015 0:40,42118.03,1589,25.47,17.63
4/24/2015 0:50,42118.03,1590.8,25.48,17.63
4/24/2015 1:00,42118.04,1592.5,25.49,17.63
4/24/2015 1:10,42118.05,1594.2,25.48,17.63
4/24/2015 1:20,42118.06,1595.6,25.49,17.64
4/24/2015 1:30,42118.06,1597.5,25.48,17.63
4/24/2015 1:40,42118.07,1598.6,25.49,17.64
4/24/2015 1:50,42118.08,1600.6,25.48,17.63
4/24/2015 2:00,42118.08,1601,25.5,17.64
4/24/2015 2:10,42118.09,1603.1,25.51,17.64
4/24/2015 2:20,42118.10,1605,25.49,17.64
4/24/2015 2:30,42118.10,1606.2,25.49,17.64
4/24/2015 2:40,42118.11,1607.3,25.48,17.63
4/24/2015 2:50,42118.12,1608.3,25.49,17.64
4/24/2015 3:00,42118.13,1608.9,25.48,17.64
4/24/2015 3:10,42118.13,1610.2,25.47,17.63
4/24/2015 3:20,42118.14,1611.1,25.48,17.63
4/24/2015 3:30,42118.15,1612.5,25.49,17.64
4/24/2015 3:40,42118.15,1612.8,25.48,17.63
4/24/2015 3:50,42118.16,1614,25.47,17.63
4/24/2015 4:00,42118.17,1614.8,25.48,17.64
4/24/2015 4:10,42118.17,1616.5,25.49,17.64
4/24/2015 4:20,42118.18,1615.4,25.49,17.64
4/24/2015 4:30,42118.19,1615.6,25.5,17.64
4/24/2015 4:40,42118.19,1615.5,25.48,17.63
4/24/2015 4:50,42118.20,1614.2,25.51,17.64
4/24/2015 5:00,42118.21,1613.2,25.48,17.63
4/24/2015 5:10,42118.22,1611.6,25.49,17.64
4/24/2015 5:20,42118.22,1610.3,25.48,17.63
4/24/2015 5:30,42118.23,1608.7,25.48,17.63
4/24/2015 5:40,42118.24,1607.4,25.48,17.63
4/24/2015 5:50,42118.24,1605.7,25.5,17.64
4/24/2015 6:00,42118.25,1604.1,25.49,17.64
4/24/2015 6:10,42118.26,1602.7,25.49,17.64
4/24/2015 6:20,42118.26,1601.1,25.48,17.63
4/24/2015 6:30,42118.27,1600.6,25.48,17.63
4/24/2015 6:40,42118.28,1599.5,25.47,17.65
4/24/2015 6:50,42118.28,1598.5,25.48,17.63
4/24/2015 7:00,42118.29,1597.5,25.47,17.65
4/24/2015 7:10,42118.30,1595.8,25.47,17.63
4/24/2015 7:20,42118.31,1594.2,25.5,17.64
4/24/2015 7:30,42118.31,1593,25.48,17.64
4/24/2015 7:40,42118.32,1590.9,25.48,17.63
4/24/2015 7:50,42118.33,1589.4,25.51,17.64
4/24/2015 8:00,42118.33,1588.1,25.51,17.64
4/24/2015 8:10,42118.34,1586.3,25.47,17.65
4/24/2015 8:20,42118.35,1584.8,25.49,17.64
4/24/2015 8:30,42118.35,1583.4,25.52,17.65
4/24/2015 8:40,42118.36,1582.8,25.49,17.64
4/24/2015 8:50,42118.37,1581.5,25.51,17.64
4/24/2015 9:00,42118.38,1579.8,25.52,17.65
4/24/2015 9:10,42118.38,1578.4,25.49,17.64
4/24/2015 9:20,42118.39,1578.4,25.49,17.64
4/24/2015 9:30,42118.40,1576.8,25.48,17.63
4/24/2015 9:40,42118.40,1576.4,25.48,17.64
4/24/2015 9:50,42118.41,1575.4,25.47,17.65
4/24/2015 10:00,42118.42,1574.8,25.49,17.64
4/24/2015 10:10,42118.42,1574.2,25.47,17.65
4/24/2015 10:20,42118.43,1574.3,25.46,17.64
4/24/2015 10:30,42118.44,1574.4,25.48,17.63
4/24/2015 10:40,42118.44,1574.5,25.48,17.63
4/24/2015 10:50,42118.45,1574.6,25.48,17.63
4/24/2015 11:00,42118.46,1575,25.47,17.63
4/24/2015 11:10,42118.47,1576.2,25.47,17.65
4/24/2015 11:20,42118.47,1577.1,25.47,17.65
4/24/2015 11:30,42118.48,1578.7,25.48,17.63
4/24/2015 11:40,42118.49,1580,25.49,17.64
4/24/2015 11:50,42118.49,1581.9,25.48,17.63
4/24/2015 12:00,42118.50,1583.8,25.49,17.64
4/24/2015 12:10,42118.51,1585.7,25.5,17.64
4/24/2015 12:20,42118.51,1587.6,25.5,17.64
4/24/2015 12:30,42118.52,1589.4,25.52,17.64
4/24/2015 12:40,42118.53,1591.3,25.5,17.64
4/24/2015 12:50,42118.53,1593.3,25.5,17.64
4/24/2015 13:00,42118.54,1595.6,25.49,17.64
4/24/2015 13:10,42118.55,1597.7,25.48,17.63
4/24/2015 13:20,42118.56,1599.6,25.48,17.63
4/24/2015 13:30,42118.56,1601.6,25.47,17.64
4/24/2015 13:40,42118.57,1604.1,25.48,17.63
4/24/2015 13:50,42118.58,1606.4,25.47,17.63
4/24/2015 14:00,42118.58,1608.1,25.48,17.63
4/24/2015 14:10,42118.59,1609.5,25.49,17.63
4/24/2015 14:20,42118.60,1611.2,25.48,17.63
4/24/2015 14:30,42118.60,1612.5,25.48,17.63
4/24/2015 14:40,42118.61,1613.5,25.5,17.64
4/24/2015 14:50,42118.62,1614.9,25.48,17.63
4/24/2015 15:00,42118.63,1616,25.5,17.64
4/24/2015 15:10,42118.63,1616.7,25.5,17.64
4/24/2015 15:20,42118.64,1617.3,25.48,17.63
4/24/2015 15:30,42118.65,1617.8,25.47,17.63
4/24/2015 15:40,42118.65,1618.5,25.47,17.65
4/24/2015 15:50,42118.66,1618.7,25.51,17.64
4/24/2015 16:00,42118.67,1619.2,25.51,17.64
4/24/2015 16:10,42118.67,1619.5,25.48,17.64
4/24/2015 16:20,42118.68,1619.8,25.51,17.64
4/24/2015 16:30,42118.69,1619.3,25.52,17.64
4/24/2015 16:40,42118.69,1619.5,25.48,17.63
4/24/2015 16:50,42118.70,1619.2,25.48,17.64
4/24/2015 17:00,42118.71,1619,25.47,17.65
4/24/2015 17:10,42118.72,1618.4,25.47,17.63
4/24/2015 17:20,42118.72,1618,25.49,17.64
4/24/2015 17:30,42118.73,1617.4,25.47,17.65
4/24/2015 17:40,42118.74,1616.3,25.48,17.63
4/24/2015 17:50,42118.74,1614.6,25.5,17.64
4/24/2015 18:00,42118.75,1613.3,25.47,17.63
4/24/2015 18:10,42118.76,1611.9,25.48,17.63
4/24/2015 18:20,42118.76,1610.5,25.49,17.64
4/24/2015 18:30,42118.77,1608.6,25.5,17.64
4/24/2015 18:40,42118.78,1606.6,25.49,17.63
4/24/2015 18:50,42118.78,1604.6,25.49,17.64
4/24/2015 19:00,42118.79,1602.7,25.48,17.63
4/24/2015 19:10,42118.80,1600.6,25.49,17.64
4/24/2015 19:20,42118.81,1598.8,25.5,17.64
4/24/2015 19:30,42118.81,1596.7,25.52,17.65
4/24/2015 19:40,42118.82,1594.9,25.5,17.64
4/24/2015 19:50,42118.83,1593,25.51,17.64
4/24/2015 20:00,42118.83,1591.5,25.49,17.64
4/24/2015 20:10,42118.84,1589.5,25.51,17.64
4/24/2015 20:20,42118.85,1588.3,25.53,17.64
4/24/2015 20:30,42118.85,1586.6,25.52,17.65
4/24/2015 20:40,42118.86,1585.2,25.5,17.64
4/24/2015 20:50,42118.87,1583.9,25.5,17.64
4/24/2015 21:00,42118.88,1582.9,25.5,17.64
4/24/2015 21:10,42118.88,1581.7,25.53,17.63
4/24/2015 21:20,42118.89,1580.8,25.47,17.65
4/24/2015 21:30,42118.90,1579.6,25.48,17.63
4/24/2015 21:40,42118.90,1578.6,25.48,17.63
4/24/2015 21:50,42118.91,1577.7,25.48,17.63
4/24/2015 22:00,42118.92,1576.8,25.48,17.63
4/24/2015 22:10,42118.92,1575.9,25.48,17.63
4/24/2015 22:20,42118.93,1575.5,25.48,17.63
4/24/2015 22:30,42118.94,1575,25.48,17.63
4/24/2015 22:40,42118.94,1574.6,25.5,17.64
4/24/2015 22:50,42118.95,1574.6,25.49,17.64
4/24/2015 23:00,42118.96,1574.7,25.47,17.65
4/24/2015 23:10,42118.97,1574.8,25.47,17.65
4/24/2015 23:20,42118.97,1575,25.49,17.63
4/24/2015 23:30,42118.98,1575.2,25.48,17.63
4/24/2015 23:40,42118.99,1575.8,25.48,17.63
4/24/2015 23:50,42118.99,1576.8,25.47,17.65
4/25/2015 0:00,42119.00,1577.5,25.48,17.63
4/25/2015 0:10,42119.01,1578.6,25.48,17.63
4/25/2015 0:20,42119.01,1579.6,25.47,17.64
4/25/2015 0:30,42119.02,1581,25.48,17.63
4/25/2015 0:40,42119.03,1582.4,25.49,17.63
4/25/2015 0:50,42119.03,1583.8,25.47,17.63
4/25/2015 1:00,42119.04,1585.5,25.49,17.64
4/25/2015 1:10,42119.05,1586.9,25.48,17.63
4/25/2015 1:20,42119.06,1588.6,25.48,17.64
4/25/2015 1:30,42119.06,1589.9,25.47,17.63
4/25/2015 1:40,42119.07,1591.2,25.52,17.64
4/25/2015 1:50,42119.08,1592.8,25.48,17.63
4/25/2015 2:00,42119.08,1594.7,25.47,17.65
4/25/2015 2:10,42119.09,1596.8,25.48,17.63
4/25/2015 2:20,42119.10,1598.1,25.49,17.64
4/25/2015 2:30,42119.10,1599.8,25.49,17.64
4/25/2015 2:40,42119.11,1601.3,25.49,17.64
4/25/2015 2:50,42119.12,1602.5,25.48,17.63
4/25/2015 3:00,42119.13,1603.8,25.49,17.64
4/25/2015 3:10,42119.13,1605.2,25.49,17.64
4/25/2015 3:20,42119.14,1606.1,25.48,17.63
4/25/2015 3:30,42119.15,1607.4,25.49,17.64
4/25/2015 3:40,42119.15,1608.3,25.49,17.63
4/25/2015 3:50,42119.16,1608.8,25.48,17.63
4/25/2015 4:00,42119.17,1609.3,25.47,17.63
4/25/2015 4:10,42119.17,1610,25.48,17.63
4/25/2015 4:20,42119.18,1610.9,25.5,17.64
4/25/2015 4:30,42119.19,1611.5,25.47,17.65
4/25/2015 4:40,42119.19,1611.4,25.47,17.65
4/25/2015 4:50,42119.20,1611.6,25.49,17.64
4/25/2015 5:00,42119.21,1611.2,25.48,17.63
4/25/2015 5:10,42119.22,1610.7,25.47,17.65
4/25/2015 5:20,42119.22,1610.2,25.48,17.63
4/25/2015 5:30,42119.23,1609.8,25.51,17.64
4/25/2015 5:40,42119.24,1609.1,25.48,17.64
4/25/2015 5:50,42119.24,1608.4,25.48,17.63
4/25/2015 6:00,42119.25,1607.1,25.48,17.63
4/25/2015 6:10,42119.26,1605.8,25.48,17.63
4/25/2015 6:20,42119.26,1604.1,25.47,17.63
4/25/2015 6:30,42119.27,1602.8,25.47,17.64
4/25/2015 6:40,42119.28,1601.3,25.48,17.63
4/25/2015 6:50,42119.28,1599.8,25.49,17.64
4/25/2015 7:00,42119.29,1597.9,25.5,17.64
4/25/2015 7:10,42119.30,1596.5,25.49,17.64
4/25/2015 7:20,42119.31,1594.8,25.47,17.64
4/25/2015 7:30,42119.31,1593.5,25.49,17.64
4/25/2015 7:40,42119.32,1592.3,25.49,17.64
4/25/2015 7:50,42119.33,1591.1,25.48,17.63
4/25/2015 8:00,42119.33,1589.7,25.47,17.63
4/25/2015 8:10,42119.34,1588.1,25.47,17.63
4/25/2015 8:20,42119.35,1587.1,25.48,17.63
4/25/2015 8:30,42119.35,1585.8,25.47,17.65
4/25/2015 8:40,42119.36,1584.8,25.47,17.65
4/25/2015 8:50,42119.37,1583.6,25.47,17.63
4/25/2015 9:00,42119.38,1582.9,25.5,17.64
4/25/2015 9:10,42119.38,1581.9,25.5,17.64
4/25/2015 9:20,42119.39,1581.2,25.48,17.63
4/25/2015 9:30,42119.40,1580.5,25.46,17.64
4/25/2015 9:40,42119.40,1579.7,25.47,17.65
4/25/2015 9:50,42119.41,1579.2,25.47,17.65
4/25/2015 10:00,42119.42,1578.4,25.46,17.64
4/25/2015 10:10,42119.42,1577.9,25.46,17.64
4/25/2015 10:20,42119.43,1577.6,25.48,17.63
4/25/2015 10:30,42119.44,1576.6,25.49,17.64
4/25/2015 10:40,42119.44,1576.1,25.5,17.64
4/25/2015 10:50,42119.45,1575.9,25.49,17.64
4/25/2015 11:00,42119.46,1576.1,25.47,17.65
4/25/2015 11:10,42119.47,1576.1,25.5,17.64
4/25/2015 11:20,42119.47,1576.5,25.48,17.63
4/25/2015 11:30,42119.48,1576.5,25.48,17.63
4/25/2015 11:40,42119.49,1578.3,25.48,17.63
4/25/2015 11:50,42119.49,1578.7,25.46,17.64
4/25/2015 12:00,42119.50,1579.6,25.47,17.65
4/25/2015 12:10,42119.51,1580.5,25.48,17.63
4/25/2015 12:20,42119.51,1582.4,25.48,17.63
4/25/2015 12:30,42119.52,1583.9,25.51,17.64
4/25/2015 12:40,42119.53,1585.9,25.5,17.64
4/25/2015 12:50,42119.53,1587.3,25.47,17.63
4/25/2015 13:00,42119.54,1588.8,25.49,17.64
4/25/2015 13:10,42119.55,1590.6,25.48,17.63
4/25/2015 13:20,42119.56,1591.5,25.48,17.63
4/25/2015 13:30,42119.56,1593.3,25.53,17.63
4/25/2015 13:40,42119.57,1594.9,25.49,17.63
4/25/2015 13:50,42119.58,1596.7,25.47,17.63
4/25/2015 14:00,42119.58,1598.2,25.5,17.64
4/25/2015 14:10,42119.59,1600.1,25.5,17.64
4/25/2015 14:20,42119.60,1601.7,25.48,17.63
4/25/2015 14:30,42119.60,1603.6,25.47,17.63
4/25/2015 14:40,42119.61,1605.6,25.47,17.65
4/25/2015 14:50,42119.62,1606.6,25.48,17.63
4/25/2015 15:00,42119.63,1607.8,25.47,17.63
4/25/2015 15:10,42119.63,1608.3,25.48,17.63
4/25/2015 15:20,42119.64,1609.1,25.49,17.64
4/25/2015 15:30,42119.65,1610.4,25.49,17.64
4/25/2015 15:40,42119.65,1610.9,25.51,17.65
4/25/2015 15:50,42119.66,1612.1,25.49,17.64
4/25/2015 16:00,42119.67,1612.8,25.48,17.64
4/25/2015 16:10,42119.67,1613.7,25.47,17.65
4/25/2015 16:20,42119.68,1614.6,25.49,17.64
4/25/2015 16:30,42119.69,1615.3,25.49,17.64
4/25/2015 16:40,42119.69,1615,25.47,17.65
4/25/2015 16:50,42119.70,1615.7,25.48,17.64
4/25/2015 17:00,42119.71,1615.8,25.49,17.64
4/25/2015 17:10,42119.72,1615.8,25.5,17.64
4/25/2015 17:20,42119.72,1615.4,25.47,17.63
4/25/2015 17:30,42119.73,1615.3,25.49,17.64
4/25/2015 17:40,42119.74,1614.7,25.49,17.64
4/25/2015 17:50,42119.74,1613.7,25.48,17.63
4/25/2015 18:00,42119.75,1612.8,25.47,17.63
4/25/2015 18:10,42119.76,1611.8,25.47,17.64
4/25/2015 18:20,42119.76,1610.7,25.47,17.65
4/25/2015 18:30,42119.77,1609.8,25.48,17.64
4/25/2015 18:40,42119.78,1608.3,25.46,17.65
4/25/2015 18:50,42119.78,1606.4,25.47,17.63
4/25/2015 19:00,42119.79,1605.3,25.47,17.65
4/25/2015 19:10,42119.80,1604.1,25.48,17.64
4/25/2015 19:20,42119.81,1602.5,25.47,17.65
4/25/2015 19:30,42119.81,1601,25.48,17.63
4/25/2015 19:40,42119.82,1599.8,25.46,17.65
4/25/2015 19:50,42119.83,1598.1,25.5,17.64
4/25/2015 20:00,42119.83,1596.3,25.52,17.65
4/25/2015 20:10,42119.84,1594.6,25.49,17.64
4/25/2015 20:20,42119.85,1593.2,25.49,17.64
4/25/2015 20:30,42119.85,1591.7,25.47,17.65
4/25/2015 20:40,42119.86,1590.3,25.47,17.65
4/25/2015 20:50,42119.87,1589.3,25.47,17.65
4/25/2015 21:00,42119.88,1588,25.47,17.63
4/25/2015 21:10,42119.88,1586.9,25.48,17.63
4/25/2015 21:20,42119.89,1585.7,25.51,17.64
4/25/2015 21:30,42119.90,1585,25.48,17.63
4/25/2015 21:40,42119.90,1584.1,25.49,17.64
4/25/2015 21:50,42119.91,1583.3,25.49,17.64
4/25/2015 22:00,42119.92,1582.4,25.51,17.64
4/25/2015 22:10,42119.92,1582.1,25.51,17.64
4/25/2015 22:20,42119.93,1581,25.48,17.63
4/25/2015 22:30,42119.94,1580.1,25.48,17.64
4/25/2015 22:40,42119.94,1579.1,25.48,17.64
4/25/2015 22:50,42119.95,1578.6,25.49,17.64
4/25/2015 23:00,42119.96,1578,25.48,17.64
4/25/2015 23:10,42119.97,1578,25.47,17.65
4/25/2015 23:20,42119.97,1577.7,25.46,17.64
4/25/2015 23:30,42119.98,1577.5,25.48,17.63
4/25/2015 23:40,42119.99,1577.5,25.47,17.65
4/25/2015 23:50,42119.99,1577.5,25.47,17.63
4/26/2015 0:00,42120.00,1578.2,25.47,17.65
4/26/2015 0:10,42120.01,1578.3,25.47,17.65
4/26/2015 0:20,42120.01,1578.7,25.49,17.64
4/26/2015 0:30,42120.02,1579.6,25.48,17.64
4/26/2015 0:40,42120.03,1580.3,25.5,17.64
4/26/2015 0:50,42120.03,1581.2,25.49,17.64
4/26/2015 1:00,42120.04,1582.2,25.48,17.64
4/26/2015 1:10,42120.05,1583.1,25.48,17.63
4/26/2015 1:20,42120.06,1584.1,25.48,17.64
4/26/2015 1:30,42120.06,1585.2,25.48,17.63
4/26/2015 1:40,42120.07,1586.5,25.48,17.64
4/26/2015 1:50,42120.08,1587.8,25.48,17.63
4/26/2015 2:00,42120.08,1589,25.47,17.65
4/26/2015 2:10,42120.09,1590.2,25.49,17.64
4/26/2015 2:20,42120.10,1591.5,25.48,17.64
4/26/2015 2:30,42120.10,1592.8,25.48,17.64
4/26/2015 2:40,42120.11,1594.3,25.48,17.64
4/26/2015 2:50,42120.12,1595.8,25.49,17.64
4/26/2015 3:00,42120.13,1597.3,25.47,17.65
4/26/2015 3:10,42120.13,1598.2,25.47,17.63
4/26/2015 3:20,42120.14,1600,25.47,17.63
4/26/2015 3:30,42120.15,1601.5,25.49,17.64
4/26/2015 3:40,42120.15,1602.7,25.47,17.65
4/26/2015 3:50,42120.16,1603.9,25.48,17.63
4/26/2015 4:00,42120.17,1604.9,25.47,17.65
4/26/2015 4:10,42120.17,1606,25.51,17.64
4/26/2015 4:20,42120.18,1607.1,25.47,17.63
4/26/2015 4:30,42120.19,1608.4,25.48,17.64
4/26/2015 4:40,42120.19,1608.8,25.48,17.64
4/26/2015 4:50,42120.20,1609.5,25.5,17.64
4/26/2015 5:00,42120.21,1609.8,25.47,17.63
4/26/2015 5:10,42120.22,1610.2,25.49,17.64
4/26/2015 5:20,42120.22,1610.7,25.5,17.64
4/26/2015 5:30,42120.23,1610.5,25.49,17.64
4/26/2015 5:40,42120.24,1610.5,25.5,17.64
4/26/2015 5:50,42120.24,1610,25.49,17.64
4/26/2015 6:00,42120.25,1609.5,25.5,17.64
4/26/2015 6:10,42120.26,1609.3,25.48,17.64
4/26/2015 6:20,42120.26,1608.4,25.5,17.64
4/26/2015 6:30,42120.27,1607.8,25.49,17.64
4/26/2015 6:40,42120.28,1606.8,25.52,17.65
4/26/2015 6:50,42120.28,1605.9,25.5,17.64
4/26/2015 7:00,42120.29,1604.9,25.48,17.64
4/26/2015 7:10,42120.30,1603.8,25.49,17.64
4/26/2015 7:20,42120.31,1602.9,25.46,17.65
4/26/2015 7:30,42120.31,1601.5,25.46,17.65
4/26/2015 7:40,42120.32,1600.4,25.47,17.65
4/26/2015 7:50,42120.33,1599.5,25.47,17.65
4/26/2015 8:00,42120.33,1597.9,25.48,17.63
4/26/2015 8:10,42120.34,1597,25.49,17.64
4/26/2015 8:20,42120.35,1595.9,25.47,17.65
4/26/2015 8:30,42120.35,1594.6,25.48,17.63
4/26/2015 8:40,42120.36,1593.3,25.46,17.65
4/26/2015 8:50,42120.37,1591.9,25.47,17.63
4/26/2015 9:00,42120.38,1590.9,25.46,17.64
4/26/2015 9:10,42120.38,1589.9,25.51,17.64
4/26/2015 9:20,42120.39,1588.8,25.49,17.64
4/26/2015 9:30,42120.40,1587.8,25.46,17.64
4/26/2015 9:40,42120.40,1586.7,25.46,17.64
4/26/2015 9:50,42120.41,1585.7,25.49,17.64
4/26/2015 10:00,42120.42,1584.8,25.51,17.64
4/26/2015 10:10,42120.42,1583.9,25.49,17.64
4/26/2015 10:20,42120.43,1583.1,25.51,17.64
4/26/2015 10:30,42120.44,1582.4,25.49,17.64
4/26/2015 10:40,42120.44,1582.2,25.48,17.64
4/26/2015 10:50,42120.45,1581.4,25.51,17.64
4/26/2015 11:00,42120.46,1580.8,25.49,17.64
4/26/2015 11:10,42120.47,1580.1,25.49,17.64
4/26/2015 11:20,42120.47,1579.9,25.47,17.65
4/26/2015 11:30,42120.48,1579.4,25.48,17.63
4/26/2015 11:40,42120.49,1579.4,25.48,17.64
4/26/2015 11:50,42120.49,1579.4,25.47,17.65
4/26/2015 12:00,42120.50,1579.6,25.47,17.65
4/26/2015 12:10,42120.51,1579.4,25.47,17.63
4/26/2015 12:20,42120.51,1579.8,25.5,17.64
4/26/2015 12:30,42120.52,1580.3,25.5,17.64
4/26/2015 12:40,42120.53,1580.8,25.47,17.63
4/26/2015 12:50,42120.53,1581.2,25.48,17.63
4/26/2015 13:00,42120.54,1582.1,25.47,17.63
4/26/2015 13:10,42120.55,1582.9,25.47,17.63
4/26/2015 13:20,42120.56,1584.1,25.47,17.65
4/26/2015 13:30,42120.56,1584.8,25.47,17.65
4/26/2015 13:40,42120.57,1586,25.46,17.64
4/26/2015 13:50,42120.58,1586.9,25.49,17.64
4/26/2015 14:00,42120.58,1588.3,25.46,17.64
4/26/2015 14:10,42120.59,1589.5,25.48,17.63
4/26/2015 14:20,42120.60,1590.4,25.5,17.64
4/26/2015 14:30,42120.60,1591.9,25.49,17.64
4/26/2015 14:40,42120.61,1593.3,25.52,17.64
4/26/2015 14:50,42120.62,1594.6,25.49,17.64
4/26/2015 15:00,42120.63,1596.3,25.47,17.63
4/26/2015 15:10,42120.63,1597.4,25.48,17.63
4/26/2015 15:20,42120.64,1598.8,25.48,17.63
4/26/2015 15:30,42120.65,1600.1,25.49,17.64
4/26/2015 15:40,42120.65,1601.7,25.51,17.64
4/26/2015 15:50,42120.66,1602.9,25.5,17.64
4/26/2015 16:00,42120.67,1604.1,25.48,17.63
4/26/2015 16:10,42120.67,1605.3,25.48,17.64
4/26/2015 16:20,42120.68,1606.5,25.47,17.65
4/26/2015 16:30,42120.69,1608.4,25.48,17.63
4/26/2015 16:40,42120.69,1608.8,25.5,17.64
4/26/2015 16:50,42120.70,1609.5,25.49,17.64
4/26/2015 17:00,42120.71,1609.8,25.49,17.64
4/26/2015 17:10,42120.72,1610.9,25.48,17.64
4/26/2015 17:20,42120.72,1611.6,25.48,17.64
4/26/2015 17:30,42120.73,1611.9,25.48,17.64
4/26/2015 17:40,42120.74,1612.1,25.48,17.64
4/26/2015 17:50,42120.74,1612.1,25.48,17.64
4/26/2015 18:00,42120.75,1612.3,25.47,17.63
4/26/2015 18:10,42120.76,1612.6,25.48,17.64
4/26/2015 18:20,42120.76,1612.3,25.5,17.64
4/26/2015 18:30,42120.77,1612.3,25.49,17.64
4/26/2015 18:40,42120.78,1611.9,25.47,17.65
4/26/2015 18:50,42120.78,1611.1,25.49,17.64
4/26/2015 19:00,42120.79,1610.8,25.47,17.65
4/26/2015 19:10,42120.80,1609.8,25.49,17.64
4/26/2015 19:20,42120.81,1609.1,25.49,17.64
4/26/2015 19:30,42120.81,1607.9,25.47,17.65
4/26/2015 19:40,42120.82,1607.1,25.5,17.64
4/26/2015 19:50,42120.83,1605.9,25.5,17.64
4/26/2015 20:00,42120.83,1605,25.49,17.64
4/26/2015 20:10,42120.84,1603.6,25.5,17.64
4/26/2015 20:20,42120.85,1602.3,25.48,17.64
4/26/2015 20:30,42120.85,1601.3,25.49,17.64
4/26/2015 20:40,42120.86,1600,25.51,17.64
4/26/2015 20:50,42120.87,1598.6,25.51,17.64
4/26/2015 21:00,42120.88,1597.5,25.48,17.64
4/26/2015 21:10,42120.88,1596.4,25.48,17.64
4/26/2015 21:20,42120.89,1595.1,25.48,17.64
4/26/2015 21:30,42120.90,1593.9,25.49,17.64
4/26/2015 21:40,42120.90,1592.5,25.49,17.64
4/26/2015 21:50,42120.91,1591.1,25.48,17.64
4/26/2015 22:00,42120.92,1590.2,25.47,17.63
4/26/2015 22:10,42120.92,1589,25.47,17.63
4/26/2015 22:20,42120.93,1588.1,25.47,17.65
4/26/2015 22:30,42120.94,1587.1,25.47,17.64
4/26/2015 22:40,42120.94,1586.2,25.49,17.64
4/26/2015 22:50,42120.95,1585.3,25.47,17.64
4/26/2015 23:00,42120.96,1584.3,25.51,17.64
4/26/2015 23:10,42120.97,1583.8,25.48,17.64
4/26/2015 23:20,42120.97,1582.6,25.47,17.63
4/26/2015 23:30,42120.98,1582.2,25.47,17.64
4/26/2015 23:40,42120.99,1581.3,25.47,17.65
4/26/2015 23:50,42120.99,1581,25.47,17.63
4/27/2015 0:00,42121.00,1580.4,25.47,17.65
4/27/2015 0:10,42121.01,1579.8,25.46,17.65
4/27/2015 0:20,42121.01,1579.4,25.47,17.65
4/27/2015 0:30,42121.02,1579.1,25.47,17.63
4/27/2015 0:40,42121.03,1579,25.47,17.65
4/27/2015 0:50,42121.03,1578.7,25.45,17.64
4/27/2015 1:00,42121.04,1579,25.47,17.65
4/27/2015 1:10,42121.05,1579.1,25.49,17.64
4/27/2015 1:20,42121.06,1579.6,25.49,17.64
4/27/2015 1:30,42121.06,1579.9,25.48,17.64
4/27/2015 1:40,42121.07,1580.7,25.47,17.63
4/27/2015 1:50,42121.08,1581.4,25.47,17.63
4/27/2015 2:00,42121.08,1582.2,25.46,17.65
4/27/2015 2:10,42121.09,1583,25.48,17.64
4/27/2015 2:20,42121.10,1583.8,25.48,17.64
4/27/2015 2:30,42121.10,1584.6,25.47,17.65
4/27/2015 2:40,42121.11,1585.6,25.47,17.65
4/27/2015 2:50,42121.12,1586.7,25.49,17.64
4/27/2015 3:00,42121.13,1587.6,25.49,17.64
4/27/2015 3:10,42121.13,1588.7,25.5,17.64
4/27/2015 3:20,42121.14,1589.7,25.5,17.64
4/27/2015 3:30,42121.15,1591.1,25.48,17.64
4/27/2015 3:40,42121.15,1592.2,25.48,17.64
4/27/2015 3:50,42121.16,1593.3,25.48,17.64
4/27/2015 4:00,42121.17,1594.6,25.49,17.64
4/27/2015 4:10,42121.17,1596,25.48,17.63
4/27/2015 4:20,42121.18,1597.3,25.47,17.65
4/27/2015 4:30,42121.19,1598.1,25.48,17.64
4/27/2015 4:40,42121.19,1599.5,25.48,17.64
4/27/2015 4:50,42121.20,1600.4,25.51,17.65
4/27/2015 5:00,42121.21,1601.8,25.48,17.64
4/27/2015 5:10,42121.22,1602.7,25.47,17.63
4/27/2015 5:20,42121.22,1603.6,25.47,17.63
4/27/2015 5:30,42121.23,1604.3,25.49,17.64
4/27/2015 5:40,42121.24,1605.2,25.47,17.63
4/27/2015 5:50,42121.24,1605.9,25.5,17.64
4/27/2015 6:00,42121.25,1606.6,25.47,17.64
4/27/2015 6:10,42121.26,1607.3,25.47,17.65
4/27/2015 6:20,42121.26,1607.5,25.47,17.65
4/27/2015 6:30,42121.27,1608.3,25.49,17.64
4/27/2015 6:40,42121.28,1608.4,25.48,17.64
4/27/2015 6:50,42121.28,1608.6,25.48,17.64
4/27/2015 7:00,42121.29,1608.3,25.47,17.63
4/27/2015 7:10,42121.30,1608.6,25.48,17.64
4/27/2015 7:20,42121.31,1608.4,25.48,17.64
4/27/2015 7:30,42121.31,1608,25.48,17.64
4/27/2015 7:40,42121.32,1607.6,25.49,17.64
4/27/2015 7:50,42121.33,1607.3,25.48,17.64
4/27/2015 8:00,42121.33,1606.9,25.48,17.64
4/27/2015 8:10,42121.34,1606,25.47,17.63
4/27/2015 8:20,42121.35,1605,25.5,17.64
4/27/2015 8:30,42121.35,1604.5,25.47,17.64
4/27/2015 8:40,42121.36,1603.4,25.5,17.64
4/27/2015 8:50,42121.37,1602.7,25.47,17.63
4/27/2015 9:00,42121.38,1601.7,25.5,17.64
4/27/2015 9:10,42121.38,1600.4,25.47,17.65
4/27/2015 9:20,42121.39,1599.6,25.5,17.64
4/27/2015 9:30,42121.40,1598.6,25.49,17.64
4/27/2015 9:40,42121.40,1597.6,25.47,17.65
4/27/2015 9:50,42121.41,1596.5,25.47,17.63
4/27/2015 10:00,42121.42,1595.3,25.46,17.65
4/27/2015 10:10,42121.42,1594.4,25.46,17.64
4/27/2015 10:20,42121.43,1593.3,25.46,17.65
4/27/2015 10:30,42121.44,1592.1,25.46,17.65
4/27/2015 10:40,42121.44,1591.3,25.48,17.64
4/27/2015 10:50,42121.45,1590.2,25.49,17.64
4/27/2015 11:00,42121.46,1589.3,25.47,17.65
4/27/2015 11:10,42121.47,1588,25.46,17.65
4/27/2015 11:20,42121.47,1587.4,25.46,17.64
4/27/2015 11:30,42121.48,1586.5,25.47,17.65
4/27/2015 11:40,42121.49,1585.7,25.46,17.65
4/27/2015 11:50,42121.49,1585,25.46,17.65
4/27/2015 12:00,42121.50,1584.3,25.46,17.65
4/27/2015 12:10,42121.51,1583.4,25.5,17.64
4/27/2015 12:20,42121.51,1582.9,25.5,17.64
4/27/2015 12:30,42121.52,1582.1,25.5,17.64
4/27/2015 12:40,42121.53,1581.9,25.48,17.64
4/27/2015 12:50,42121.53,1581.4,25.49,17.64
4/27/2015 13:00,42121.54,1581,25.49,17.64
4/27/2015 13:10,42121.55,1580.8,25.48,17.63
4/27/2015 13:20,42121.56,1581,25.47,17.63
4/27/2015 13:30,42121.56,1581.2,25.47,17.63
4/27/2015 13:40,42121.57,1581.2,25.48,17.63
4/27/2015 13:50,42121.58,1581.7,25.47,17.65
4/27/2015 14:00,42121.58,1581.9,25.48,17.64
4/27/2015 14:10,42121.59,1582.4,25.5,17.64
4/27/2015 14:20,42121.60,1583,25.48,17.64
4/27/2015 14:30,42121.60,1583.5,25.48,17.64
4/27/2015 14:40,42121.61,1584.4,25.47,17.65
4/27/2015 14:50,42121.62,1585.2,25.46,17.65
4/27/2015 15:00,42121.63,1585.9,25.46,17.65
4/27/2015 15:10,42121.63,1587.1,25.48,17.63
4/27/2015 15:20,42121.64,1588,25.48,17.64
4/27/2015 15:30,42121.65,1589.2,25.48,17.63
4/27/2015 15:40,42121.65,1590.1,25.48,17.64
4/27/2015 15:50,42121.66,1591.1,25.48,17.64
4/27/2015 16:00,42121.67,1592.4,25.48,17.64
4/27/2015 16:10,42121.67,1593.5,25.51,17.64
4/27/2015 16:20,42121.68,1594.8,25.48,17.64
4/27/2015 16:30,42121.69,1596.1,25.5,17.64
4/27/2015 16:40,42121.69,1597.5,25.48,17.64
4/27/2015 16:50,42121.70,1598.5,25.47,17.65
4/27/2015 17:00,42121.71,1600.1,25.46,17.64
4/27/2015 17:10,42121.72,1601.5,25.47,17.63
4/27/2015 17:20,42121.72,1602.5,25.48,17.63
4/27/2015 17:30,42121.73,1603.9,25.5,17.64
4/27/2015 17:40,42121.74,1604.9,25.48,17.64
4/27/2015 17:50,42121.74,1606,25.48,17.64
4/27/2015 18:00,42121.75,1607.3,25.48,17.64
4/27/2015 18:10,42121.76,1608.1,25.48,17.64
4/27/2015 18:20,42121.76,1609.1,25.48,17.63
4/27/2015 18:30,42121.77,1610.2,25.48,17.63
4/27/2015 18:40,42121.78,1610.5,25.47,17.63
4/27/2015 18:50,42121.78,1611.2,25.52,17.65
4/27/2015 19:00,42121.79,1611.8,25.5,17.64
4/27/2015 19:10,42121.80,1612.3,25.49,17.64
4/27/2015 19:20,42121.81,1612.4,25.47,17.65
4/27/2015 19:30,42121.81,1612.3,25.5,17.64
4/27/2015 19:40,42121.82,1612.6,25.48,17.64
4/27/2015 19:50,42121.83,1612.1,25.47,17.65
4/27/2015 20:00,42121.83,1611.9,25.49,17.64
4/27/2015 20:10,42121.84,1611.4,25.5,17.64
4/27/2015 20:20,42121.85,1611,25.48,17.64
4/27/2015 20:30,42121.85,1610.2,25.49,17.64
4/27/2015 20:40,42121.86,1609.5,25.5,17.64
4/27/2015 20:50,42121.87,1608.4,25.47,17.65
4/27/2015 21:00,42121.88,1607.4,25.5,17.64
4/27/2015 21:10,42121.88,1606.8,25.48,17.64
4/27/2015 21:20,42121.89,1605.9,25.48,17.63
4/27/2015 21:30,42121.90,1604.6,25.49,17.64
4/27/2015 21:40,42121.90,1603.6,25.47,17.63
4/27/2015 21:50,42121.91,1602.7,25.46,17.65
4/27/2015 22:00,42121.92,1601.5,25.47,17.63
4/27/2015 22:10,42121.92,1600.1,25.49,17.64
4/27/2015 22:20,42121.93,1599,25.47,17.65
4/27/2015 22:30,42121.94,1597.9,25.46,17.65
4/27/2015 22:40,42121.94,1596.5,25.5,17.64
4/27/2015 22:50,42121.95,1595.1,25.48,17.64
4/27/2015 23:00,42121.96,1593.8,25.48,17.64
4/27/2015 23:10,42121.97,1592.6,25.49,17.64
4/27/2015 23:20,42121.97,1591.5,25.5,17.64
4/27/2015 23:30,42121.98,1590.5,25.47,17.65
4/27/2015 23:40,42121.99,1589.2,25.48,17.64
4/27/2015 23:50,42121.99,1588,25.48,17.63
4/28/2015 0:00,42122.00,1587.1,25.47,17.63
4/28/2015 0:10,42122.01,1585.7,25.46,17.65
4/28/2015 0:20,42122.01,1584.6,25.49,17.64
4/28/2015 0:30,42122.02,1583.7,25.47,17.65
4/28/2015 0:40,42122.03,1582.8,25.46,17.64
4/28/2015 0:50,42122.03,1582.1,25.46,17.65
4/28/2015 1:00,42122.04,1581.2,25.48,17.63
4/28/2015 1:10,42122.05,1580.4,25.48,17.64
4/28/2015 1:20,42122.06,1579.8,25.46,17.65
4/28/2015 1:30,42122.06,1579.4,25.47,17.65
4/28/2015 1:40,42122.07,1578.7,25.48,17.64
4/28/2015 1:50,42122.08,1578.2,25.49,17.64
4/28/2015 2:00,42122.08,1578.2,25.48,17.64
4/28/2015 2:10,42122.09,1577.7,25.5,17.64
4/28/2015 2:20,42122.10,1577.3,25.49,17.64
4/28/2015 2:30,42122.10,1577.3,25.49,17.64
4/28/2015 2:40,42122.11,1577.3,25.49,17.64
4/28/2015 2:50,42122.12,1577.5,25.47,17.65
4/28/2015 3:00,42122.13,1577.5,25.48,17.63
4/28/2015 3:10,42122.13,1578.2,25.48,17.64
4/28/2015 3:20,42122.14,1578.9,25.48,17.64
4/28/2015 3:30,42122.15,1579.7,25.47,17.65
4/28/2015 3:40,42122.15,1580.3,25.48,17.64
4/28/2015 3:50,42122.16,1581.2,25.46,17.64
4/28/2015 4:00,42122.17,1582.1,25.47,17.63
4/28/2015 4:10,42122.17,1583.1,25.46,17.65
4/28/2015 4:20,42122.18,1584.2,25.47,17.65
4/28/2015 4:30,42122.19,1585.5,25.46,17.65
4/28/2015 4:40,42122.19,1586.6,25.49,17.64
4/28/2015 4:50,42122.20,1588,25.5,17.64
4/28/2015 5:00,42122.21,1589,25.49,17.64
4/28/2015 5:10,42122.22,1590.1,25.5,17.64
4/28/2015 5:20,42122.22,1591.3,25.47,17.65
4/28/2015 5:30,42122.23,1592.8,25.5,17.64
4/28/2015 5:40,42122.24,1594.2,25.47,17.63
4/28/2015 5:50,42122.24,1595.5,25.47,17.65
4/28/2015 6:00,42122.25,1596.8,25.47,17.63
4/28/2015 6:10,42122.26,1598.2,25.48,17.64
4/28/2015 6:20,42122.26,1599.8,25.49,17.64
4/28/2015 6:30,42122.27,1600.6,25.48,17.63
4/28/2015 6:40,42122.28,1602.1,25.47,17.65
4/28/2015 6:50,42122.28,1603.2,25.48,17.63
4/28/2015 7:00,42122.29,1604.5,25.48,17.64
4/28/2015 7:10,42122.30,1605.3,25.49,17.64
4/28/2015 7:20,42122.31,1606.4,25.49,17.64
4/28/2015 7:30,42122.31,1607.7,25.48,17.64
4/28/2015 7:40,42122.32,1608.4,25.48,17.64
4/28/2015 7:50,42122.33,1609.1,25.48,17.64
4/28/2015 8:00,42122.33,1609.8,25.48,17.64
4/28/2015 8:10,42122.34,1610.2,25.48,17.64
4/28/2015 8:20,42122.35,1610.5,25.5,17.64
4/28/2015 8:30,42122.35,1611,25.48,17.64
4/28/2015 8:40,42122.36,1611.1,25.48,17.63
4/28/2015 8:50,42122.37,1611,25.47,17.65
4/28/2015 9:00,42122.38,1610.9,25.48,17.63
4/28/2015 9:10,42122.38,1610.7,25.47,17.65
4/28/2015 9:20,42122.39,1610.4,25.48,17.63
4/28/2015 9:30,42122.40,1610,25.46,17.65
4/28/2015 9:40,42122.40,1609.4,25.48,17.64
4/28/2015 9:50,42122.41,1608.6,25.46,17.65
4/28/2015 10:00,42122.42,1607.8,25.48,17.63
4/28/2015 10:10,42122.42,1606.8,25.48,17.64
4/28/2015 10:20,42122.43,1605.9,25.49,17.64
4/28/2015 10:30,42122.44,1605.1,25.47,17.65
4/28/2015 10:40,42122.44,1603.5,25.47,17.65
4/28/2015 10:50,42122.45,1602.7,25.5,17.64
4/28/2015 11:00,42122.46,1601.7,25.5,17.64
4/28/2015 11:10,42122.47,1600,25.48,17.64
4/28/2015 11:20,42122.47,1599,25.48,17.64
4/28/2015 11:30,42122.48,1597.5,25.48,17.63
4/28/2015 11:40,42122.49,1596.5,25.47,17.63
4/28/2015 11:50,42122.49,1595.4,25.48,17.63
4/28/2015 12:00,42122.50,1593.8,25.47,17.65
4/28/2015 12:10,42122.51,1592.8,25.47,17.63
4/28/2015 12:20,42122.51,1591.6,25.49,17.64
4/28/2015 12:30,42122.52,1590.4,25.51,17.64
4/28/2015 12:40,42122.53,1589.1,25.48,17.64
4/28/2015 12:50,42122.53,1588,25.47,17.63
4/28/2015 13:00,42122.54,1586.7,25.47,17.65
4/28/2015 13:10,42122.55,1585.5,25.48,17.63
4/28/2015 13:20,42122.56,1584.9,25.47,17.65
4/28/2015 13:30,42122.56,1583.8,25.47,17.63
4/28/2015 13:40,42122.57,1582.9,25.49,17.64
4/28/2015 13:50,42122.58,1582.2,25.47,17.65
4/28/2015 14:00,42122.58,1581,25.46,17.65
4/28/2015 14:10,42122.59,1580.1,25.48,17.64
4/28/2015 14:20,42122.60,1579.6,25.48,17.64
4/28/2015 14:30,42122.60,1579.3,25.46,17.64
4/28/2015 14:40,42122.61,1579.3,25.48,17.64
4/28/2015 14:50,42122.62,1579.1,25.47,17.63
4/28/2015 15:00,42122.63,1579.1,25.47,17.63
4/28/2015 15:10,42122.63,1579.4,25.46,17.65
4/28/2015 15:20,42122.64,1579.7,25.47,17.65
4/28/2015 15:30,42122.65,1579.8,25.47,17.63
4/28/2015 15:40,42122.65,1580,25.47,17.63
4/28/2015 15:50,42122.66,1580.5,25.49,17.64
4/28/2015 16:00,42122.67,1581.1,25.47,17.65
4/28/2015 16:10,42122.67,1581.4,25.46,17.64
4/28/2015 16:20,42122.68,1582.4,25.49,17.64
4/28/2015 16:30,42122.69,1583.4,25.48,17.64
4/28/2015 16:40,42122.69,1583.9,25.48,17.63
4/28/2015 16:50,42122.70,1585.5,25.46,17.64
4/28/2015 17:00,42122.71,1586.5,25.47,17.65
4/28/2015 17:10,42122.72,1587.4,25.47,17.63
4/28/2015 17:20,42122.72,1588.7,25.46,17.64
4/28/2015 17:30,42122.73,1590.5,25.47,17.64
4/28/2015 17:40,42122.74,1591.9,25.46,17.64
4/28/2015 17:50,42122.74,1593.2,25.48,17.63
4/28/2015 18:00,42122.75,1594.8,25.47,17.65
4/28/2015 18:10,42122.76,1596.5,25.47,17.63
4/28/2015 18:20,42122.76,1597.9,25.47,17.65
4/28/2015 18:30,42122.77,1599.8,25.48,17.63
4/28/2015 18:40,42122.78,1601.1,25.47,17.63
4/28/2015 18:50,42122.78,1602.2,25.49,17.64
4/28/2015 19:00,42122.79,1603.2,25.48,17.63
4/28/2015 19:10,42122.80,1604.6,25.5,17.64
4/28/2015 19:20,42122.81,1605.7,25.48,17.63
4/28/2015 19:30,42122.81,1607.1,25.48,17.63
4/28/2015 19:40,42122.82,1608.4,25.47,17.65
4/28/2015 19:50,42122.83,1609.3,25.47,17.65
4/28/2015 20:00,42122.83,1610.2,25.46,17.65
4/28/2015 20:10,42122.84,1611.1,25.46,17.64
4/28/2015 20:20,42122.85,1611.6,25.46,17.65
4/28/2015 20:30,42122.85,1612.3,25.47,17.63
4/28/2015 20:40,42122.86,1612.8,25.47,17.65
4/28/2015 20:50,42122.87,1613.3,25.48,17.64
4/28/2015 21:00,42122.88,1613.5,25.46,17.65
4/28/2015 21:10,42122.88,1613.9,25.47,17.65
4/28/2015 21:20,42122.89,1614.2,25.48,17.63
4/28/2015 21:30,42122.90,1614,25.46,17.65
4/28/2015 21:40,42122.90,1613.5,25.47,17.63
4/28/2015 21:50,42122.91,1613.3,25.47,17.65
4/28/2015 22:00,42122.92,1612.3,25.46,17.65
4/28/2015 22:10,42122.92,1611.8,25.45,17.64
4/28/2015 22:20,42122.93,1610.3,25.47,17.65
4/28/2015 22:30,42122.94,1609.3,25.48,17.63
4/28/2015 22:40,42122.94,1608,25.49,17.64
4/28/2015 22:50,42122.95,1606.2,25.48,17.63
4/28/2015 23:00,42122.96,1604.3,25.48,17.63
4/28/2015 23:10,42122.97,1603.8,25.49,17.64
4/28/2015 23:20,42122.97,1602.4,25.47,17.63
4/28/2015 23:30,42122.98,1601,25.53,17.63
4/28/2015 23:40,42122.99,1599.3,25.5,17.64
4/28/2015 23:50,42122.99,1597.7,25.47,17.63
4/29/2015 0:00,42123.00,1596.1,25.48,17.64
4/29/2015 0:10,42123.01,1594.7,25.48,17.64
4/29/2015 0:20,42123.01,1593,25.46,17.64
4/29/2015 0:30,42123.02,1591.1,25.46,17.64
4/29/2015 0:40,42123.03,1589.7,25.46,17.64
4/29/2015 0:50,42123.03,1588.3,25.46,17.64
4/29/2015 1:00,42123.04,1586.9,25.48,17.64
4/29/2015 1:10,42123.05,1585.5,25.47,17.63
4/29/2015 1:20,42123.06,1584.1,25.48,17.64
4/29/2015 1:30,42123.06,1582.5,25.47,17.65
4/29/2015 1:40,42123.07,1581.3,25.47,17.65
4/29/2015 1:50,42123.08,1580,25.46,17.64
4/29/2015 2:00,42123.08,1578.7,25.46,17.65
4/29/2015 2:10,42123.09,1577.9,25.48,17.64
4/29/2015 2:20,42123.10,1576.6,25.49,17.64
4/29/2015 2:30,42123.10,1575.9,25.47,17.65
4/29/2015 2:40,42123.11,1575.2,25.46,17.64
4/29/2015 2:50,42123.12,1574.8,25.46,17.64
4/29/2015 3:00,42123.13,1574.5,25.47,17.65
4/29/2015 3:10,42123.13,1574.1,25.48,17.63
4/29/2015 3:20,42123.14,1574.1,25.48,17.63
4/29/2015 3:30,42123.15,1573.9,25.46,17.64
4/29/2015 3:40,42123.15,1573.9,25.47,17.63
4/29/2015 3:50,42123.16,1574.5,25.47,17.65
4/29/2015 4:00,42123.17,1574.7,25.47,17.65
4/29/2015 4:10,42123.17,1575.2,25.47,17.63
4/29/2015 4:20,42123.18,1576.1,25.48,17.64
4/29/2015 4:30,42123.19,1576.8,25.47,17.63
4/29/2015 4:40,42123.19,1577.9,25.47,17.63
4/29/2015 4:50,42123.20,1579.1,25.46,17.65
4/29/2015 5:00,42123.21,1580,25.46,17.65
4/29/2015 5:10,42123.22,1581,25.49,17.64
4/29/2015 5:20,42123.22,1582.2,25.49,17.64
4/29/2015 5:30,42123.23,1583.7,25.47,17.65
4/29/2015 5:40,42123.24,1585.1,25.47,17.65
4/29/2015 5:50,42123.24,1586.5,25.47,17.65
4/29/2015 6:00,42123.25,1587.6,25.46,17.65
4/29/2015 6:10,42123.26,1589.1,25.47,17.65
4/29/2015 6:20,42123.26,1590.5,25.48,17.64
4/29/2015 6:30,42123.27,1592.1,25.49,17.64
4/29/2015 6:40,42123.28,1593.9,25.49,17.64
4/29/2015 6:50,42123.28,1595.7,25.48,17.64
4/29/2015 7:00,42123.29,1597.1,25.48,17.64
4/29/2015 7:10,42123.30,1598.6,25.48,17.64
4/29/2015 7:20,42123.31,1600.3,25.47,17.63
4/29/2015 7:30,42123.31,1602,25.48,17.64
4/29/2015 7:40,42123.32,1603.2,25.48,17.63
4/29/2015 7:50,42123.33,1604.6,25.48,17.63
4/29/2015 8:00,42123.33,1605.9,25.47,17.65
4/29/2015 8:10,42123.34,1606.9,25.5,17.64
4/29/2015 8:20,42123.35,1608,25.47,17.65
4/29/2015 8:30,42123.35,1609,25.47,17.63
4/29/2015 8:40,42123.36,1610,25.48,17.63
4/29/2015 8:50,42123.37,1611,25.47,17.65
4/29/2015 9:00,42123.38,1611.2,25.47,17.63
4/29/2015 9:10,42123.38,1611.9,25.49,17.64
4/29/2015 9:20,42123.39,1612.5,25.48,17.64
4/29/2015 9:30,42123.40,1613.2,25.5,17.64
4/29/2015 9:40,42123.40,1613.3,25.47,17.63
4/29/2015 9:50,42123.41,1613.6,25.47,17.65
4/29/2015 10:00,42123.42,1613.2,25.49,17.64
4/29/2015 10:10,42123.42,1612.8,25.49,17.64
4/29/2015 10:20,42123.43,1612.6,25.46,17.64
4/29/2015 10:30,42123.44,1612.2,25.47,17.65
4/29/2015 10:40,42123.44,1611.2,25.48,17.63
4/29/2015 10:50,42123.45,1610.1,25.48,17.64
4/29/2015 11:00,42123.46,1609.5,25.48,17.63
4/29/2015 11:10,42123.47,1608.6,25.47,17.65
4/29/2015 11:20,42123.47,1607.3,25.48,17.64
4/29/2015 11:30,42123.48,1605.9,25.47,17.65
4/29/2015 11:40,42123.49,1604.8,25.47,17.65
4/29/2015 11:50,42123.49,1603.4,25.47,17.63
4/29/2015 12:00,42123.50,1601.8,25.49,17.64
4/29/2015 12:10,42123.51,1600.1,25.49,17.64
4/29/2015 12:20,42123.51,1598.6,25.47,17.65
4/29/2015 12:30,42123.52,1597.4,25.47,17.63
4/29/2015 12:40,42123.53,1595.8,25.5,17.64
4/29/2015 12:50,42123.53,1594.3,25.47,17.65
4/29/2015 13:00,42123.54,1592.8,25.47,17.63
4/29/2015 13:10,42123.55,1590.9,25.49,17.64
4/29/2015 13:20,42123.56,1589.7,25.48,17.64
4/29/2015 13:30,42123.56,1588.3,25.48,17.64
4/29/2015 13:40,42123.57,1586.9,25.46,17.64
4/29/2015 13:50,42123.58,1585.6,25.48,17.64
4/29/2015 14:00,42123.58,1584.5,25.47,17.63
4/29/2015 14:10,42123.59,1583.4,25.51,17.64
4/29/2015 14:20,42123.60,1582.6,25.47,17.63
4/29/2015 14:30,42123.60,1581.9,25.48,17.64
4/29/2015 14:40,42123.61,1581,25.49,17.64
4/29/2015 14:50,42123.62,1580.1,25.49,17.64
4/29/2015 15:00,42123.63,1579.3,25.47,17.63
4/29/2015 15:10,42123.63,1578.6,25.47,17.63
4/29/2015 15:20,42123.64,1577.8,25.48,17.64
4/29/2015 15:30,42123.65,1577.2,25.51,17.64
4/29/2015 15:40,42123.65,1576.6,25.5,17.64
4/29/2015 15:50,42123.66,1576.4,25.47,17.64
4/29/2015 16:00,42123.67,1576.4,25.47,17.65
4/29/2015 16:10,42123.67,1575.9,25.47,17.63
4/29/2015 16:20,42123.68,1576.3,25.48,17.63
4/29/2015 16:30,42123.69,1576.3,25.49,17.64
4/29/2015 16:40,42123.69,1576.8,25.46,17.65
4/29/2015 16:50,42123.70,1577.3,25.48,17.64
4/29/2015 17:00,42123.71,1578,25.48,17.64
4/29/2015 17:10,42123.72,1579.2,25.47,17.65
4/29/2015 17:20,42123.72,1580,25.46,17.64
4/29/2015 17:30,42123.73,1581.2,25.46,17.64
4/29/2015 17:40,42123.74,1582.1,25.48,17.63
4/29/2015 17:50,42123.74,1583.1,25.48,17.63
4/29/2015 18:00,42123.75,1584.9,25.47,17.65
4/29/2015 18:10,42123.76,1585.9,25.47,17.63
4/29/2015 18:20,42123.76,1587.8,25.48,17.63
4/29/2015 18:30,42123.77,1589,25.48,17.63
4/29/2015 18:40,42123.78,1590.8,25.46,17.64
4/29/2015 18:50,42123.78,1592,25.47,17.64
4/29/2015 19:00,42123.79,1593.9,25.48,17.63
4/29/2015 19:10,42123.80,1595.9,25.48,17.63
4/29/2015 19:20,42123.81,1597.5,25.47,17.65
4/29/2015 19:30,42123.81,1599.3,25.46,17.64
4/29/2015 19:40,42123.82,1600.8,25.49,17.64
4/29/2015 19:50,42123.83,1602.5,25.46,17.64
4/29/2015 20:00,42123.83,1603.9,25.48,17.63
4/29/2015 20:10,42123.84,1605.3,25.5,17.64
4/29/2015 20:20,42123.85,1606.7,25.5,17.64
4/29/2015 20:30,42123.85,1608,25.54,17.64
4/29/2015 20:40,42123.86,1609.3,25.48,17.63
4/29/2015 20:50,42123.87,1610.5,25.47,17.63
4/29/2015 21:00,42123.88,1611.4,25.48,17.63
4/29/2015 21:10,42123.88,1612.1,25.47,17.63
4/29/2015 21:20,42123.89,1613.3,25.47,17.63
4/29/2015 21:30,42123.90,1614,25.46,17.64
4/29/2015 21:40,42123.90,1614.4,25.5,17.64
4/29/2015 21:50,42123.91,1614.7,25.5,17.64
4/29/2015 22:00,42123.92,1615.1,25.46,17.65
4/29/2015 22:10,42123.92,1615.1,25.47,17.65
4/29/2015 22:20,42123.93,1615.1,25.47,17.63
4/29/2015 22:30,42123.94,1615,25.47,17.65
4/29/2015 22:40,42123.94,1615,25.47,17.65
4/29/2015 22:50,42123.95,1614.4,25.49,17.64
4/29/2015 23:00,42123.96,1613.7,25.47,17.63
4/29/2015 23:10,42123.97,1613,25.49,17.64
4/29/2015 23:20,42123.97,1612.1,25.47,17.65
4/29/2015 23:30,42123.98,1610.8,25.47,17.65
4/29/2015 23:40,42123.99,1609.5,25.49,17.64
4/29/2015 23:50,42123.99,1608,25.48,17.63
4/30/2015 0:00,42124.00,1606.6,25.48,17.63
4/30/2015 0:10,42124.01,1604.9,25.47,17.65
4/30/2015 0:20,42124.01,1603.4,25.46,17.64
4/30/2015 0:30,42124.02,1601.8,25.46,17.64
4/30/2015 0:40,42124.03,1600.4,25.47,17.63
4/30/2015 0:50,42124.03,1598.8,25.47,17.65
4/30/2015 1:00,42124.04,1597.2,25.47,17.63
4/30/2015 1:10,42124.05,1595.6,25.5,17.64
4/30/2015 1:20,42124.06,1594,25.46,17.64
4/30/2015 1:30,42124.06,1592.5,25.46,17.64
4/30/2015 1:40,42124.07,1590.8,25.47,17.65
4/30/2015 1:50,42124.08,1589.5,25.47,17.65
4/30/2015 2:00,42124.08,1588.3,25.47,17.65
4/30/2015 2:10,42124.09,1586.9,25.46,17.64
4/30/2015 2:20,42124.10,1585.7,25.46,17.64
4/30/2015 2:30,42124.10,1584.5,25.47,17.63
4/30/2015 2:40,42124.11,1583.4,25.46,17.64
4/30/2015 2:50,42124.12,1582.2,25.49,17.64
4/30/2015 3:00,42124.13,1581.2,25.46,17.64
4/30/2015 3:10,42124.13,1579.8,25.48,17.63
4/30/2015 3:20,42124.14,1579.4,25.47,17.65
4/30/2015 3:30,42124.15,1578.2,25.47,17.65
4/30/2015 3:40,42124.15,1577.3,25.46,17.64
4/30/2015 3:50,42124.16,1576.6,25.46,17.64
4/30/2015 4:00,42124.17,1575.9,25.47,17.63
4/30/2015 4:10,42124.17,1575.4,25.48,17.63
4/30/2015 4:20,42124.18,1575,25.48,17.63
4/30/2015 4:30,42124.19,1574.6,25.48,17.64
4/30/2015 4:40,42124.19,1574.3,25.49,17.64
4/30/2015 4:50,42124.20,1574.4,25.5,17.64
4/30/2015 5:00,42124.21,1574.4,25.48,17.63
4/30/2015 5:10,42124.22,1574.6,25.47,17.63
4/30/2015 5:20,42124.22,1575.1,25.48,17.63
4/30/2015 5:30,42124.23,1575.6,25.46,17.64
4/30/2015 5:40,42124.24,1576.6,25.47,17.65
4/30/2015 5:50,42124.24,1577.5,25.47,17.63
4/30/2015 6:00,42124.25,1578.4,25.5,17.64
4/30/2015 6:10,42124.26,1580.1,25.48,17.64
4/30/2015 6:20,42124.26,1581.4,25.48,17.63
4/30/2015 6:30,42124.27,1583.1,25.5,17.64
4/30/2015 6:40,42124.28,1584.8,25.48,17.63
4/30/2015 6:50,42124.28,1586.7,25.48,17.63
4/30/2015 7:00,42124.29,1588.1,25.5,17.64
4/30/2015 7:10,42124.30,1589.7,25.51,17.64
4/30/2015 7:20,42124.31,1591.5,25.49,17.64
4/30/2015 7:30,42124.31,1593.3,25.5,17.64
4/30/2015 7:40,42124.32,1595.1,25.48,17.63
4/30/2015 7:50,42124.33,1596.9,25.47,17.65
4/30/2015 8:00,42124.33,1598.8,25.48,17.64
4/30/2015 8:10,42124.34,1600.9,25.48,17.63
4/30/2015 8:20,42124.35,1602.5,25.49,17.64
4/30/2015 8:30,42124.35,1604.4,25.47,17.65
4/30/2015 8:40,42124.36,1605.9,25.47,17.65
4/30/2015 8:50,42124.37,1607.6,25.48,17.63
4/30/2015 9:00,42124.38,1609.1,25.48,17.63
4/30/2015 9:10,42124.38,1610.2,25.5,17.64
4/30/2015 9:20,42124.39,1611.4,25.49,17.64
4/30/2015 9:30,42124.40,1612.6,25.49,17.64
4/30/2015 9:40,42124.40,1613.7,25.51,17.64
4/30/2015 9:50,42124.41,1614.6,25.47,17.65
4/30/2015 10:00,42124.42,1615.3,25.47,17.65
4/30/2015 10:10,42124.42,1615.7,25.47,17.64
4/30/2015 10:20,42124.43,1616.1,25.49,17.64
4/30/2015 10:30,42124.44,1616.8,25.46,17.64
4/30/2015 10:40,42124.44,1617.1,25.48,17.63
4/30/2015 10:50,42124.45,1617.2,25.47,17.65
4/30/2015 11:00,42124.46,1617,25.47,17.63
4/30/2015 11:10,42124.47,1617.2,25.48,17.63
4/30/2015 11:20,42124.47,1616.8,25.49,17.64
4/30/2015 11:30,42124.48,1616.5,25.51,17.64
4/30/2015 11:40,42124.49,1615.5,25.53,17.64
4/30/2015 11:50,42124.49,1614.7,25.5,17.64
4/30/2015 12:00,42124.50,1613.9,25.47,17.63
4/30/2015 12:10,42124.51,1612.8,25.47,17.65
4/30/2015 12:20,42124.51,1611.4,25.49,17.64
4/30/2015 12:30,42124.52,1609.8,25.47,17.63
4/30/2015 12:40,42124.53,1608.3,25.47,17.63
4/30/2015 12:50,42124.53,1606.6,25.48,17.63
4/30/2015 13:00,42124.54,1605,25.46,17.65
4/30/2015 13:10,42124.55,1603.2,25.46,17.64
4/30/2015 13:20,42124.56,1601.6,25.47,17.65
4/30/2015 13:30,42124.56,1599.8,25.46,17.64
4/30/2015 13:40,42124.57,1598.1,25.48,17.63
4/30/2015 13:50,42124.58,1596.3,25.48,17.63
4/30/2015 14:00,42124.58,1594.5,25.48,17.64
4/30/2015 14:10,42124.59,1592.6,25.47,17.63
4/30/2015 14:20,42124.60,1590.9,25.48,17.63
4/30/2015 14:30,42124.60,1589.2,25.48,17.63
4/30/2015 14:40,42124.61,1587.8,25.48,17.64
4/30/2015 14:50,42124.62,1586.2,25.47,17.63
4/30/2015 15:00,42124.63,1584.8,25.46,17.64
4/30/2015 15:10,42124.63,1583.2,25.47,17.65
4/30/2015 15:20,42124.64,1582.2,25.48,17.63
4/30/2015 15:30,42124.65,1580.8,25.51,17.64
4/30/2015 15:40,42124.65,1579.6,25.47,17.63
4/30/2015 15:50,42124.66,1578.4,25.48,17.63
4/30/2015 16:00,42124.67,1577.5,25.48,17.63
4/30/2015 16:10,42124.67,1576.6,25.5,17.64
4/30/2015 16:20,42124.68,1575.9,25.49,17.64
4/30/2015 16:30,42124.69,1575.2,25.47,17.65
4/30/2015 16:40,42124.69,1574.3,25.49,17.64
4/30/2015 16:50,42124.70,1573.7,25.48,17.64
4/30/2015 17:00,42124.71,1573.1,25.48,17.64
4/30/2015 17:10,42124.72,1572.7,25.49,17.64
4/30/2015 17:20,42124.72,1572.5,25.48,17.63
4/30/2015 17:30,42124.73,1572.6,25.47,17.65
4/30/2015 17:40,42124.74,1573,25.47,17.65
4/30/2015 17:50,42124.74,1573.4,25.51,17.64
4/30/2015 18:00,42124.75,1574.6,25.48,17.64
4/30/2015 18:10,42124.76,1575.2,25.47,17.65
4/30/2015 18:20,42124.76,1576.6,25.46,17.65
4/30/2015 18:30,42124.77,1578,25.46,17.65
4/30/2015 18:40,42124.78,1579.7,25.47,17.65
4/30/2015 18:50,42124.78,1581.4,25.49,17.64
4/30/2015 19:00,42124.79,1583.3,25.49,17.64
4/30/2015 19:10,42124.80,1584.6,25.49,17.64
4/30/2015 19:20,42124.81,1586.5,25.47,17.65
4/30/2015 19:30,42124.81,1588.5,25.48,17.63
4/30/2015 19:40,42124.82,1590.1,25.47,17.65
4/30/2015 19:50,42124.83,1591.7,25.48,17.64
4/30/2015 20:00,42124.83,1593.5,25.5,17.64
4/30/2015 20:10,42124.84,1595.9,25.47,17.65
4/30/2015 20:20,42124.85,1597.5,25.47,17.64
4/30/2015 20:30,42124.85,1599.8,25.48,17.63
4/30/2015 20:40,42124.86,1601.6,25.47,17.64
4/30/2015 20:50,42124.87,1603.4,25.49,17.63
4/30/2015 21:00,42124.88,1605.2,25.51,17.64
4/30/2015 21:10,42124.88,1606.9,25.48,17.63
4/30/2015 21:20,42124.89,1608.6,25.46,17.64
4/30/2015 21:30,42124.90,1610,25.46,17.64
4/30/2015 21:40,42124.90,1611.2,25.48,17.63
4/30/2015 21:50,42124.91,1612.3,25.5,17.64
4/30/2015 22:00,42124.92,1613.5,25.48,17.63
4/30/2015 22:10,42124.92,1614.4,25.46,17.64
4/30/2015 22:20,42124.93,1615.1,25.48,17.63
4/30/2015 22:30,42124.94,1616,25.47,17.65
4/30/2015 22:40,42124.94,1616.3,25.5,17.64
4/30/2015 22:50,42124.95,1616.9,25.47,17.65
4/30/2015 23:00,42124.96,1616.8,25.5,17.64
4/30/2015 23:10,42124.97,1617.1,25.47,17.65
4/30/2015 23:20,42124.97,1616.7,25.48,17.64
4/30/2015 23:30,42124.98,1616.3,25.49,17.64
4/30/2015 23:40,42124.99,1616.1,25.49,17.64
4/30/2015 23:50,42124.99,1615.5,25.47,17.65
5/1/2015 0:00,42125.00,1614.2,25.47,17.63
5/1/2015 0:10,42125.01,1613.3,25.47,17.63
5/1/2015 0:20,42125.01,1612.3,25.46,17.64
5/1/2015 0:30,42125.02,1611,25.48,17.63
5/1/2015 0:40,42125.03,1609.1,25.48,17.63
5/1/2015 0:50,42125.03,1607.7,25.47,17.65
5/1/2015 1:00,42125.04,1605.9,25.46,17.64
5/1/2015 1:10,42125.05,1604.2,25.47,17.65
5/1/2015 1:20,42125.06,1602.4,25.46,17.64
5/1/2015 1:30,42125.06,1600.4,25.48,17.63
5/1/2015 1:40,42125.07,1598.6,25.46,17.65
5/1/2015 1:50,42125.08,1597,25.48,17.64
5/1/2015 2:00,42125.08,1595.4,25.48,17.64
5/1/2015 2:10,42125.09,1593.3,25.47,17.65
5/1/2015 2:20,42125.10,1591.2,25.48,17.64
5/1/2015 2:30,42125.10,1589.2,25.49,17.64
5/1/2015 2:40,42125.11,1587.8,25.49,17.64
5/1/2015 2:50,42125.12,1586,25.46,17.65
5/1/2015 3:00,42125.13,1584.4,25.47,17.65
5/1/2015 3:10,42125.13,1582.9,25.46,17.64
5/1/2015 3:20,42125.14,1581.7,25.46,17.65
5/1/2015 3:30,42125.15,1580.1,25.46,17.64
5/1/2015 3:40,42125.15,1579.1,25.49,17.64
5/1/2015 3:50,42125.16,1578,25.47,17.65
5/1/2015 4:00,42125.17,1576.8,25.47,17.65
5/1/2015 4:10,42125.17,1575.4,25.49,17.64
5/1/2015 4:20,42125.18,1574.4,25.47,17.63
5/1/2015 4:30,42125.19,1573.8,25.47,17.65
5/1/2015 4:40,42125.19,1572.9,25.46,17.64
5/1/2015 4:50,42125.20,1571.7,25.47,17.64
5/1/2015 5:00,42125.21,1571.2,25.47,17.65
5/1/2015 5:10,42125.22,1570.8,25.46,17.65
5/1/2015 5:20,42125.22,1570.6,25.47,17.63
5/1/2015 5:30,42125.23,1570.5,25.47,17.65
5/1/2015 5:40,42125.24,1570.4,25.49,17.64
5/1/2015 5:50,42125.24,1570.4,25.46,17.64
5/1/2015 6:00,42125.25,1571.1,25.48,17.63
5/1/2015 6:10,42125.26,1572.2,25.49,17.64
5/1/2015 6:20,42125.26,1573.3,25.48,17.64
5/1/2015 6:30,42125.27,1574.4,25.48,17.63
5/1/2015 6:40,42125.28,1575.8,25.46,17.65
5/1/2015 6:50,42125.28,1577.2,25.48,17.63
5/1/2015 7:00,42125.29,1578.9,25.47,17.63
5/1/2015 7:10,42125.30,1580.7,25.48,17.63
5/1/2015 7:20,42125.31,1582.8,25.48,17.63
5/1/2015 7:30,42125.31,1585,25.49,17.64
5/1/2015 7:40,42125.32,1587.3,25.47,17.63
5/1/2015 7:50,42125.33,1588.8,25.47,17.63
5/1/2015 8:00,42125.33,1591.1,25.48,17.63
5/1/2015 8:10,42125.34,1593.2,25.47,17.63
5/1/2015 8:20,42125.35,1595.3,25.47,17.63
5/1/2015 8:30,42125.35,1597.2,25.46,17.64
5/1/2015 8:40,42125.36,1599.3,25.48,17.63
5/1/2015 8:50,42125.37,1601.5,25.47,17.63
5/1/2015 9:00,42125.38,1603.4,25.47,17.63
5/1/2015 9:10,42125.38,1605.3,25.49,17.64
5/1/2015 9:20,42125.39,1607.3,25.48,17.63
5/1/2015 9:30,42125.40,1609.3,25.47,17.65
5/1/2015 9:40,42125.40,1610.7,25.48,17.63
5/1/2015 9:50,42125.41,1612.3,25.49,17.64
5/1/2015 10:00,42125.42,1613.7,25.47,17.63
5/1/2015 10:10,42125.42,1615.1,25.48,17.64
5/1/2015 10:20,42125.43,1615.8,25.48,17.63
5/1/2015 10:30,42125.44,1616.5,25.47,17.65
5/1/2015 10:40,42125.44,1617.4,25.47,17.65
5/1/2015 10:50,42125.45,1618.2,25.49,17.64
5/1/2015 11:00,42125.46,1618.2,25.48,17.63
5/1/2015 11:10,42125.47,1618.9,25.47,17.63
5/1/2015 11:20,42125.47,1618.9,25.48,17.63
5/1/2015 11:30,42125.48,1618.7,25.47,17.63
5/1/2015 11:40,42125.49,1618.9,25.48,17.64
5/1/2015 11:50,42125.49,1618.7,25.48,17.63
5/1/2015 12:00,42125.50,1618.5,25.48,17.63
5/1/2015 12:10,42125.51,1618,25.48,17.64
5/1/2015 12:20,42125.51,1617.1,25.47,17.63
5/1/2015 12:30,42125.52,1616.7,25.47,17.63
5/1/2015 12:40,42125.53,1615.6,25.48,17.63
5/1/2015 12:50,42125.53,1614.3,25.48,17.64
5/1/2015 13:00,42125.54,1612.9,25.47,17.65
5/1/2015 13:10,42125.55,1611.4,25.49,17.64
5/1/2015 13:20,42125.56,1609.3,25.47,17.63
5/1/2015 13:30,42125.56,1607.4,25.47,17.63
5/1/2015 13:40,42125.57,1605.2,25.47,17.63
5/1/2015 13:50,42125.58,1603.4,25.47,17.65
5/1/2015 14:00,42125.58,1601.1,25.47,17.65
5/1/2015 14:10,42125.59,1598.9,25.47,17.63
5/1/2015 14:20,42125.60,1597,25.48,17.63
5/1/2015 14:30,42125.60,1594.8,25.47,17.65
5/1/2015 14:40,42125.61,1593,25.5,17.64
5/1/2015 14:50,42125.62,1591.3,25.47,17.63
5/1/2015 15:00,42125.63,1589.4,25.48,17.64
5/1/2015 15:10,42125.63,1587.6,25.48,17.63
5/1/2015 15:20,42125.64,1585.5,25.47,17.64
5/1/2015 15:30,42125.65,1584.1,25.47,17.63
5/1/2015 15:40,42125.65,1582.1,25.46,17.64
5/1/2015 15:50,42125.66,1580.8,25.49,17.64
5/1/2015 16:00,42125.67,1579.6,25.48,17.64
5/1/2015 16:10,42125.67,1578.2,25.47,17.65
5/1/2015 16:20,42125.68,1576.8,25.48,17.63
5/1/2015 16:30,42125.69,1575.6,25.48,17.63
5/1/2015 16:40,42125.69,1575,25.48,17.64
5/1/2015 16:50,42125.70,1573.7,25.48,17.63
5/1/2015 17:00,42125.71,1573,25.46,17.64
5/1/2015 17:10,42125.72,1572.1,25.47,17.65
5/1/2015 17:20,42125.72,1571.6,25.47,17.65
5/1/2015 17:30,42125.73,1570.9,25.47,17.63
5/1/2015 17:40,42125.74,1570.5,25.47,17.65
5/1/2015 17:50,42125.74,1570.3,25.47,17.65
5/1/2015 18:00,42125.75,1570.1,25.48,17.63
5/1/2015 18:10,42125.76,1570.2,25.46,17.64
5/1/2015 18:20,42125.76,1570.7,25.47,17.65
5/1/2015 18:30,42125.77,1571.8,25.48,17.63
5/1/2015 18:40,42125.78,1573,25.51,17.65
5/1/2015 18:50,42125.78,1574.3,25.53,17.63
5/1/2015 19:00,42125.79,1576.1,25.5,17.64
5/1/2015 19:10,42125.80,1577.5,25.5,17.64
5/1/2015 19:20,42125.81,1579.6,25.49,17.64
5/1/2015 19:30,42125.81,1581.5,25.5,17.64
5/1/2015 19:40,42125.82,1583.3,25.49,17.64
5/1/2015 19:50,42125.83,1585.5,25.49,17.64
5/1/2015 20:00,42125.83,1587.6,25.49,17.64
5/1/2015 20:10,42125.84,1589.2,25.47,17.63
5/1/2015 20:20,42125.85,1591.5,25.48,17.63
5/1/2015 20:30,42125.85,1593.1,25.48,17.63
5/1/2015 20:40,42125.86,1595.2,25.47,17.65
5/1/2015 20:50,42125.87,1597.6,25.48,17.63
5/1/2015 21:00,42125.88,1600,25.48,17.64
5/1/2015 21:10,42125.88,1602.1,25.48,17.63
5/1/2015 21:20,42125.89,1604.3,25.47,17.63
5/1/2015 21:30,42125.90,1606.2,25.49,17.64
5/1/2015 21:40,42125.90,1608.3,25.47,17.63
5/1/2015 21:50,42125.91,1610.2,25.48,17.63
5/1/2015 22:00,42125.92,1611.9,25.48,17.64
5/1/2015 22:10,42125.92,1613.1,25.47,17.65
5/1/2015 22:20,42125.93,1614.1,25.47,17.65
5/1/2015 22:30,42125.94,1614.6,25.49,17.63
5/1/2015 22:40,42125.94,1615.3,25.47,17.65
5/1/2015 22:50,42125.95,1615.7,25.47,17.65
5/1/2015 23:00,42125.96,1616,25.48,17.63
5/1/2015 23:10,42125.97,1616.3,25.49,17.64
5/1/2015 23:20,42125.97,1616.3,25.48,17.63
5/1/2015 23:30,42125.98,1616.5,25.47,17.64
5/1/2015 23:40,42125.99,1617,25.46,17.64
5/1/2015 23:50,42125.99,1616.8,25.48,17.63
5/2/2015 0:00,42126.00,1616.8,25.47,17.63
5/2/2015 0:10,42126.01,1616.8,25.48,17.63
5/2/2015 0:20,42126.01,1616.3,25.47,17.63
5/2/2015 0:30,42126.02,1615.4,25.5,17.64
5/2/2015 0:40,42126.03,1614.9,25.5,17.64
5/2/2015 0:50,42126.03,1613.9,25.5,17.64
5/2/2015 1:00,42126.04,1612.2,25.47,17.65
5/2/2015 1:10,42126.05,1611.2,25.48,17.64
5/2/2015 1:20,42126.06,1609.4,25.47,17.65
5/2/2015 1:30,42126.06,1608,25.49,17.64
5/2/2015 1:40,42126.07,1605.9,25.47,17.65
5/2/2015 1:50,42126.08,1603.9,25.49,17.64
5/2/2015 2:00,42126.08,1602,25.48,17.63
5/2/2015 2:10,42126.09,1600.6,25.47,17.65
5/2/2015 2:20,42126.10,1598.1,25.46,17.64
5/2/2015 2:30,42126.10,1596.3,25.48,17.64
5/2/2015 2:40,42126.11,1594.2,25.51,17.64
5/2/2015 2:50,42126.12,1591.8,25.49,17.64
5/2/2015 3:00,42126.13,1589.9,25.5,17.64
5/2/2015 3:10,42126.13,1587.8,25.48,17.64
5/2/2015 3:20,42126.14,1585.7,25.48,17.63
5/2/2015 3:30,42126.15,1583.9,25.47,17.63
5/2/2015 3:40,42126.15,1582.4,25.47,17.63
5/2/2015 3:50,42126.16,1580.8,25.47,17.65
5/2/2015 4:00,42126.17,1579.4,25.46,17.64
5/2/2015 4:10,42126.17,1577.6,25.47,17.64
5/2/2015 4:20,42126.18,1576.6,25.5,17.64
5/2/2015 4:30,42126.19,1575.4,25.47,17.63
5/2/2015 4:40,42126.19,1573.8,25.47,17.65
5/2/2015 4:50,42126.20,1572.9,25.46,17.64
5/2/2015 5:00,42126.21,1571.7,25.47,17.65
5/2/2015 5:10,42126.22,1570.7,25.47,17.65
5/2/2015 5:20,42126.22,1569.8,25.47,17.65
5/2/2015 5:30,42126.23,1569.2,25.47,17.63
5/2/2015 5:40,42126.24,1568.7,25.47,17.63
5/2/2015 5:50,42126.24,1567.9,25.47,17.65
5/2/2015 6:00,42126.25,1567.6,25.48,17.63
5/2/2015 6:10,42126.26,1567.8,25.49,17.64
5/2/2015 6:20,42126.26,1567.6,25.48,17.64
5/2/2015 6:30,42126.27,1568.1,25.47,17.63
5/2/2015 6:40,42126.28,1568.7,25.46,17.64
5/2/2015 6:50,42126.28,1569.9,25.46,17.65
5/2/2015 7:00,42126.29,1571.1,25.45,17.64
5/2/2015 7:10,42126.30,1572.4,25.47,17.65
5/2/2015 7:20,42126.31,1574.4,25.46,17.64
5/2/2015 7:30,42126.31,1576.3,25.46,17.64
5/2/2015 7:40,42126.32,1578.4,25.48,17.63
5/2/2015 7:50,42126.33,1580.3,25.48,17.63
5/2/2015 8:00,42126.33,1582.8,25.48,17.63
5/2/2015 8:10,42126.34,1584.8,25.49,17.63
5/2/2015 8:20,42126.35,1587.4,25.49,17.64
5/2/2015 8:30,42126.35,1590.1,25.48,17.63
5/2/2015 8:40,42126.36,1592.3,25.48,17.63
5/2/2015 8:50,42126.37,1594.7,25.47,17.63
5/2/2015 9:00,42126.38,1597.2,25.48,17.63
5/2/2015 9:10,42126.38,1599.5,25.47,17.63
5/2/2015 9:20,42126.39,1602.4,25.49,17.64
5/2/2015 9:30,42126.40,1604.8,25.48,17.63
5/2/2015 9:40,42126.40,1607.3,25.48,17.63
5/2/2015 9:50,42126.41,1609.7,25.48,17.63
5/2/2015 10:00,42126.42,1611.6,25.47,17.63
5/2/2015 10:10,42126.42,1613.2,25.48,17.63
5/2/2015 10:20,42126.43,1614.9,25.49,17.64
5/2/2015 10:30,42126.44,1616.3,25.49,17.64
5/2/2015 10:40,42126.44,1617.5,25.49,17.64
5/2/2015 10:50,42126.45,1618.4,25.49,17.64
5/2/2015 11:00,42126.46,1619.5,25.48,17.64
5/2/2015 11:10,42126.47,1620,25.48,17.63
5/2/2015 11:20,42126.47,1620.6,25.47,17.63
5/2/2015 11:30,42126.48,1621.3,25.49,17.64
5/2/2015 11:40,42126.49,1621.9,25.48,17.64
5/2/2015 11:50,42126.49,1622,25.48,17.63
5/2/2015 12:00,42126.50,1622.6,25.48,17.64
5/2/2015 12:10,42126.51,1622.4,25.48,17.63
5/2/2015 12:20,42126.51,1622.2,25.51,17.64
5/2/2015 12:30,42126.52,1621.9,25.49,17.64
5/2/2015 12:40,42126.53,1621.7,25.46,17.64
5/2/2015 12:50,42126.53,1621.3,25.47,17.63
5/2/2015 13:00,42126.54,1620.3,25.48,17.63
5/2/2015 13:10,42126.55,1619.4,25.47,17.63
5/2/2015 13:20,42126.56,1618.4,25.48,17.63
5/2/2015 13:30,42126.56,1617,25.48,17.63
5/2/2015 13:40,42126.57,1615.3,25.48,17.63
5/2/2015 13:50,42126.58,1613.7,25.47,17.65
5/2/2015 14:00,42126.58,1611.6,25.49,17.64
5/2/2015 14:10,42126.59,1609.5,25.47,17.63
5/2/2015 14:20,42126.60,1607.1,25.48,17.64
5/2/2015 14:30,42126.60,1605,25.49,17.64
5/2/2015 14:40,42126.61,1602.3,25.47,17.65
5/2/2015 14:50,42126.62,1600,25.47,17.63
5/2/2015 15:00,42126.63,1597.7,25.51,17.65
5/2/2015 15:10,42126.63,1595.1,25.49,17.64
5/2/2015 15:20,42126.64,1593,25.48,17.64
5/2/2015 15:30,42126.65,1591,25.48,17.64
5/2/2015 15:40,42126.65,1588.6,25.47,17.65
5/2/2015 15:50,42126.66,1586.4,25.47,17.63
5/2/2015 16:00,42126.67,1584.6,25.48,17.64
5/2/2015 16:10,42126.67,1582.8,25.47,17.65
5/2/2015 16:20,42126.68,1581.2,25.46,17.64
5/2/2015 16:30,42126.69,1579.6,25.47,17.65
5/2/2015 16:40,42126.69,1577.9,25.47,17.63
5/2/2015 16:50,42126.70,1576.4,25.47,17.65
5/2/2015 17:00,42126.71,1575,25.47,17.65
5/2/2015 17:10,42126.72,1574,25.47,17.65
5/2/2015 17:20,42126.72,1572.9,25.46,17.65
5/2/2015 17:30,42126.73,1571.6,25.47,17.65
5/2/2015 17:40,42126.74,1570.9,25.47,17.65
5/2/2015 17:50,42126.74,1570,25.47,17.65
5/2/2015 18:00,42126.75,1569.2,25.45,17.64
5/2/2015 18:10,42126.76,1568.7,25.46,17.65
5/2/2015 18:20,42126.76,1568.3,25.46,17.64
5/2/2015 18:30,42126.77,1568.3,25.45,17.64
5/2/2015 18:40,42126.78,1568.3,25.46,17.65
5/2/2015 18:50,42126.78,1568.5,25.47,17.63
5/2/2015 19:00,42126.79,1569.3,25.48,17.64
5/2/2015 19:10,42126.80,1570.4,25.49,17.64
5/2/2015 19:20,42126.81,1571.7,25.47,17.65
5/2/2015 19:30,42126.81,1573.7,25.5,17.64
5/2/2015 19:40,42126.82,1575.1,25.51,17.64
5/2/2015 19:50,42126.83,1577.3,25.51,17.64
5/2/2015 20:00,42126.83,1579.3,25.48,17.63
5/2/2015 20:10,42126.84,1581.4,25.48,17.63
5/2/2015 20:20,42126.85,1583.9,25.48,17.63
5/2/2015 20:30,42126.85,1585.9,25.48,17.63
5/2/2015 20:40,42126.86,1588.1,25.47,17.65
5/2/2015 20:50,42126.87,1590.1,25.48,17.63
5/2/2015 21:00,42126.88,1592.4,25.47,17.65
5/2/2015 21:10,42126.88,1594.7,25.46,17.64
5/2/2015 21:20,42126.89,1596.8,25.47,17.63
5/2/2015 21:30,42126.90,1600.6,25.48,17.64
5/2/2015 21:40,42126.90,1602.7,25.47,17.63
5/2/2015 21:50,42126.91,1605.5,25.48,17.63
5/2/2015 22:00,42126.92,1608,25.48,17.63
5/2/2015 22:10,42126.92,1610.3,25.48,17.63
5/2/2015 22:20,42126.93,1612.1,25.5,17.64
5/2/2015 22:30,42126.94,1613.7,25.48,17.63
5/2/2015 22:40,42126.94,1615.4,25.5,17.64
5/2/2015 22:50,42126.95,1616,25.48,17.63
5/2/2015 23:00,42126.96,1616.5,25.47,17.63
5/2/2015 23:10,42126.97,1617.1,25.48,17.63
5/2/2015 23:20,42126.97,1617.1,25.47,17.63
5/2/2015 23:30,42126.98,1617.5,25.48,17.63
5/2/2015 23:40,42126.99,1618.4,25.48,17.63
5/2/2015 23:50,42126.99,1619.1,25.48,17.63
5/3/2015 0:00,42127.00,1618.9,25.48,17.63
5/3/2015 0:10,42127.01,1618.7,25.48,17.63
5/3/2015 0:20,42127.01,1619,25.47,17.65
5/3/2015 0:30,42127.02,1619.1,25.47,17.63
5/3/2015 0:40,42127.03,1618.8,25.47,17.65
5/3/2015 0:50,42127.03,1618.7,25.47,17.63
5/3/2015 1:00,42127.04,1617.8,25.46,17.64
5/3/2015 1:10,42127.05,1617,25.47,17.63
5/3/2015 1:20,42127.06,1616,25.47,17.63
5/3/2015 1:30,42127.06,1614.3,25.47,17.65
5/3/2015 1:40,42127.07,1612.3,25.48,17.63
5/3/2015 1:50,42127.08,1610.5,25.48,17.63
5/3/2015 2:00,42127.08,1608.6,25.48,17.63
5/3/2015 2:10,42127.09,1606.6,25.46,17.64
5/3/2015 2:20,42127.10,1603.9,25.47,17.65
5/3/2015 2:30,42127.10,1601.5,25.48,17.63
5/3/2015 2:40,42127.11,1599.8,25.46,17.64
5/3/2015 2:50,42127.12,1597.5,25.45,17.64
5/3/2015 3:00,42127.13,1595.4,25.46,17.64
5/3/2015 3:10,42127.13,1593.1,25.47,17.65
5/3/2015 3:20,42127.14,1591.3,25.47,17.63
5/3/2015 3:30,42127.15,1589.2,25.49,17.64
5/3/2015 3:40,42127.15,1587.4,25.5,17.64
5/3/2015 3:50,42127.16,1585.3,25.49,17.64
5/3/2015 4:00,42127.17,1583.4,25.47,17.63
5/3/2015 4:10,42127.17,1582,25.47,17.65
5/3/2015 4:20,42127.18,1580.3,25.47,17.65
5/3/2015 4:30,42127.19,1578.7,25.49,17.64
5/3/2015 4:40,42127.19,1576.9,25.47,17.65
5/3/2015 4:50,42127.20,1575.4,25.48,17.63
5/3/2015 5:00,42127.21,1574.4,25.48,17.64
5/3/2015 5:10,42127.22,1572.9,25.47,17.63
5/3/2015 5:20,42127.22,1571.6,25.46,17.65
5/3/2015 5:30,42127.23,1570.4,25.48,17.63
5/3/2015 5:40,42127.24,1569.5,25.52,17.65
5/3/2015 5:50,42127.24,1568.3,25.47,17.63
5/3/2015 6:00,42127.25,1567.5,25.52,17.65
5/3/2015 6:10,42127.26,1566.8,25.47,17.65
5/3/2015 6:20,42127.26,1566.6,25.47,17.63
5/3/2015 6:30,42127.27,1566.4,25.48,17.64
5/3/2015 6:40,42127.28,1566.2,25.47,17.65
5/3/2015 6:50,42127.28,1566.4,25.47,17.65
5/3/2015 7:00,42127.29,1566.9,25.5,17.64
5/3/2015 7:10,42127.30,1567.5,25.48,17.64
5/3/2015 7:20,42127.31,1568.7,25.47,17.63
5/3/2015 7:30,42127.31,1570.1,25.51,17.64
5/3/2015 7:40,42127.32,1571.9,25.48,17.64
5/3/2015 7:50,42127.33,1573.2,25.49,17.64
5/3/2015 8:00,42127.33,1575.2,25.48,17.64
5/3/2015 8:10,42127.34,1577.6,25.47,17.65
5/3/2015 8:20,42127.35,1580.1,25.46,17.64
5/3/2015 8:30,42127.35,1582.5,25.47,17.65
5/3/2015 8:40,42127.36,1585.3,25.47,17.65
5/3/2015 8:50,42127.37,1588.5,25.49,17.64
5/3/2015 9:00,42127.38,1590.9,25.49,17.64
5/3/2015 9:10,42127.38,1593.7,25.48,17.63
5/3/2015 9:20,42127.39,1596.2,25.47,17.65
5/3/2015 9:30,42127.40,1599.2,25.47,17.65
5/3/2015 9:40,42127.40,1602,25.48,17.63
5/3/2015 9:50,42127.41,1604.8,25.48,17.63
5/3/2015 10:00,42127.42,1607.6,25.48,17.64
5/3/2015 10:10,42127.42,1610.4,25.48,17.63
5/3/2015 10:20,42127.43,1613.1,25.47,17.65
5/3/2015 10:30,42127.44,1614.8,25.47,17.65
5/3/2015 10:40,42127.44,1616.7,25.49,17.64
5/3/2015 10:50,42127.45,1618.6,25.48,17.64
5/3/2015 11:00,42127.46,1619.9,25.47,17.65
5/3/2015 11:10,42127.47,1621.2,25.48,17.63
5/3/2015 11:20,42127.47,1622,25.48,17.63
5/3/2015 11:30,42127.48,1622.9,25.48,17.63
5/3/2015 11:40,42127.49,1623.7,25.47,17.65
5/3/2015 11:50,42127.49,1623.8,25.47,17.63
5/3/2015 12:00,42127.50,1624,25.47,17.65
5/3/2015 12:10,42127.51,1624.5,25.47,17.65
5/3/2015 12:20,42127.51,1625,25.47,17.63
5/3/2015 12:30,42127.52,1625.1,25.49,17.64
5/3/2015 12:40,42127.53,1625.3,25.49,17.64
5/3/2015 12:50,42127.53,1625.3,25.48,17.63
5/3/2015 13:00,42127.54,1624.7,25.46,17.64
5/3/2015 13:10,42127.55,1624.5,25.48,17.63
5/3/2015 13:20,42127.56,1624,25.46,17.64
5/3/2015 13:30,42127.56,1623.3,25.46,17.64
5/3/2015 13:40,42127.57,1622.2,25.49,17.64
5/3/2015 13:50,42127.58,1620.8,25.47,17.63
5/3/2015 14:00,42127.58,1619.3,25.48,17.63
5/3/2015 14:10,42127.59,1617.8,25.49,17.64
5/3/2015 14:20,42127.60,1616,25.49,17.64
5/3/2015 14:30,42127.60,1613.9,25.49,17.64
5/3/2015 14:40,42127.61,1611.8,25.46,17.64
5/3/2015 14:50,42127.62,1609.7,25.47,17.63
5/3/2015 15:00,42127.63,1607.3,25.48,17.64
5/3/2015 15:10,42127.63,1604.6,25.48,17.63
5/3/2015 15:20,42127.64,1602.4,25.45,17.64
5/3/2015 15:30,42127.65,1599.3,25.47,17.65
5/3/2015 15:40,42127.65,1596.5,25.47,17.63
5/3/2015 15:50,42127.66,1594,25.47,17.65
5/3/2015 16:00,42127.67,1591.3,25.47,17.63
5/3/2015 16:10,42127.67,1588.6,25.47,17.65
5/3/2015 16:20,42127.68,1586.6,25.5,17.64
5/3/2015 16:30,42127.69,1583.9,25.47,17.63
5/3/2015 16:40,42127.69,1581.5,25.47,17.63
5/3/2015 16:50,42127.70,1579.7,25.47,17.65
5/3/2015 17:00,42127.71,1578.2,25.47,17.65
5/3/2015 17:10,42127.72,1576.3,25.46,17.64
5/3/2015 17:20,42127.72,1574.8,25.48,17.63
5/3/2015 17:30,42127.73,1573.5,25.47,17.65
5/3/2015 17:40,42127.74,1572,25.46,17.65
5/3/2015 17:50,42127.74,1570.9,25.47,17.64
5/3/2015 18:00,42127.75,1569.8,25.47,17.65
5/3/2015 18:10,42127.76,1568.7,25.48,17.63
5/3/2015 18:20,42127.76,1567.4,25.51,17.64
5/3/2015 18:30,42127.77,1566.7,25.48,17.63
5/3/2015 18:40,42127.78,1566.1,25.45,17.64
5/3/2015 18:50,42127.78,1565.3,25.47,17.65
5/3/2015 19:00,42127.79,1565.4,25.46,17.65
5/3/2015 19:10,42127.80,1565.6,25.5,17.64
5/3/2015 19:20,42127.81,1565.7,25.49,17.64
5/3/2015 19:30,42127.81,1566.4,25.47,17.65
5/3/2015 19:40,42127.82,1567.6,25.47,17.63
5/3/2015 19:50,42127.83,1568.8,25.47,17.65
5/3/2015 20:00,42127.83,1570.7,25.48,17.64
5/3/2015 20:10,42127.84,1572.7,25.46,17.64
5/3/2015 20:20,42127.85,1575,25.47,17.65
5/3/2015 20:30,42127.85,1577.3,25.48,17.63
5/3/2015 20:40,42127.86,1580.1,25.47,17.65
5/3/2015 20:50,42127.87,1582.7,25.48,17.63
5/3/2015 21:00,42127.88,1585.5,25.46,17.64
5/3/2015 21:10,42127.88,1588.1,25.47,17.63
5/3/2015 21:20,42127.89,1590.8,25.45,17.64
5/3/2015 21:30,42127.90,1593.2,25.47,17.63
5/3/2015 21:40,42127.90,1595.8,25.48,17.63
5/3/2015 21:50,42127.91,1598.1,25.48,17.63
5/3/2015 22:00,42127.92,1600.6,25.48,17.63
5/3/2015 22:10,42127.92,1603.4,25.47,17.65
5/3/2015 22:20,42127.93,1605.9,25.47,17.65
5/3/2015 22:30,42127.94,1608.3,25.48,17.63
5/3/2015 22:40,42127.94,1610.7,25.47,17.65
5/3/2015 22:50,42127.95,1612.5,25.48,17.63
5/3/2015 23:00,42127.96,1614.6,25.49,17.64
5/3/2015 23:10,42127.97,1615.6,25.47,17.63
5/3/2015 23:20,42127.97,1617.4,25.48,17.64
5/3/2015 23:30,42127.98,1618.4,25.47,17.63
5/3/2015 23:40,42127.99,1619.2,25.47,17.65
5/3/2015 23:50,42127.99,1619.8,25.48,17.63
5/4/2015 0:00,42128.00,1620.1,25.47,17.63
5/4/2015 0:10,42128.01,1620.6,25.49,17.64
5/4/2015 0:20,42128.01,1621.2,25.48,17.63
5/4/2015 0:30,42128.02,1621.2,25.47,17.63
5/4/2015 0:40,42128.03,1621.6,25.48,17.64
5/4/2015 0:50,42128.03,1621.6,25.48,17.64
5/4/2015 1:00,42128.04,1621.4,25.47,17.65
5/4/2015 1:10,42128.05,1620.8,25.46,17.65
5/4/2015 1:20,42128.06,1620.3,25.49,17.64
5/4/2015 1:30,42128.06,1619.7,25.47,17.65
5/4/2015 1:40,42128.07,1619,25.47,17.65
5/4/2015 1:50,42128.08,1618.1,25.48,17.63
5/4/2015 2:00,42128.08,1616.8,25.46,17.64
5/4/2015 2:10,42128.09,1614.9,25.49,17.64
5/4/2015 2:20,42128.10,1613.3,25.47,17.65
5/4/2015 2:30,42128.10,1611,25.48,17.63
5/4/2015 2:40,42128.11,1608.6,25.48,17.63
5/4/2015 2:50,42128.12,1606.5,25.47,17.65
5/4/2015 3:00,42128.13,1603.7,25.47,17.65
5/4/2015 3:10,42128.13,1601.1,25.46,17.64
5/4/2015 3:20,42128.14,1598.4,25.46,17.64
5/4/2015 3:30,42128.15,1596.1,25.46,17.65
5/4/2015 3:40,42128.15,1593.3,25.46,17.65
5/4/2015 3:50,42128.16,1591.2,25.47,17.65
5/4/2015 4:00,42128.17,1588.7,25.49,17.64
5/4/2015 4:10,42128.17,1586.6,25.46,17.65
5/4/2015 4:20,42128.18,1584.6,25.47,17.65
5/4/2015 4:30,42128.19,1582.4,25.47,17.63
5/4/2015 4:40,42128.19,1580.5,25.46,17.65
5/4/2015 4:50,42128.20,1578.7,25.45,17.64
5/4/2015 5:00,42128.21,1577,25.45,17.64
5/4/2015 5:10,42128.22,1575.6,25.46,17.64
5/4/2015 5:20,42128.22,1574.4,25.45,17.64
5/4/2015 5:30,42128.23,1572.9,25.46,17.64
5/4/2015 5:40,42128.24,1571.7,25.47,17.65
5/4/2015 5:50,42128.24,1570.5,25.47,17.65
5/4/2015 6:00,42128.25,1569.3,25.47,17.65
5/4/2015 6:10,42128.26,1568.1,25.48,17.63
5/4/2015 6:20,42128.26,1567.1,25.48,17.63
5/4/2015 6:30,42128.27,1566.1,25.46,17.64
5/4/2015 6:40,42128.28,1565.2,25.47,17.65
5/4/2015 6:50,42128.28,1564.5,25.5,17.64
5/4/2015 7:00,42128.29,1564.3,25.47,17.65
5/4/2015 7:10,42128.30,1563.8,25.46,17.64
5/4/2015 7:20,42128.31,1563.6,25.48,17.64
5/4/2015 7:30,42128.31,1564.3,25.48,17.64
5/4/2015 7:40,42128.32,1565.2,25.47,17.63
5/4/2015 7:50,42128.33,1566.4,25.48,17.63
5/4/2015 8:00,42128.33,1567.7,25.47,17.65
5/4/2015 8:10,42128.34,1569.5,25.47,17.65
5/4/2015 8:20,42128.35,1571.4,25.47,17.65
5/4/2015 8:30,42128.35,1573.7,25.48,17.63
5/4/2015 8:40,42128.36,1576.2,25.48,17.64
5/4/2015 8:50,42128.37,1578.6,25.47,17.63
5/4/2015 9:00,42128.38,1581.7,25.46,17.65
5/4/2015 9:10,42128.38,1584.8,25.47,17.63
5/4/2015 9:20,42128.39,1587.6,25.47,17.63
5/4/2015 9:30,42128.40,1590.6,25.48,17.64
5/4/2015 9:40,42128.40,1593.5,25.46,17.64
5/4/2015 9:50,42128.41,1596.1,25.47,17.63
5/4/2015 10:00,42128.42,1599,25.48,17.64
5/4/2015 10:10,42128.42,1601.8,25.48,17.63
5/4/2015 10:20,42128.43,1604.3,25.49,17.64
5/4/2015 10:30,42128.44,1607.4,25.47,17.63
5/4/2015 10:40,42128.44,1610.7,25.48,17.63
5/4/2015 10:50,42128.45,1613.3,25.49,17.64
5/4/2015 11:00,42128.46,1615.6,25.5,17.64
5/4/2015 11:10,42128.47,1617.8,25.48,17.63
5/4/2015 11:20,42128.47,1619.3,25.47,17.65
5/4/2015 11:30,42128.48,1620.5,25.46,17.64
5/4/2015 11:40,42128.49,1621.9,25.47,17.65
5/4/2015 11:50,42128.49,1622.9,25.46,17.64
5/4/2015 12:00,42128.50,1623.6,25.47,17.63
5/4/2015 12:10,42128.51,1624.2,25.47,17.65
5/4/2015 12:20,42128.51,1625.1,25.47,17.65
5/4/2015 12:30,42128.52,1625.8,25.47,17.65
5/4/2015 12:40,42128.53,1625.8,25.47,17.65
5/4/2015 12:50,42128.53,1626.5,25.49,17.64
5/4/2015 13:00,42128.54,1626.8,25.47,17.65
5/4/2015 13:10,42128.55,1626.9,25.47,17.63
5/4/2015 13:20,42128.56,1626.8,25.47,17.65
5/4/2015 13:30,42128.56,1626.3,25.47,17.64
5/4/2015 13:40,42128.57,1626.1,25.48,17.64
5/4/2015 13:50,42128.58,1625.1,25.46,17.64
5/4/2015 14:00,42128.58,1624.5,25.47,17.65
5/4/2015 14:10,42128.59,1623.5,25.48,17.63
5/4/2015 14:20,42128.60,1622,25.46,17.65
5/4/2015 14:30,42128.60,1620.5,25.46,17.64
5/4/2015 14:40,42128.61,1619,25.47,17.65
5/4/2015 14:50,42128.62,1616.9,25.47,17.65
5/4/2015 15:00,42128.63,1614.7,25.49,17.64
5/4/2015 15:10,42128.63,1612.6,25.48,17.64
5/4/2015 15:20,42128.64,1610.5,25.46,17.65
5/4/2015 15:30,42128.65,1608,25.47,17.63
5/4/2015 15:40,42128.65,1605.8,25.47,17.65
5/4/2015 15:50,42128.66,1603.1,25.48,17.63
5/4/2015 16:00,42128.67,1600.8,25.47,17.63
5/4/2015 16:10,42128.67,1598.1,25.46,17.65
5/4/2015 16:20,42128.68,1595.3,25.46,17.65
5/4/2015 16:30,42128.69,1592.5,25.49,17.64
5/4/2015 16:40,42128.69,1589.9,25.45,17.64
5/4/2015 16:50,42128.70,1587.2,25.47,17.65
5/4/2015 17:00,42128.71,1585,25.45,17.64
5/4/2015 17:10,42128.72,1582.8,25.45,17.64
5/4/2015 17:20,42128.72,1580.8,25.47,17.65
5/4/2015 17:30,42128.73,1578.7,25.45,17.64
5/4/2015 17:40,42128.74,1577,25.47,17.63
5/4/2015 17:50,42128.74,1575.4,25.46,17.64
5/4/2015 18:00,42128.75,1574.1,25.45,17.64
5/4/2015 18:10,42128.76,1572.5,25.48,17.63
5/4/2015 18:20,42128.76,1571.3,25.48,17.64
5/4/2015 18:30,42128.77,1570.2,25.5,17.64
5/4/2015 18:40,42128.78,1568.8,25.48,17.63
5/4/2015 18:50,42128.78,1567.8,25.49,17.64
5/4/2015 19:00,42128.79,1567.2,25.47,17.65
5/4/2015 19:10,42128.80,1566.6,25.47,17.65
5/4/2015 19:20,42128.81,1565.7,25.48,17.63
5/4/2015 19:30,42128.81,1565.4,25.51,17.64
5/4/2015 19:40,42128.82,1565,25.46,17.64
5/4/2015 19:50,42128.83,1565.2,25.46,17.64
5/4/2015 20:00,42128.83,1565.9,25.47,17.63
5/4/2015 20:10,42128.84,1566.6,25.45,17.64
5/4/2015 20:20,42128.85,1568,25.45,17.64
5/4/2015 20:30,42128.85,1569.4,25.47,17.63
5/4/2015 20:40,42128.86,1570.9,25.45,17.64
5/4/2015 20:50,42128.87,1573,25.45,17.64
5/4/2015 21:00,42128.88,1575.1,25.46,17.64
5/4/2015 21:10,42128.88,1577.3,25.47,17.63
5/4/2015 21:20,42128.89,1579.7,25.47,17.65
5/4/2015 21:30,42128.90,1582.6,25.47,17.63
5/4/2015 21:40,42128.90,1585,25.46,17.64
5/4/2015 21:50,42128.91,1587.6,25.49,17.64
5/4/2015 22:00,42128.92,1590.1,25.48,17.64
5/4/2015 22:10,42128.92,1592.8,25.48,17.64
5/4/2015 22:20,42128.93,1595.2,25.47,17.65
5/4/2015 22:30,42128.94,1597.7,25.46,17.65
5/4/2015 22:40,42128.94,1600.3,25.46,17.64
5/4/2015 22:50,42128.95,1602.8,25.47,17.65
5/4/2015 23:00,42128.96,1605.3,25.47,17.65
5/4/2015 23:10,42128.97,1608.1,25.46,17.64
5/4/2015 23:20,42128.97,1610.7,25.46,17.65
5/4/2015 23:30,42128.98,1612.5,25.48,17.63
5/4/2015 23:40,42128.99,1614,25.47,17.63
5/4/2015 23:50,42128.99,1615.4,25.49,17.64
5/5/2015 0:00,42129.00,1616.5,25.49,17.64
5/5/2015 0:10,42129.01,1617.5,25.46,17.65
5/5/2015 0:20,42129.01,1618.4,25.48,17.64
5/5/2015 0:30,42129.02,1618.8,25.47,17.65
5/5/2015 0:40,42129.03,1619.6,25.48,17.64
5/5/2015 0:50,42129.03,1619.9,25.48,17.64
5/5/2015 1:00,42129.04,1620.5,25.49,17.64
5/5/2015 1:10,42129.05,1620.3,25.47,17.63
5/5/2015 1:20,42129.06,1620.7,25.47,17.65
5/5/2015 1:30,42129.06,1620.6,25.46,17.65
5/5/2015 1:40,42129.07,1620.5,25.46,17.65
5/5/2015 1:50,42129.08,1620.3,25.47,17.63
5/5/2015 2:00,42129.08,1619.8,25.46,17.65
5/5/2015 2:10,42129.09,1619.1,25.46,17.65
5/5/2015 2:20,42129.10,1618,25.46,17.65
5/5/2015 2:30,42129.10,1617,25.5,17.64
5/5/2015 2:40,42129.11,1615.6,25.5,17.64
5/5/2015 2:50,42129.12,1613.7,25.48,17.64
5/5/2015 3:00,42129.13,1611.8,25.46,17.65
5/5/2015 3:10,42129.13,1609.7,25.47,17.63
5/5/2015 3:20,42129.14,1607.6,25.47,17.63
5/5/2015 3:30,42129.15,1605.3,25.48,17.63
5/5/2015 3:40,42129.15,1603,25.47,17.65
5/5/2015 3:50,42129.16,1600.4,25.47,17.65
5/5/2015 4:00,42129.17,1597.7,25.48,17.63
5/5/2015 4:10,42129.17,1595.1,25.48,17.63
5/5/2015 4:20,42129.18,1592.6,25.47,17.63
5/5/2015 4:30,42129.19,1590.6,25.49,17.64
5/5/2015 4:40,42129.19,1588.1,25.48,17.63
5/5/2015 4:50,42129.20,1585.9,25.47,17.63
5/5/2015 5:00,42129.21,1583.8,25.48,17.64
5/5/2015 5:10,42129.22,1582,25.47,17.65
5/5/2015 5:20,42129.22,1579.9,25.47,17.65
5/5/2015 5:30,42129.23,1577.9,25.47,17.63
5/5/2015 5:40,42129.24,1576.3,25.48,17.64
5/5/2015 5:50,42129.24,1575,25.47,17.63
5/5/2015 6:00,42129.25,1573.1,25.47,17.65
5/5/2015 6:10,42129.26,1572.3,25.47,17.65
5/5/2015 6:20,42129.26,1570.8,25.5,17.64
5/5/2015 6:30,42129.27,1569.4,25.46,17.65
5/5/2015 6:40,42129.28,1568.2,25.47,17.65
5/5/2015 6:50,42129.28,1567,25.47,17.65
5/5/2015 7:00,42129.29,1565.9,25.48,17.64
5/5/2015 7:10,42129.30,1564.8,25.47,17.65
5/5/2015 7:20,42129.31,1564.5,25.47,17.65
5/5/2015 7:30,42129.31,1563.8,25.48,17.63
5/5/2015 7:40,42129.32,1563.5,25.48,17.63
5/5/2015 7:50,42129.33,1563.5,25.49,17.64
5/5/2015 8:00,42129.33,1563.6,25.46,17.65
5/5/2015 8:10,42129.34,1564.1,25.47,17.64
5/5/2015 8:20,42129.35,1565.2,25.47,17.65
5/5/2015 8:30,42129.35,1566.3,25.46,17.64
5/5/2015 8:40,42129.36,1568.1,25.48,17.63
5/5/2015 8:50,42129.37,1569.9,25.46,17.65
5/5/2015 9:00,42129.38,1571.6,25.46,17.64
5/5/2015 9:10,42129.38,1573.9,25.46,17.64
5/5/2015 9:20,42129.39,1576.3,25.46,17.65
5/5/2015 9:30,42129.40,1578.9,25.47,17.64
5/5/2015 9:40,42129.40,1581.9,25.46,17.65
5/5/2015 9:50,42129.41,1585,25.45,17.64
5/5/2015 10:00,42129.42,1587.8,25.46,17.64
5/5/2015 10:10,42129.42,1590.9,25.48,17.64
5/5/2015 10:20,42129.43,1593.9,25.49,17.64
5/5/2015 10:30,42129.44,1596.4,25.48,17.64
5/5/2015 10:40,42129.44,1599,25.47,17.65
5/5/2015 10:50,42129.45,1601.7,25.48,17.64
5/5/2015 11:00,42129.46,1605.1,25.48,17.64
5/5/2015 11:10,42129.47,1608,25.47,17.63
5/5/2015 11:20,42129.47,1611,25.47,17.65
5/5/2015 11:30,42129.48,1613.3,25.47,17.65
5/5/2015 11:40,42129.49,1615.5,25.47,17.65
5/5/2015 11:50,42129.49,1617.1,25.46,17.64
5/5/2015 12:00,42129.50,1618.7,25.46,17.65
5/5/2015 12:10,42129.51,1619.9,25.5,17.64
5/5/2015 12:20,42129.51,1621.3,25.48,17.63
5/5/2015 12:30,42129.52,1622.4,25.47,17.63
5/5/2015 12:40,42129.53,1622.8,25.47,17.65
5/5/2015 12:50,42129.53,1623.4,25.48,17.63
5/5/2015 13:00,42129.54,1624.3,25.45,17.64
5/5/2015 13:10,42129.55,1624.8,25.44,17.64
5/5/2015 13:20,42129.56,1625.6,25.47,17.65
5/5/2015 13:30,42129.56,1625.8,25.46,17.64
5/5/2015 13:40,42129.57,1626,25.46,17.65
5/5/2015 13:50,42129.58,1625.9,25.47,17.64
5/5/2015 14:00,42129.58,1625.9,25.47,17.65
5/5/2015 14:10,42129.59,1625.5,25.49,17.64
5/5/2015 14:20,42129.60,1624.9,25.48,17.64
5/5/2015 14:30,42129.60,1624.4,25.48,17.64
5/5/2015 14:40,42129.61,1623,25.47,17.65
5/5/2015 14:50,42129.62,1622,25.45,17.64
5/5/2015 15:00,42129.63,1620.9,25.48,17.64
5/5/2015 15:10,42129.63,1619.2,25.48,17.63
5/5/2015 15:20,42129.64,1617.2,25.47,17.65
5/5/2015 15:30,42129.65,1615.6,25.48,17.63
5/5/2015 15:40,42129.65,1613.1,25.47,17.65
5/5/2015 15:50,42129.66,1611.2,25.47,17.65
5/5/2015 16:00,42129.67,1609.1,25.48,17.63
5/5/2015 16:10,42129.67,1606.9,25.48,17.64
5/5/2015 16:20,42129.68,1604.2,25.47,17.65
5/5/2015 16:30,42129.69,1601.8,25.46,17.65
5/5/2015 16:40,42129.69,1599.2,25.47,17.65
5/5/2015 16:50,42129.70,1596.6,25.47,17.65
5/5/2015 17:00,42129.71,1593.7,25.47,17.63
5/5/2015 17:10,42129.72,1590.8,25.47,17.65
5/5/2015 17:20,42129.72,1588.1,25.47,17.65
5/5/2015 17:30,42129.73,1585.5,25.46,17.65
5/5/2015 17:40,42129.74,1583.4,25.46,17.65
5/5/2015 17:50,42129.74,1581.2,25.48,17.63
5/5/2015 18:00,42129.75,1579.3,25.48,17.63
5/5/2015 18:10,42129.76,1577.3,25.45,17.64
5/5/2015 18:20,42129.76,1575.4,25.46,17.64
5/5/2015 18:30,42129.77,1573.9,25.46,17.65
5/5/2015 18:40,42129.78,1572.3,25.46,17.65
5/5/2015 18:50,42129.78,1570.9,25.46,17.65
5/5/2015 19:00,42129.79,1569.7,25.46,17.65
5/5/2015 19:10,42129.80,1568.7,25.46,17.65
5/5/2015 19:20,42129.81,1567.3,25.45,17.64
5/5/2015 19:30,42129.81,1566.6,25.46,17.64
5/5/2015 19:40,42129.82,1565.7,25.49,17.64
5/5/2015 19:50,42129.83,1564.9,25.5,17.64
5/5/2015 20:00,42129.83,1564.2,25.48,17.64
5/5/2015 20:10,42129.84,1563.8,25.46,17.65
5/5/2015 20:20,42129.85,1564.3,25.45,17.64
5/5/2015 20:30,42129.85,1564.2,25.46,17.65
5/5/2015 20:40,42129.86,1565.2,25.48,17.64
5/5/2015 20:50,42129.87,1566,25.47,17.65
5/5/2015 21:00,42129.88,1567.6,25.48,17.64
5/5/2015 21:10,42129.88,1569.1,25.47,17.65
5/5/2015 21:20,42129.89,1571.1,25.46,17.65
5/5/2015 21:30,42129.90,1573.2,25.46,17.64
5/5/2015 21:40,42129.90,1575,25.47,17.65
5/5/2015 21:50,42129.91,1577.7,25.46,17.64
5/5/2015 22:00,42129.92,1580.1,25.46,17.64
5/5/2015 22:10,42129.92,1582.8,25.52,17.65
5/5/2015 22:20,42129.93,1585.8,25.47,17.65
5/5/2015 22:30,42129.94,1588.3,25.48,17.63
5/5/2015 22:40,42129.94,1590.9,25.47,17.63
5/5/2015 22:50,42129.95,1593.4,25.47,17.65
5/5/2015 23:00,42129.96,1595.7,25.47,17.65
5/5/2015 23:10,42129.97,1598.1,25.47,17.65
5/5/2015 23:20,42129.97,1600.6,25.47,17.63
5/5/2015 23:30,42129.98,1603.4,25.48,17.64
5/5/2015 23:40,42129.99,1606,25.48,17.63
5/5/2015 23:50,42129.99,1608.9,25.48,17.63
5/6/2015 0:00,42130.00,1611.2,25.49,17.64
5/6/2015 0:10,42130.01,1612.8,25.47,17.65
5/6/2015 0:20,42130.01,1614.4,25.47,17.65
5/6/2015 0:30,42130.02,1615.8,25.46,17.65
5/6/2015 0:40,42130.03,1617.2,25.47,17.65
5/6/2015 0:50,42130.03,1617.5,25.5,17.64
5/6/2015 1:00,42130.04,1618.5,25.47,17.63
5/6/2015 1:10,42130.05,1618.6,25.47,17.65
5/6/2015 1:20,42130.06,1618.9,25.49,17.64
5/6/2015 1:30,42130.06,1619.2,25.46,17.65
5/6/2015 1:40,42130.07,1619.3,25.47,17.65
5/6/2015 1:50,42130.08,1619.4,25.47,17.63
5/6/2015 2:00,42130.08,1619.3,25.47,17.65
5/6/2015 2:10,42130.09,1619.5,25.48,17.64
5/6/2015 2:20,42130.10,1619.5,25.47,17.65
5/6/2015 2:30,42130.10,1618.7,25.46,17.64
5/6/2015 2:40,42130.11,1617.8,25.5,17.64
5/6/2015 2:50,42130.12,1617.1,25.47,17.63
5/6/2015 3:00,42130.13,1616.1,25.47,17.63
5/6/2015 3:10,42130.13,1614.6,25.47,17.65
5/6/2015 3:20,42130.14,1613,25.46,17.65
5/6/2015 3:30,42130.15,1611.2,25.46,17.65
5/6/2015 3:40,42130.15,1609.3,25.47,17.65
5/6/2015 3:50,42130.16,1607,25.47,17.65
5/6/2015 4:00,42130.17,1604.6,25.46,17.65
5/6/2015 4:10,42130.17,1602.7,25.47,17.65
5/6/2015 4:20,42130.18,1599.8,25.46,17.64
5/6/2015 4:30,42130.19,1597.4,25.46,17.64
5/6/2015 4:40,42130.19,1594.4,25.45,17.64
5/6/2015 4:50,42130.20,1591.9,25.48,17.64
5/6/2015 5:00,42130.21,1589.5,25.45,17.64
5/6/2015 5:10,42130.22,1587.3,25.45,17.64
5/6/2015 5:20,42130.22,1585.2,25.48,17.63
5/6/2015 5:30,42130.23,1583.3,25.48,17.63
5/6/2015 5:40,42130.24,1581.4,25.46,17.64
5/6/2015 5:50,42130.24,1579.6,25.45,17.64
5/6/2015 6:00,42130.25,1577.8,25.47,17.65
5/6/2015 6:10,42130.26,1576.3,25.47,17.64
5/6/2015 6:20,42130.26,1574.5,25.47,17.65
5/6/2015 6:30,42130.27,1573,25.47,17.63
5/6/2015 6:40,42130.28,1571.5,25.46,17.64
5/6/2015 6:50,42130.28,1570.2,25.46,17.64
5/6/2015 7:00,42130.29,1568.8,25.47,17.65
5/6/2015 7:10,42130.30,1567.6,25.46,17.65
5/6/2015 7:20,42130.31,1566.3,25.47,17.63
5/6/2015 7:30,42130.31,1565.7,25.47,17.65
5/6/2015 7:40,42130.32,1564.5,25.48,17.64
5/6/2015 7:50,42130.33,1563.5,25.49,17.64
5/6/2015 8:00,42130.33,1563.3,25.49,17.64
5/6/2015 8:10,42130.34,1563.1,25.47,17.65
5/6/2015 8:20,42130.35,1562.9,25.47,17.65
5/6/2015 8:30,42130.35,1563.1,25.46,17.64
5/6/2015 8:40,42130.36,1563.6,25.47,17.65
5/6/2015 8:50,42130.37,1564.7,25.46,17.64
5/6/2015 9:00,42130.38,1566.1,25.46,17.65
5/6/2015 9:10,42130.38,1567.4,25.46,17.64
5/6/2015 9:20,42130.39,1569.5,25.47,17.65
5/6/2015 9:30,42130.40,1571.5,25.46,17.65
5/6/2015 9:40,42130.40,1573.6,25.46,17.64
5/6/2015 9:50,42130.41,1576.1,25.46,17.64
5/6/2015 10:00,42130.42,1578.9,25.48,17.64
5/6/2015 10:10,42130.42,1581.5,25.46,17.64
5/6/2015 10:20,42130.43,1584.5,25.48,17.63
5/6/2015 10:30,42130.44,1587.3,25.48,17.63
5/6/2015 10:40,42130.44,1590,25.47,17.65
5/6/2015 10:50,42130.45,1592.6,25.48,17.64
5/6/2015 11:00,42130.46,1595.4,25.48,17.63
5/6/2015 11:10,42130.47,1598.2,25.49,17.64
5/6/2015 11:20,42130.47,1601.1,25.48,17.64
5/6/2015 11:30,42130.48,1604.2,25.47,17.65
5/6/2015 11:40,42130.49,1607.1,25.46,17.64
5/6/2015 11:50,42130.49,1610.5,25.47,17.65
5/6/2015 12:00,42130.50,1612.9,25.47,17.65
5/6/2015 12:10,42130.51,1614.6,25.47,17.65
5/6/2015 12:20,42130.51,1616.5,25.48,17.63
5/6/2015 12:30,42130.52,1618.3,25.48,17.63
5/6/2015 12:40,42130.53,1619.9,25.46,17.65
5/6/2015 12:50,42130.53,1620.5,25.45,17.64
5/6/2015 13:00,42130.54,1621.7,25.49,17.64
5/6/2015 13:10,42130.55,1622.4,25.48,17.63
5/6/2015 13:20,42130.56,1623.3,25.47,17.63
5/6/2015 13:30,42130.56,1623.8,25.48,17.63
5/6/2015 13:40,42130.57,1624.5,25.47,17.65
5/6/2015 13:50,42130.58,1625.1,25.47,17.63
5/6/2015 14:00,42130.58,1625.5,25.49,17.64
5/6/2015 14:10,42130.59,1625.6,25.49,17.64
5/6/2015 14:20,42130.60,1625.6,25.49,17.64
5/6/2015 14:30,42130.60,1625.3,25.47,17.63
5/6/2015 14:40,42130.61,1625.1,25.48,17.63
5/6/2015 14:50,42130.62,1624.7,25.49,17.64
5/6/2015 15:00,42130.63,1624.1,25.47,17.63
5/6/2015 15:10,42130.63,1622.9,25.48,17.63
5/6/2015 15:20,42130.64,1621.9,25.48,17.63
5/6/2015 15:30,42130.65,1620.5,25.49,17.64
5/6/2015 15:40,42130.65,1618.9,25.48,17.63
5/6/2015 15:50,42130.66,1617.1,25.49,17.64
5/6/2015 16:00,42130.67,1615.1,25.47,17.63
5/6/2015 16:10,42130.67,1613.3,25.46,17.64
5/6/2015 16:20,42130.68,1611.4,25.47,17.63
5/6/2015 16:30,42130.69,1609.3,25.47,17.65
5/6/2015 16:40,42130.69,1607.1,25.46,17.65
5/6/2015 16:50,42130.70,1604.6,25.48,17.64
5/6/2015 17:00,42130.71,1602.4,25.46,17.64
5/6/2015 17:10,42130.72,1600,25.46,17.64
5/6/2015 17:20,42130.72,1597.3,25.47,17.65
5/6/2015 17:30,42130.73,1594.6,25.46,17.64
5/6/2015 17:40,42130.74,1591.9,25.48,17.64
5/6/2015 17:50,42130.74,1589.4,25.45,17.64
5/6/2015 18:00,42130.75,1586.7,25.46,17.64
5/6/2015 18:10,42130.76,1584.4,25.47,17.65
5/6/2015 18:20,42130.76,1582.2,25.46,17.65
5/6/2015 18:30,42130.77,1580.3,25.47,17.63
5/6/2015 18:40,42130.78,1578.2,25.46,17.65
5/6/2015 18:50,42130.78,1576.6,25.47,17.63
5/6/2015 19:00,42130.79,1575.2,25.47,17.65
5/6/2015 19:10,42130.80,1573.4,25.46,17.64
5/6/2015 19:20,42130.81,1572.3,25.47,17.65
5/6/2015 19:30,42130.81,1570.8,25.45,17.64
5/6/2015 19:40,42130.82,1569.9,25.45,17.64
5/6/2015 19:50,42130.83,1568.7,25.46,17.64
5/6/2015 20:00,42130.83,1567.8,25.46,17.64
5/6/2015 20:10,42130.84,1566.9,25.45,17.64
5/6/2015 20:20,42130.85,1566.3,25.46,17.65
5/6/2015 20:30,42130.85,1565.4,25.47,17.63
5/6/2015 20:40,42130.86,1565,25.46,17.64
5/6/2015 20:50,42130.87,1565,25.46,17.64
5/6/2015 21:00,42130.88,1565,25.5,17.64
5/6/2015 21:10,42130.88,1565.9,25.47,17.65
5/6/2015 21:20,42130.89,1566.9,25.45,17.64
5/6/2015 21:30,42130.90,1568.1,25.45,17.64
5/6/2015 21:40,42130.90,1569.7,25.46,17.64
5/6/2015 21:50,42130.91,1571.3,25.46,17.65
5/6/2015 22:00,42130.92,1573.4,25.46,17.64
5/6/2015 22:10,42130.92,1575.4,25.47,17.63
5/6/2015 22:20,42130.93,1577.9,25.46,17.64
5/6/2015 22:30,42130.94,1580.4,25.47,17.65
5/6/2015 22:40,42130.94,1583.3,25.49,17.64
5/6/2015 22:50,42130.95,1585.7,25.46,17.64
5/6/2015 23:00,42130.96,1588.5,25.46,17.64
5/6/2015 23:10,42130.97,1591,25.47,17.65
5/6/2015 23:20,42130.97,1593.7,25.48,17.63
5/6/2015 23:30,42130.98,1595.8,25.47,17.63
5/6/2015 23:40,42130.99,1598.4,25.49,17.64
5/6/2015 23:50,42130.99,1601,25.46,17.65
5/7/2015 0:00,42131.00,1603.8,25.48,17.63
5/7/2015 0:10,42131.01,1606,25.49,17.64
5/7/2015 0:20,42131.01,1608.8,25.51,17.64
5/7/2015 0:30,42131.02,1610.9,25.48,17.64
5/7/2015 0:40,42131.03,1612.6,25.48,17.63
5/7/2015 0:50,42131.03,1614.4,25.48,17.63
5/7/2015 1:00,42131.04,1615.8,25.48,17.63
5/7/2015 1:10,42131.05,1617,25.48,17.63
5/7/2015 1:20,42131.06,1618.2,25.48,17.63
5/7/2015 1:30,42131.06,1618.7,25.47,17.63
5/7/2015 1:40,42131.07,1619.3,25.47,17.65
5/7/2015 1:50,42131.08,1619.9,25.48,17.64
5/7/2015 2:00,42131.08,1620.4,25.47,17.65
5/7/2015 2:10,42131.09,1620.7,25.48,17.64
5/7/2015 2:20,42131.10,1620.6,25.46,17.65
5/7/2015 2:30,42131.10,1620.6,25.47,17.65
5/7/2015 2:40,42131.11,1620.5,25.49,17.64
5/7/2015 2:50,42131.12,1620.6,25.48,17.64
5/7/2015 3:00,42131.13,1620.3,25.48,17.64
5/7/2015 3:10,42131.13,1619.8,25.47,17.63
5/7/2015 3:20,42131.14,1618.7,25.46,17.65
5/7/2015 3:30,42131.15,1618.1,25.47,17.65
5/7/2015 3:40,42131.15,1617,25.48,17.63
5/7/2015 3:50,42131.16,1615.4,25.46,17.65
5/7/2015 4:00,42131.17,1613.7,25.47,17.65
5/7/2015 4:10,42131.17,1611.6,25.46,17.65
5/7/2015 4:20,42131.18,1609.8,25.47,17.65
5/7/2015 4:30,42131.19,1607.3,25.47,17.63
5/7/2015 4:40,42131.19,1605.2,25.48,17.63
5/7/2015 4:50,42131.20,1602.7,25.47,17.65
5/7/2015 5:00,42131.21,1600.2,25.47,17.65
5/7/2015 5:10,42131.22,1597.7,25.46,17.65
5/7/2015 5:20,42131.22,1595.1,25.48,17.63
5/7/2015 5:30,42131.23,1592.6,25.47,17.65
5/7/2015 5:40,42131.24,1590.5,25.47,17.65
5/7/2015 5:50,42131.24,1588.4,25.47,17.65
5/7/2015 6:00,42131.25,1586,25.47,17.65
5/7/2015 6:10,42131.26,1584.1,25.47,17.65
5/7/2015 6:20,42131.26,1582.5,25.47,17.65
5/7/2015 6:30,42131.27,1580.7,25.48,17.64
5/7/2015 6:40,42131.28,1578.7,25.47,17.65
5/7/2015 6:50,42131.28,1577.2,25.47,17.64
5/7/2015 7:00,42131.29,1575.7,25.47,17.65
5/7/2015 7:10,42131.30,1574.2,25.47,17.65
5/7/2015 7:20,42131.31,1572.9,25.48,17.64
5/7/2015 7:30,42131.31,1570.9,25.47,17.65
5/7/2015 7:40,42131.32,1569.9,25.48,17.64
5/7/2015 7:50,42131.33,1569,25.47,17.63
5/7/2015 8:00,42131.33,1568,25.46,17.65
5/7/2015 8:10,42131.34,1567.1,25.46,17.65
5/7/2015 8:20,42131.35,1566.1,25.5,17.64
5/7/2015 8:30,42131.35,1565.7,25.47,17.63
5/7/2015 8:40,42131.36,1565.2,25.46,17.64
5/7/2015 8:50,42131.37,1564.7,25.46,17.64
5/7/2015 9:00,42131.38,1565.5,25.47,17.65
5/7/2015 9:10,42131.38,1565.6,25.5,17.64
5/7/2015 9:20,42131.39,1566.6,25.46,17.65
5/7/2015 9:30,42131.40,1567.4,25.46,17.65
5/7/2015 9:40,42131.40,1568.7,25.47,17.63
5/7/2015 9:50,42131.41,1570.8,25.46,17.64
5/7/2015 10:00,42131.42,1572.7,25.47,17.63
5/7/2015 10:10,42131.42,1574.8,25.46,17.64
5/7/2015 10:20,42131.43,1577,25.45,17.64
5/7/2015 10:30,42131.44,1579.4,25.45,17.64
5/7/2015 10:40,42131.44,1582.3,25.47,17.65
5/7/2015 10:50,42131.45,1585.3,25.47,17.65
5/7/2015 11:00,42131.46,1587.8,25.46,17.65
5/7/2015 11:10,42131.47,1590.9,25.45,17.64
5/7/2015 11:20,42131.47,1593.8,25.47,17.65
5/7/2015 11:30,42131.48,1596.3,25.46,17.64
5/7/2015 11:40,42131.49,1598.9,25.48,17.63
5/7/2015 11:50,42131.49,1602,25.48,17.64
5/7/2015 12:00,42131.50,1605,25.5,17.64
5/7/2015 12:10,42131.51,1608.2,25.47,17.65
5/7/2015 12:20,42131.51,1610.8,25.47,17.65
5/7/2015 12:30,42131.52,1613.5,25.48,17.63
5/7/2015 12:40,42131.53,1615.7,25.48,17.64
5/7/2015 12:50,42131.53,1617.3,25.49,17.64
5/7/2015 13:00,42131.54,1619.2,25.48,17.64
5/7/2015 13:10,42131.55,1620.6,25.48,17.63
5/7/2015 13:20,42131.56,1621.5,25.5,17.64
5/7/2015 13:30,42131.56,1622.8,25.48,17.64
5/7/2015 13:40,42131.57,1623.6,25.49,17.64
5/7/2015 13:50,42131.58,1624.2,25.47,17.65
5/7/2015 14:00,42131.58,1625.4,25.47,17.65
5/7/2015 14:10,42131.59,1625.6,25.46,17.64
5/7/2015 14:20,42131.60,1626.5,25.48,17.63
5/7/2015 14:30,42131.60,1627.2,25.47,17.65
5/7/2015 14:40,42131.61,1627.5,25.47,17.65
5/7/2015 14:50,42131.62,1627.7,25.48,17.64
5/7/2015 15:00,42131.63,1627.9,25.48,17.64
5/7/2015 15:10,42131.63,1627.6,25.48,17.64
5/7/2015 15:20,42131.64,1627,25.46,17.65
5/7/2015 15:30,42131.65,1626,25.48,17.64
5/7/2015 15:40,42131.65,1625.1,25.48,17.64
5/7/2015 15:50,42131.66,1624,25.47,17.65
5/7/2015 16:00,42131.67,1622.8,25.47,17.65
5/7/2015 16:10,42131.67,1621.5,25.5,17.64
5/7/2015 16:20,42131.68,1619.9,25.47,17.64
5/7/2015 16:30,42131.69,1618,25.48,17.64
5/7/2015 16:40,42131.69,1615.8,25.47,17.65
5/7/2015 16:50,42131.70,1614,25.47,17.63
5/7/2015 17:00,42131.71,1612.1,25.48,17.64
5/7/2015 17:10,42131.72,1610,25.47,17.63
5/7/2015 17:20,42131.72,1608,25.47,17.65
5/7/2015 17:30,42131.73,1605.9,25.48,17.64
5/7/2015 17:40,42131.74,1603.5,25.47,17.65
5/7/2015 17:50,42131.74,1601.1,25.46,17.65
5/7/2015 18:00,42131.75,1598.4,25.47,17.63
5/7/2015 18:10,42131.76,1596,25.46,17.65
5/7/2015 18:20,42131.76,1593.3,25.47,17.65
5/7/2015 18:30,42131.77,1590.6,25.49,17.64
5/7/2015 18:40,42131.78,1588.1,25.49,17.64
5/7/2015 18:50,42131.78,1585.9,25.48,17.64
5/7/2015 19:00,42131.79,1583.7,25.47,17.65
5/7/2015 19:10,42131.80,1581.5,25.46,17.65
5/7/2015 19:20,42131.81,1580,25.49,17.64
5/7/2015 19:30,42131.81,1578.2,25.48,17.64
5/7/2015 19:40,42131.82,1576.8,25.48,17.64
5/7/2015 19:50,42131.83,1575.4,25.48,17.64
5/7/2015 20:00,42131.83,1574.1,25.48,17.64
5/7/2015 20:10,42131.84,1572.9,25.46,17.65
5/7/2015 20:20,42131.85,1571.6,25.46,17.65
5/7/2015 20:30,42131.85,1570.9,25.47,17.65
5/7/2015 20:40,42131.86,1569.7,25.47,17.63
5/7/2015 20:50,42131.87,1568.8,25.49,17.64
5/7/2015 21:00,42131.88,1568,25.49,17.64
5/7/2015 21:10,42131.88,1567.3,25.48,17.64
5/7/2015 21:20,42131.89,1567.1,25.46,17.65
5/7/2015 21:30,42131.90,1567.1,25.45,17.64
5/7/2015 21:40,42131.90,1567.3,25.45,17.64
5/7/2015 21:50,42131.91,1567.7,25.47,17.65
5/7/2015 22:00,42131.92,1568.8,25.46,17.64
5/7/2015 22:10,42131.92,1570.3,25.47,17.65
5/7/2015 22:20,42131.93,1572.1,25.47,17.65
5/7/2015 22:30,42131.94,1573.5,25.47,17.65
5/7/2015 22:40,42131.94,1575.2,25.47,17.65
5/7/2015 22:50,42131.95,1577.3,25.47,17.63
5/7/2015 23:00,42131.96,1579.8,25.46,17.64
5/7/2015 23:10,42131.97,1582.2,25.47,17.65
5/7/2015 23:20,42131.97,1584.8,25.45,17.64
5/7/2015 23:30,42131.98,1587.3,25.47,17.63
5/7/2015 23:40,42131.99,1589.7,25.47,17.65
5/7/2015 23:50,42131.99,1592.3,25.48,17.64
5/8/2015 0:00,42132.00,1594.8,25.47,17.65
5/8/2015 0:10,42132.01,1597,25.46,17.65
5/8/2015 0:20,42132.01,1599,25.47,17.65
5/8/2015 0:30,42132.02,1601.8,25.46,17.64
5/8/2015 0:40,42132.03,1604.6,25.47,17.65
5/8/2015 0:50,42132.03,1606.7,25.46,17.65
5/8/2015 1:00,42132.04,1609,25.47,17.64
5/8/2015 1:10,42132.05,1610.9,25.5,17.64
5/8/2015 1:20,42132.06,1612.6,25.47,17.65
5/8/2015 1:30,42132.06,1614,25.48,17.64
5/8/2015 1:40,42132.07,1615.1,25.47,17.65
5/8/2015 1:50,42132.08,1616.5,25.5,17.64
5/8/2015 2:00,42132.08,1617.3,25.47,17.63
5/8/2015 2:10,42132.09,1617.8,25.47,17.64
5/8/2015 2:20,42132.10,1618.5,25.48,17.64
5/8/2015 2:30,42132.10,1619.1,25.49,17.64
5/8/2015 2:40,42132.11,1619.3,25.47,17.65
5/8/2015 2:50,42132.12,1619.8,25.49,17.64
5/8/2015 3:00,42132.13,1620.1,25.47,17.64
5/8/2015 3:10,42132.13,1620.4,25.47,17.65
5/8/2015 3:20,42132.14,1620.2,25.47,17.65
5/8/2015 3:30,42132.15,1619.9,25.47,17.63
5/8/2015 3:40,42132.15,1619.7,25.47,17.65
5/8/2015 3:50,42132.16,1619.5,25.47,17.65
5/8/2015 4:00,42132.17,1618.5,25.47,17.65
5/8/2015 4:10,42132.17,1617.4,25.47,17.65
5/8/2015 4:20,42132.18,1616.1,25.47,17.63
5/8/2015 4:30,42132.19,1615.6,25.49,17.64
5/8/2015 4:40,42132.19,1614.3,25.48,17.64
5/8/2015 4:50,42132.20,1612.1,25.48,17.64
5/8/2015 5:00,42132.21,1609.7,25.46,17.65
5/8/2015 5:10,42132.22,1608,25.47,17.64
5/8/2015 5:20,42132.22,1605.7,25.49,17.64
5/8/2015 5:30,42132.23,1602.7,25.46,17.65
5/8/2015 5:40,42132.24,1600.3,25.48,17.63
5/8/2015 5:50,42132.24,1597.6,25.47,17.65
5/8/2015 6:00,42132.25,1595.8,25.46,17.64
5/8/2015 6:10,42132.26,1593.5,25.46,17.65
5/8/2015 6:20,42132.26,1591.5,25.47,17.63
5/8/2015 6:30,42132.27,1589.4,25.47,17.63
5/8/2015 6:40,42132.28,1586.9,25.46,17.65
5/8/2015 6:50,42132.28,1585.3,25.47,17.65
5/8/2015 7:00,42132.29,1583.4,25.45,17.64
5/8/2015 7:10,42132.30,1581.7,25.47,17.63
5/8/2015 7:20,42132.31,1580.3,25.49,17.64
5/8/2015 7:30,42132.31,1578.4,25.49,17.64
5/8/2015 7:40,42132.32,1577.3,25.46,17.64
5/8/2015 7:50,42132.33,1575.8,25.46,17.64
5/8/2015 8:00,42132.33,1574.3,25.46,17.65
5/8/2015 8:10,42132.34,1573.2,25.46,17.64
5/8/2015 8:20,42132.35,1572.2,25.46,17.65
5/8/2015 8:30,42132.35,1571.3,25.48,17.63
5/8/2015 8:40,42132.36,1570.6,25.46,17.64
5/8/2015 8:50,42132.37,1569.7,25.47,17.63
5/8/2015 9:00,42132.38,1568.8,25.47,17.65
5/8/2015 9:10,42132.38,1568.1,25.45,17.64
5/8/2015 9:20,42132.39,1567.6,25.46,17.64
5/8/2015 9:30,42132.40,1567.1,25.46,17.65
5/8/2015 9:40,42132.40,1567.4,25.46,17.64
5/8/2015 9:50,42132.41,1567.9,25.47,17.65
5/8/2015 10:00,42132.42,1568.5,25.46,17.65
5/8/2015 10:10,42132.42,1569.4,25.46,17.64
5/8/2015 10:20,42132.43,1570.9,25.45,17.64
5/8/2015 10:30,42132.44,1572.5,25.44,17.64
5/8/2015 10:40,42132.44,1574.1,25.46,17.65
5/8/2015 10:50,42132.45,1575.9,25.47,17.65
5/8/2015 11:00,42132.46,1578.2,25.48,17.63
5/8/2015 11:10,42132.47,1580.5,25.46,17.65
5/8/2015 11:20,42132.47,1583.3,25.48,17.64
5/8/2015 11:30,42132.48,1586,25.47,17.65
5/8/2015 11:40,42132.49,1588.3,25.46,17.65
5/8/2015 11:50,42132.49,1591,25.47,17.65
5/8/2015 12:00,42132.50,1593.5,25.48,17.64
5/8/2015 12:10,42132.51,1596.1,25.46,17.65
5/8/2015 12:20,42132.51,1598.6,25.47,17.63
5/8/2015 12:30,42132.52,1601.3,25.49,17.64
5/8/2015 12:40,42132.53,1604.3,25.46,17.65
5/8/2015 12:50,42132.53,1607.3,25.47,17.65
5/8/2015 13:00,42132.54,1610,25.47,17.65
5/8/2015 13:10,42132.55,1611.9,25.48,17.64
5/8/2015 13:20,42132.56,1614,25.47,17.64
5/8/2015 13:30,42132.56,1615.8,25.46,17.65
5/8/2015 13:40,42132.57,1617.1,25.48,17.64
5/8/2015 13:50,42132.58,1618.6,25.47,17.65
5/8/2015 14:00,42132.58,1619.5,25.48,17.64
5/8/2015 14:10,42132.59,1620.6,25.47,17.65
5/8/2015 14:20,42132.60,1621.4,25.48,17.64
5/8/2015 14:30,42132.60,1622.3,25.47,17.65
5/8/2015 14:40,42132.61,1623,25.47,17.65
5/8/2015 14:50,42132.62,1623.4,25.46,17.65
5/8/2015 15:00,42132.63,1623.8,25.47,17.65
5/8/2015 15:10,42132.63,1624.3,25.46,17.65
5/8/2015 15:20,42132.64,1624.2,25.47,17.65
5/8/2015 15:30,42132.65,1624.4,25.47,17.65
5/8/2015 15:40,42132.65,1624.2,25.47,17.65
5/8/2015 15:50,42132.66,1624.5,25.48,17.64
5/8/2015 16:00,42132.67,1624.1,25.46,17.65
5/8/2015 16:10,42132.67,1623.8,25.47,17.65
5/8/2015 16:20,42132.68,1623.1,25.47,17.65
5/8/2015 16:30,42132.69,1622.4,25.47,17.65
5/8/2015 16:40,42132.69,1621.4,25.47,17.65
5/8/2015 16:50,42132.70,1620.3,25.46,17.65
5/8/2015 17:00,42132.71,1619.1,25.46,17.64
5/8/2015 17:10,42132.72,1617.4,25.47,17.65
5/8/2015 17:20,42132.72,1615.4,25.48,17.64
5/8/2015 17:30,42132.73,1613.7,25.46,17.65
5/8/2015 17:40,42132.74,1611.9,25.45,17.64
5/8/2015 17:50,42132.74,1609.8,25.47,17.65
5/8/2015 18:00,42132.75,1607.6,25.48,17.64
5/8/2015 18:10,42132.76,1605.2,25.46,17.65
5/8/2015 18:20,42132.76,1603.1,25.48,17.64
5/8/2015 18:30,42132.77,1600.6,25.47,17.65
5/8/2015 18:40,42132.78,1598.2,25.48,17.64
5/8/2015 18:50,42132.78,1595.4,25.46,17.65
5/8/2015 19:00,42132.79,1593.3,25.48,17.64
5/8/2015 19:10,42132.80,1591,25.47,17.65
5/8/2015 19:20,42132.81,1588.6,25.47,17.65
5/8/2015 19:30,42132.81,1586.4,25.46,17.65
5/8/2015 19:40,42132.82,1584.5,25.46,17.65
5/8/2015 19:50,42132.83,1582.7,25.47,17.65
5/8/2015 20:00,42132.83,1580.4,25.47,17.65
5/8/2015 20:10,42132.84,1579.1,25.49,17.64
5/8/2015 20:20,42132.85,1577.8,25.47,17.65
5/8/2015 20:30,42132.85,1576.6,25.49,17.64
5/8/2015 20:40,42132.86,1575.4,25.5,17.64
5/8/2015 20:50,42132.87,1574.4,25.49,17.64
5/8/2015 21:00,42132.88,1573.6,25.48,17.64
5/8/2015 21:10,42132.88,1572.7,25.46,17.65
5/8/2015 21:20,42132.89,1571.6,25.48,17.64
5/8/2015 21:30,42132.90,1570.9,25.47,17.65
5/8/2015 21:40,42132.90,1570.2,25.46,17.65
5/8/2015 21:50,42132.91,1570.2,25.47,17.65
5/8/2015 22:00,42132.92,1569.5,25.48,17.64
5/8/2015 22:10,42132.92,1569.8,25.47,17.65
5/8/2015 22:20,42132.93,1569.9,25.48,17.64
5/8/2015 22:30,42132.94,1570.6,25.48,17.63
5/8/2015 22:40,42132.94,1571.4,25.47,17.65
5/8/2015 22:50,42132.95,1572.4,25.47,17.65
5/8/2015 23:00,42132.96,1573.7,25.48,17.63
5/8/2015 23:10,42132.97,1575.1,25.48,17.63
5/8/2015 23:20,42132.97,1576.8,25.48,17.64
5/8/2015 23:30,42132.98,1578.6,25.47,17.63
5/8/2015 23:40,42132.99,1580.7,25.48,17.64
5/8/2015 23:50,42132.99,1582.8,25.48,17.64
5/9/2015 0:00,42133.00,1585.2,25.47,17.63
5/9/2015 0:10,42133.01,1587.3,25.47,17.63
5/9/2015 0:20,42133.01,1589.5,25.48,17.64
5/9/2015 0:30,42133.02,1591.5,25.47,17.65
5/9/2015 0:40,42133.03,1594,25.46,17.64
5/9/2015 0:50,42133.03,1596.1,25.46,17.64
5/9/2015 1:00,42133.04,1598.3,25.47,17.65
5/9/2015 1:10,42133.05,1600.7,25.47,17.65
5/9/2015 1:20,42133.06,1603.2,25.47,17.65
5/9/2015 1:30,42133.06,1605.5,25.48,17.63
5/9/2015 1:40,42133.07,1607.3,25.47,17.65
5/9/2015 1:50,42133.08,1609.3,25.49,17.64
5/9/2015 2:00,42133.08,1610.9,25.48,17.63
5/9/2015 2:10,42133.09,1612.1,25.47,17.65
5/9/2015 2:20,42133.10,1613.6,25.47,17.65
5/9/2015 2:30,42133.10,1614.9,25.46,17.65
5/9/2015 2:40,42133.11,1615.6,25.48,17.63
5/9/2015 2:50,42133.12,1616.7,25.47,17.65
5/9/2015 3:00,42133.13,1617.1,25.47,17.63
5/9/2015 3:10,42133.13,1617.8,25.47,17.65
5/9/2015 3:20,42133.14,1617.8,25.48,17.64
5/9/2015 3:30,42133.15,1618.4,25.49,17.64
5/9/2015 3:40,42133.15,1618.3,25.47,17.65
5/9/2015 3:50,42133.16,1618.6,25.47,17.65
5/9/2015 4:00,42133.17,1618.4,25.46,17.65
5/9/2015 4:10,42133.17,1618.3,25.47,17.65
5/9/2015 4:20,42133.18,1617.4,25.47,17.65
5/9/2015 4:30,42133.19,1617,25.47,17.63
5/9/2015 4:40,42133.19,1616.1,25.47,17.63
5/9/2015 4:50,42133.20,1615,25.47,17.65
5/9/2015 5:00,42133.21,1613.5,25.48,17.64
5/9/2015 5:10,42133.22,1611.7,25.47,17.65
5/9/2015 5:20,42133.22,1610.2,25.47,17.63
5/9/2015 5:30,42133.23,1608.1,25.47,17.63
5/9/2015 5:40,42133.24,1606,25.47,17.63
5/9/2015 5:50,42133.24,1603.9,25.48,17.64
5/9/2015 6:00,42133.25,1602,25.48,17.64
5/9/2015 6:10,42133.26,1599.8,25.46,17.65
5/9/2015 6:20,42133.26,1597.7,25.46,17.65
5/9/2015 6:30,42133.27,1596.1,25.47,17.65
5/9/2015 6:40,42133.28,1593.9,25.46,17.65
5/9/2015 6:50,42133.28,1591.8,25.48,17.64
5/9/2015 7:00,42133.29,1589.8,25.48,17.64
5/9/2015 7:10,42133.30,1588.1,25.49,17.64
5/9/2015 7:20,42133.31,1586,25.49,17.64
5/9/2015 7:30,42133.31,1584.5,25.48,17.64
5/9/2015 7:40,42133.32,1583.1,25.48,17.64
5/9/2015 7:50,42133.33,1581.4,25.46,17.65
5/9/2015 8:00,42133.33,1580.1,25.46,17.64
5/9/2015 8:10,42133.34,1578.9,25.46,17.65
5/9/2015 8:20,42133.35,1577.8,25.47,17.65
5/9/2015 8:30,42133.35,1576.6,25.46,17.65
5/9/2015 8:40,42133.36,1575.7,25.47,17.65
5/9/2015 8:50,42133.37,1574.4,25.47,17.65
5/9/2015 9:00,42133.38,1573.6,25.45,17.64
5/9/2015 9:10,42133.38,1572.7,25.45,17.64
5/9/2015 9:20,42133.39,1571.5,25.46,17.64
5/9/2015 9:30,42133.40,1570.9,25.48,17.63
5/9/2015 9:40,42133.40,1570.2,25.47,17.65
5/9/2015 9:50,42133.41,1569.5,25.47,17.63
5/9/2015 10:00,42133.42,1569.5,25.49,17.64
5/9/2015 10:10,42133.42,1569.4,25.49,17.64
5/9/2015 10:20,42133.43,1569.4,25.47,17.63
5/9/2015 10:30,42133.44,1569.9,25.48,17.64
5/9/2015 10:40,42133.44,1570.7,25.47,17.65
5/9/2015 10:50,42133.45,1571.9,25.47,17.65
5/9/2015 11:00,42133.46,1573.2,25.45,17.64
5/9/2015 11:10,42133.47,1574.3,25.46,17.64
5/9/2015 11:20,42133.47,1576.1,25.46,17.64
5/9/2015 11:30,42133.48,1577.9,25.46,17.64
5/9/2015 11:40,42133.49,1580,25.46,17.65
5/9/2015 11:50,42133.49,1582.2,25.47,17.65
5/9/2015 12:00,42133.50,1584.1,25.47,17.63
5/9/2015 12:10,42133.51,1586.7,25.48,17.64
5/9/2015 12:20,42133.51,1588.7,25.46,17.65
5/9/2015 12:30,42133.52,1590.8,25.46,17.64
5/9/2015 12:40,42133.53,1593,25.46,17.64
5/9/2015 12:50,42133.53,1595.3,25.48,17.64
5/9/2015 13:00,42133.54,1597.9,25.47,17.65
5/9/2015 13:10,42133.55,1600.3,25.48,17.64
5/9/2015 13:20,42133.56,1603,25.47,17.65
5/9/2015 13:30,42133.56,1605.2,25.49,17.64
5/9/2015 13:40,42133.57,1607.6,25.46,17.65
5/9/2015 13:50,42133.58,1609.5,25.46,17.65
5/9/2015 14:00,42133.58,1611.2,25.49,17.64
5/9/2015 14:10,42133.59,1613,25.48,17.63
5/9/2015 14:20,42133.60,1614.3,25.47,17.65
5/9/2015 14:30,42133.60,1615.8,25.49,17.64
5/9/2015 14:40,42133.61,1616.9,25.47,17.65
5/9/2015 14:50,42133.62,1617.8,25.46,17.65
5/9/2015 15:00,42133.63,1619,25.47,17.65
5/9/2015 15:10,42133.63,1619.3,25.47,17.65
5/9/2015 15:20,42133.64,1620,25.47,17.65
5/9/2015 15:30,42133.65,1620.2,25.47,17.65
5/9/2015 15:40,42133.65,1620.7,25.47,17.65
5/9/2015 15:50,42133.66,1621.2,25.46,17.65
5/9/2015 16:00,42133.67,1621.2,25.46,17.65
5/9/2015 16:10,42133.67,1621.1,25.47,17.65
5/9/2015 16:20,42133.68,1621.3,25.46,17.64
5/9/2015 16:30,42133.69,1621.6,25.47,17.65
5/9/2015 16:40,42133.69,1621.3,25.47,17.63
5/9/2015 16:50,42133.70,1621,25.46,17.65
5/9/2015 17:00,42133.71,1620.6,25.46,17.64
5/9/2015 17:10,42133.72,1619.8,25.46,17.65
5/9/2015 17:20,42133.72,1619,25.47,17.65
5/9/2015 17:30,42133.73,1618.1,25.47,17.65
5/9/2015 17:40,42133.74,1617,25.46,17.65
5/9/2015 17:50,42133.74,1615.4,25.46,17.65
5/9/2015 18:00,42133.75,1613.9,25.48,17.63
5/9/2015 18:10,42133.76,1612.1,25.45,17.64
5/9/2015 18:20,42133.76,1610.4,25.45,17.64
5/9/2015 18:30,42133.77,1608.1,25.46,17.65
5/9/2015 18:40,42133.78,1606.1,25.47,17.65
5/9/2015 18:50,42133.78,1603.8,25.46,17.64
5/9/2015 19:00,42133.79,1601.6,25.47,17.65
5/9/2015 19:10,42133.80,1599.3,25.47,17.63
5/9/2015 19:20,42133.81,1596.9,25.47,17.65
5/9/2015 19:30,42133.81,1594.8,25.47,17.65
5/9/2015 19:40,42133.82,1592.8,25.46,17.64
5/9/2015 19:50,42133.83,1590.8,25.47,17.65
5/9/2015 20:00,42133.83,1588.8,25.46,17.65
5/9/2015 20:10,42133.84,1587.1,25.45,17.64
5/9/2015 20:20,42133.85,1585.7,25.46,17.64
5/9/2015 20:30,42133.85,1584.1,25.48,17.64
5/9/2015 20:40,42133.86,1583,25.47,17.65
5/9/2015 20:50,42133.87,1581.4,25.48,17.64
5/9/2015 21:00,42133.88,1580,25.45,17.64
5/9/2015 21:10,42133.88,1578.9,25.49,17.64
5/9/2015 21:20,42133.89,1577.6,25.47,17.65
5/9/2015 21:30,42133.90,1576.6,25.51,17.64
5/9/2015 21:40,42133.90,1575.8,25.48,17.64
5/9/2015 21:50,42133.91,1575,25.46,17.65
5/9/2015 22:00,42133.92,1574.3,25.47,17.63
5/9/2015 22:10,42133.92,1573.4,25.45,17.64
5/9/2015 22:20,42133.93,1573.2,25.46,17.64
5/9/2015 22:30,42133.94,1572.7,25.46,17.64
5/9/2015 22:40,42133.94,1572.6,25.47,17.65
5/9/2015 22:50,42133.95,1572.3,25.48,17.64
5/9/2015 23:00,42133.96,1572.7,25.49,17.64
5/9/2015 23:10,42133.97,1573.2,25.48,17.64
5/9/2015 23:20,42133.97,1573.7,25.46,17.65
5/9/2015 23:30,42133.98,1574.6,25.48,17.63
5/9/2015 23:40,42133.99,1575.9,25.48,17.64
5/9/2015 23:50,42133.99,1576.9,25.47,17.65
5/10/2015 0:00,42134.00,1578.7,25.46,17.65
5/10/2015 0:10,42134.01,1580.3,25.48,17.63
5/10/2015 0:20,42134.01,1581.9,25.46,17.64
5/10/2015 0:30,42134.02,1583.9,25.48,17.63
5/10/2015 0:40,42134.03,1585.9,25.46,17.64
5/10/2015 0:50,42134.03,1587.7,25.47,17.65
5/10/2015 1:00,42134.04,1589.7,25.46,17.64
5/10/2015 1:10,42134.05,1591.9,25.47,17.65
5/10/2015 1:20,42134.06,1593.8,25.47,17.65
5/10/2015 1:30,42134.06,1595.8,25.48,17.63
5/10/2015 1:40,42134.07,1597.6,25.47,17.65
5/10/2015 1:50,42134.08,1599.6,25.46,17.65
5/10/2015 2:00,42134.08,1602,25.46,17.65
5/10/2015 2:10,42134.09,1603.9,25.46,17.64
5/10/2015 2:20,42134.10,1605.9,25.48,17.63
5/10/2015 2:30,42134.10,1607.6,25.45,17.64
5/10/2015 2:40,42134.11,1609,25.48,17.63
5/10/2015 2:50,42134.12,1610.4,25.46,17.65
5/10/2015 3:00,42134.13,1611.4,25.47,17.63
5/10/2015 3:10,42134.13,1612.6,25.47,17.63
5/10/2015 3:20,42134.14,1613.5,25.47,17.63
5/10/2015 3:30,42134.15,1614.6,25.49,17.64
5/10/2015 3:40,42134.15,1615,25.47,17.65
5/10/2015 3:50,42134.16,1615.8,25.48,17.63
5/10/2015 4:00,42134.17,1616.5,25.47,17.63
5/10/2015 4:10,42134.17,1616.9,25.47,17.65
5/10/2015 4:20,42134.18,1616.9,25.48,17.64
5/10/2015 4:30,42134.19,1617.1,25.46,17.65
5/10/2015 4:40,42134.19,1616.9,25.47,17.65
5/10/2015 4:50,42134.20,1616.7,25.48,17.64
5/10/2015 5:00,42134.21,1616.1,25.46,17.64
5/10/2015 5:10,42134.22,1615.8,25.47,17.63
5/10/2015 5:20,42134.22,1614.9,25.48,17.63
5/10/2015 5:30,42134.23,1613.9,25.46,17.64
5/10/2015 5:40,42134.24,1612.4,25.47,17.65
5/10/2015 5:50,42134.24,1611.2,25.48,17.63
5/10/2015 6:00,42134.25,1609.8,25.47,17.63
5/10/2015 6:10,42134.26,1608.3,25.48,17.64
5/10/2015 6:20,42134.26,1606.4,25.46,17.64
5/10/2015 6:30,42134.27,1604.8,25.47,17.65
5/10/2015 6:40,42134.28,1602.5,25.48,17.64
5/10/2015 6:50,42134.28,1600.9,25.47,17.65
5/10/2015 7:00,42134.29,1599.2,25.48,17.64
5/10/2015 7:10,42134.30,1597.5,25.46,17.65
5/10/2015 7:20,42134.31,1595.4,25.48,17.64
5/10/2015 7:30,42134.31,1593.9,25.48,17.64
5/10/2015 7:40,42134.32,1592.2,25.47,17.65
5/10/2015 7:50,42134.33,1590.6,25.46,17.65
5/10/2015 8:00,42134.33,1588.8,25.47,17.65
5/10/2015 8:10,42134.34,1587.3,25.46,17.65
5/10/2015 8:20,42134.35,1585.5,25.47,17.63
5/10/2015 8:30,42134.35,1584.4,25.47,17.65
5/10/2015 8:40,42134.36,1582.9,25.45,17.64
5/10/2015 8:50,42134.37,1581.4,25.46,17.65
5/10/2015 9:00,42134.38,1580.5,25.46,17.65
5/10/2015 9:10,42134.38,1579.6,25.46,17.64
5/10/2015 9:20,42134.39,1578.3,25.47,17.65
5/10/2015 9:30,42134.40,1577.3,25.48,17.64
5/10/2015 9:40,42134.40,1576.6,25.45,17.64
5/10/2015 9:50,42134.41,1575.8,25.46,17.64
5/10/2015 10:00,42134.42,1575,25.47,17.63
5/10/2015 10:10,42134.42,1574.3,25.46,17.65
5/10/2015 10:20,42134.43,1573.7,25.48,17.64
5/10/2015 10:30,42134.44,1573.3,25.47,17.65
5/10/2015 10:40,42134.44,1573,25.46,17.65
5/10/2015 10:50,42134.45,1573,25.45,17.64
5/10/2015 11:00,42134.46,1573,25.45,17.64
5/10/2015 11:10,42134.47,1573.2,25.45,17.64
5/10/2015 11:20,42134.47,1573.7,25.46,17.65
5/10/2015 11:30,42134.48,1575,25.46,17.64
5/10/2015 11:40,42134.49,1575.6,25.45,17.64
5/10/2015 11:50,42134.49,1576.5,25.46,17.65
5/10/2015 12:00,42134.50,1577.9,25.48,17.64
5/10/2015 12:10,42134.51,1579.6,25.47,17.63
5/10/2015 12:20,42134.51,1581,25.48,17.63
5/10/2015 12:30,42134.52,1582.9,25.46,17.64
5/10/2015 12:40,42134.53,1584.6,25.46,17.64
5/10/2015 12:50,42134.53,1586.4,25.45,17.64
5/10/2015 13:00,42134.54,1588,25.45,17.64
5/10/2015 13:10,42134.55,1589.8,25.47,17.65
5/10/2015 13:20,42134.56,1591.6,25.46,17.64
5/10/2015 13:30,42134.56,1593.5,25.45,17.64
5/10/2015 13:40,42134.57,1595.7,25.47,17.65
5/10/2015 13:50,42134.58,1598.1,25.47,17.65
5/10/2015 14:00,42134.58,1600.6,25.48,17.63
5/10/2015 14:10,42134.59,1602.9,25.48,17.63
5/10/2015 14:20,42134.60,1604.5,25.46,17.64
5/10/2015 14:30,42134.60,1606.6,25.47,17.63
5/10/2015 14:40,42134.61,1608.3,25.47,17.63
5/10/2015 14:50,42134.62,1609.8,25.47,17.63
5/10/2015 15:00,42134.63,1611.4,25.48,17.63
5/10/2015 15:10,42134.63,1612.8,25.46,17.65
5/10/2015 15:20,42134.64,1614,25.48,17.63
5/10/2015 15:30,42134.65,1615.3,25.46,17.65
5/10/2015 15:40,42134.65,1616.3,25.48,17.63
5/10/2015 15:50,42134.66,1617,25.5,17.64
5/10/2015 16:00,42134.67,1617.5,25.48,17.63
5/10/2015 16:10,42134.67,1618,25.47,17.63
5/10/2015 16:20,42134.68,1618.7,25.47,17.63
5/10/2015 16:30,42134.69,1618.9,25.47,17.63
5/10/2015 16:40,42134.69,1619.2,25.47,17.65
5/10/2015 16:50,42134.70,1619.2,25.46,17.64
5/10/2015 17:00,42134.71,1619.3,25.47,17.65
5/10/2015 17:10,42134.72,1619.2,25.46,17.65
5/10/2015 17:20,42134.72,1619.4,25.48,17.63
5/10/2015 17:30,42134.73,1619.1,25.46,17.65
5/10/2015 17:40,42134.74,1618.8,25.48,17.64
5/10/2015 17:50,42134.74,1618.4,25.47,17.63
5/10/2015 18:00,42134.75,1617.8,25.47,17.65
5/10/2015 18:10,42134.76,1616.7,25.48,17.64
5/10/2015 18:20,42134.76,1615.5,25.47,17.65
5/10/2015 18:30,42134.77,1614.2,25.46,17.65
5/10/2015 18:40,42134.78,1612.8,25.46,17.64
5/10/2015 18:50,42134.78,1610.9,25.46,17.65
5/10/2015 19:00,42134.79,1609.1,25.46,17.65
5/10/2015 19:10,42134.80,1607.3,25.48,17.64
5/10/2015 19:20,42134.81,1605.3,25.45,17.64
5/10/2015 19:30,42134.81,1603.2,25.46,17.65
5/10/2015 19:40,42134.82,1601.1,25.46,17.65
5/10/2015 19:50,42134.83,1599.6,25.48,17.63
5/10/2015 20:00,42134.83,1597.7,25.46,17.65
5/10/2015 20:10,42134.84,1595.9,25.47,17.65
5/10/2015 20:20,42134.85,1593.8,25.47,17.65
5/10/2015 20:30,42134.85,1592.1,25.46,17.65
5/10/2015 20:40,42134.86,1590.6,25.48,17.64
5/10/2015 20:50,42134.87,1589,25.45,17.64
5/10/2015 21:00,42134.88,1587.4,25.47,17.65
5/10/2015 21:10,42134.88,1586,25.45,17.64
5/10/2015 21:20,42134.89,1584.8,25.45,17.64
5/10/2015 21:30,42134.90,1583.6,25.46,17.65
5/10/2015 21:40,42134.90,1582.4,25.45,17.64
5/10/2015 21:50,42134.91,1581.4,25.46,17.64
5/10/2015 22:00,42134.92,1580.5,25.46,17.64
5/10/2015 22:10,42134.92,1579.4,25.46,17.64
5/10/2015 22:20,42134.93,1578,25.45,17.64
5/10/2015 22:30,42134.94,1577.2,25.46,17.64
5/10/2015 22:40,42134.94,1576.3,25.45,17.64
5/10/2015 22:50,42134.95,1575.9,25.47,17.65
5/10/2015 23:00,42134.96,1575,25.46,17.64
5/10/2015 23:10,42134.97,1574.6,25.45,17.64
5/10/2015 23:20,42134.97,1574.3,25.46,17.64
5/10/2015 23:30,42134.98,1574.1,25.47,17.63
5/10/2015 23:40,42134.99,1574,25.47,17.65
5/10/2015 23:50,42134.99,1574.3,25.45,17.64
5/11/2015 0:00,42135.00,1574.6,25.47,17.63
5/11/2015 0:10,42135.01,1575.1,25.5,17.64
5/11/2015 0:20,42135.01,1575.8,25.45,17.64
5/11/2015 0:30,42135.02,1576.5,25.46,17.64
5/11/2015 0:40,42135.03,1578,25.45,17.64
5/11/2015 0:50,42135.03,1579.3,25.45,17.64
5/11/2015 1:00,42135.04,1580.8,25.46,17.64
5/11/2015 1:10,42135.05,1582.2,25.46,17.64
5/11/2015 1:20,42135.06,1583.9,25.46,17.65
5/11/2015 1:30,42135.06,1585.6,25.48,17.64
5/11/2015 1:40,42135.07,1586.9,25.48,17.63
5/11/2015 1:50,42135.08,1588.8,25.48,17.64
5/11/2015 2:00,42135.08,1590.4,25.48,17.63
5/11/2015 2:10,42135.09,1592,25.47,17.65
5/11/2015 2:20,42135.10,1594,25.49,17.64
5/11/2015 2:30,42135.10,1595.8,25.46,17.65
5/11/2015 2:40,42135.11,1597.9,25.47,17.63
5/11/2015 2:50,42135.12,1599.8,25.49,17.64
5/11/2015 3:00,42135.13,1601.6,25.47,17.65
5/11/2015 3:10,42135.13,1603.2,25.45,17.64
5/11/2015 3:20,42135.14,1604.8,25.46,17.64
5/11/2015 3:30,42135.15,1606,25.46,17.65
5/11/2015 3:40,42135.15,1607.6,25.48,17.63
5/11/2015 3:50,42135.16,1608.6,25.46,17.64
5/11/2015 4:00,42135.17,1609.5,25.46,17.64
5/11/2015 4:10,42135.17,1610.7,25.46,17.64
5/11/2015 4:20,42135.18,1611.5,25.47,17.65
5/11/2015 4:30,42135.19,1612.8,25.48,17.64
5/11/2015 4:40,42135.19,1613.5,25.49,17.64
5/11/2015 4:50,42135.20,1614,25.46,17.65
5/11/2015 5:00,42135.21,1614.6,25.47,17.63
5/11/2015 5:10,42135.22,1614.9,25.48,17.63
5/11/2015 5:20,42135.22,1615.4,25.47,17.63
5/11/2015 5:30,42135.23,1615.4,25.46,17.64
5/11/2015 5:40,42135.24,1615.1,25.48,17.64
5/11/2015 5:50,42135.24,1615.1,25.47,17.63
5/11/2015 6:00,42135.25,1614.4,25.48,17.64
5/11/2015 6:10,42135.26,1613.9,25.46,17.65
5/11/2015 6:20,42135.26,1613.3,25.48,17.63
5/11/2015 6:30,42135.27,1612.4,25.48,17.64
5/11/2015 6:40,42135.28,1611.1,25.48,17.64
5/11/2015 6:50,42135.28,1609.8,25.48,17.64
5/11/2015 7:00,42135.29,1608.4,25.48,17.64
5/11/2015 7:10,42135.30,1606.9,25.46,17.65
5/11/2015 7:20,42135.31,1605.5,25.46,17.65
5/11/2015 7:30,42135.31,1603.9,25.48,17.64
5/11/2015 7:40,42135.32,1602.5,25.47,17.63
5/11/2015 7:50,42135.33,1600.8,25.46,17.65
5/11/2015 8:00,42135.33,1599.3,25.47,17.65
5/11/2015 8:10,42135.34,1597.8,25.47,17.65
5/11/2015 8:20,42135.35,1596.2,25.47,17.65
5/11/2015 8:30,42135.35,1595.1,25.45,17.64
5/11/2015 8:40,42135.36,1593.5,25.45,17.64
5/11/2015 8:50,42135.37,1591.5,25.47,17.65
5/11/2015 9:00,42135.38,1590.2,25.46,17.65
5/11/2015 9:10,42135.38,1589.2,25.46,17.64
5/11/2015 9:20,42135.39,1587.6,25.46,17.65
5/11/2015 9:30,42135.40,1586.6,25.46,17.65
5/11/2015 9:40,42135.40,1585.3,25.49,17.64
5/11/2015 9:50,42135.41,1584.1,25.46,17.64
5/11/2015 10:00,42135.42,1583.3,25.46,17.64
5/11/2015 10:10,42135.42,1582.2,25.47,17.65
5/11/2015 10:20,42135.43,1581.4,25.46,17.64
5/11/2015 10:30,42135.44,1580.3,25.46,17.65
5/11/2015 10:40,42135.44,1579.4,25.45,17.64
5/11/2015 10:50,42135.45,1578.5,25.47,17.65
5/11/2015 11:00,42135.46,1577.7,25.46,17.64
5/11/2015 11:10,42135.47,1577.2,25.45,17.64
5/11/2015 11:20,42135.47,1576.6,25.45,17.64
5/11/2015 11:30,42135.48,1576.1,25.46,17.64
5/11/2015 11:40,42135.49,1575.9,25.47,17.65
5/11/2015 11:50,42135.49,1575.6,25.48,17.64
5/11/2015 12:00,42135.50,1575.4,25.46,17.64
5/11/2015 12:10,42135.51,1575.9,25.48,17.63
5/11/2015 12:20,42135.51,1576.2,25.47,17.65
5/11/2015 12:30,42135.52,1576.8,25.46,17.64
5/11/2015 12:40,42135.53,1577.9,25.47,17.63
5/11/2015 12:50,42135.53,1578.6,25.46,17.65
5/11/2015 13:00,42135.54,1579.4,25.5,17.64
5/11/2015 13:10,42135.55,1581,25.46,17.64
5/11/2015 13:20,42135.56,1582.5,25.47,17.65
5/11/2015 13:30,42135.56,1583.8,25.49,17.64
5/11/2015 13:40,42135.57,1585.3,25.46,17.65
5/11/2015 13:50,42135.58,1587,25.47,17.65
5/11/2015 14:00,42135.58,1588.7,25.46,17.64
5/11/2015 14:10,42135.59,1590.2,25.46,17.64
5/11/2015 14:20,42135.60,1591.9,25.47,17.65
5/11/2015 14:30,42135.60,1593.7,25.47,17.63
5/11/2015 14:40,42135.61,1595.3,25.47,17.63
5/11/2015 14:50,42135.62,1597.5,25.47,17.65
5/11/2015 15:00,42135.63,1599.6,25.46,17.65
5/11/2015 15:10,42135.63,1601.3,25.47,17.63
5/11/2015 15:20,42135.64,1603.4,25.47,17.65
5/11/2015 15:30,42135.65,1605.1,25.47,17.65
5/11/2015 15:40,42135.65,1606.7,25.5,17.64
5/11/2015 15:50,42135.66,1608.1,25.47,17.63
5/11/2015 16:00,42135.67,1609.5,25.48,17.64
5/11/2015 16:10,42135.67,1610.7,25.46,17.65
5/11/2015 16:20,42135.68,1611.9,25.47,17.65
5/11/2015 16:30,42135.69,1613.2,25.46,17.65
5/11/2015 16:40,42135.69,1614,25.49,17.64
5/11/2015 16:50,42135.70,1615.3,25.49,17.64
5/11/2015 17:00,42135.71,1616,25.47,17.65
5/11/2015 17:10,42135.72,1616.5,25.46,17.65
5/11/2015 17:20,42135.72,1616.8,25.46,17.64
5/11/2015 17:30,42135.73,1617.7,25.46,17.65
5/11/2015 17:40,42135.74,1618,25.47,17.63
5/11/2015 17:50,42135.74,1618.2,25.46,17.65
5/11/2015 18:00,42135.75,1618.4,25.48,17.63
5/11/2015 18:10,42135.76,1618.5,25.46,17.65
5/11/2015 18:20,42135.76,1618.5,25.48,17.64
5/11/2015 18:30,42135.77,1618.7,25.48,17.63
5/11/2015 18:40,42135.78,1618.7,25.46,17.65
5/11/2015 18:50,42135.78,1618.5,25.47,17.65
5/11/2015 19:00,42135.79,1618,25.47,17.63
5/11/2015 19:10,42135.80,1617.4,25.47,17.65
5/11/2015 19:20,42135.81,1616.5,25.45,17.64
5/11/2015 19:30,42135.81,1615.1,25.47,17.65
5/11/2015 19:40,42135.82,1614.1,25.47,17.65
5/11/2015 19:50,42135.83,1612.9,25.47,17.65
5/11/2015 20:00,42135.83,1611,25.47,17.65
5/11/2015 20:10,42135.84,1609.1,25.47,17.65
5/11/2015 20:20,42135.85,1607.7,25.48,17.64
5/11/2015 20:30,42135.85,1605.5,25.45,17.64
5/11/2015 20:40,42135.86,1603.6,25.48,17.64
5/11/2015 20:50,42135.87,1602,25.46,17.65
5/11/2015 21:00,42135.88,1600,25.46,17.64
5/11/2015 21:10,42135.88,1598.1,25.47,17.65
5/11/2015 21:20,42135.89,1596.6,25.47,17.65
5/11/2015 21:30,42135.90,1594.7,25.47,17.63
5/11/2015 21:40,42135.90,1593.3,25.47,17.65
5/11/2015 21:50,42135.91,1591.9,25.47,17.63
5/11/2015 22:00,42135.92,1590.2,25.46,17.64
5/11/2015 22:10,42135.92,1589,25.47,17.65
5/11/2015 22:20,42135.93,1587.8,25.48,17.63
5/11/2015 22:30,42135.94,1586.7,25.45,17.64
5/11/2015 22:40,42135.94,1585.3,25.46,17.64
5/11/2015 22:50,42135.95,1584.3,25.46,17.64
5/11/2015 23:00,42135.96,1583.1,25.46,17.64
5/11/2015 23:10,42135.97,1581.9,25.46,17.65
5/11/2015 23:20,42135.97,1580.8,25.46,17.64
5/11/2015 23:30,42135.98,1579.7,25.47,17.65
5/11/2015 23:40,42135.99,1578.7,25.46,17.65
5/11/2015 23:50,42135.99,1577.7,25.45,17.64
5/12/2015 0:00,42136.00,1577,25.46,17.64
5/12/2015 0:10,42136.01,1576.3,25.46,17.65
5/12/2015 0:20,42136.01,1575.9,25.46,17.65
5/12/2015 0:30,42136.02,1575.8,25.46,17.64
5/12/2015 0:40,42136.03,1575.5,25.47,17.65
5/12/2015 0:50,42136.03,1575.4,25.48,17.64
5/12/2015 1:00,42136.04,1575.4,25.46,17.64
5/12/2015 1:10,42136.05,1575.6,25.45,17.64
5/12/2015 1:20,42136.06,1575.9,25.45,17.64
5/12/2015 1:30,42136.06,1576.8,25.46,17.64
5/12/2015 1:40,42136.07,1577.5,25.45,17.64
5/12/2015 1:50,42136.08,1578.6,25.46,17.64
5/12/2015 2:00,42136.08,1579.6,25.46,17.65
5/12/2015 2:10,42136.09,1581,25.47,17.65
5/12/2015 2:20,42136.10,1582.2,25.48,17.63
5/12/2015 2:30,42136.10,1583.5,25.48,17.64
5/12/2015 2:40,42136.11,1584.9,25.47,17.65
5/12/2015 2:50,42136.12,1586.7,25.47,17.65
5/12/2015 3:00,42136.13,1587.7,25.47,17.65
5/12/2015 3:10,42136.13,1589.2,25.47,17.63
5/12/2015 3:20,42136.14,1590.8,25.47,17.65
5/12/2015 3:30,42136.15,1592.5,25.48,17.63
5/12/2015 3:40,42136.15,1594.4,25.46,17.64
5/12/2015 3:50,42136.16,1596.3,25.46,17.64
5/12/2015 4:00,42136.17,1598.1,25.47,17.63
5/12/2015 4:10,42136.17,1599.5,25.48,17.64
5/12/2015 4:20,42136.18,1601,25.49,17.64
5/12/2015 4:30,42136.19,1603.1,25.49,17.64
5/12/2015 4:40,42136.19,1604.6,25.46,17.65
5/12/2015 4:50,42136.20,1605.9,25.48,17.63
5/12/2015 5:00,42136.21,1607.3,25.48,17.64
5/12/2015 5:10,42136.22,1608.6,25.48,17.63
5/12/2015 5:20,42136.22,1609.8,25.47,17.65
5/12/2015 5:30,42136.23,1611.2,25.47,17.65
5/12/2015 5:40,42136.24,1612.1,25.46,17.64
5/12/2015 5:50,42136.24,1612.6,25.48,17.63
5/12/2015 6:00,42136.25,1613.1,25.47,17.65
5/12/2015 6:10,42136.26,1613.7,25.48,17.63
5/12/2015 6:20,42136.26,1614.2,25.46,17.64
5/12/2015 6:30,42136.27,1614.6,25.48,17.64
5/12/2015 6:40,42136.28,1614.7,25.46,17.65
5/12/2015 6:50,42136.28,1615.3,25.47,17.65
5/12/2015 7:00,42136.29,1614.9,25.46,17.65
5/12/2015 7:10,42136.30,1614.6,25.47,17.65
5/12/2015 7:20,42136.31,1614.6,25.47,17.65
5/12/2015 7:30,42136.31,1614,25.48,17.63
5/12/2015 7:40,42136.32,1613.7,25.48,17.64
5/12/2015 7:50,42136.33,1613,25.46,17.65
5/12/2015 8:00,42136.33,1612.1,25.47,17.65
5/12/2015 8:10,42136.34,1611.1,25.48,17.63
5/12/2015 8:20,42136.35,1609.7,25.46,17.65
5/12/2015 8:30,42136.35,1608.3,25.46,17.64
5/12/2015 8:40,42136.36,1606.9,25.46,17.65
5/12/2015 8:50,42136.37,1605.3,25.48,17.64
5/12/2015 9:00,42136.38,1603.9,25.47,17.65
5/12/2015 9:10,42136.38,1602.3,25.47,17.65
5/12/2015 9:20,42136.39,1601.5,25.48,17.63
5/12/2015 9:30,42136.40,1599.9,25.47,17.65
5/12/2015 9:40,42136.40,1598.9,25.46,17.65
5/12/2015 9:50,42136.41,1597.2,25.46,17.65
5/12/2015 10:00,42136.42,1595.3,25.48,17.63
5/12/2015 10:10,42136.42,1593.5,25.48,17.64
5/12/2015 10:20,42136.43,1591.6,25.46,17.65
5/12/2015 10:30,42136.44,1590.1,25.46,17.65
5/12/2015 10:40,42136.44,1589,25.47,17.65
5/12/2015 10:50,42136.45,1587.4,25.48,17.63
5/12/2015 11:00,42136.46,1586.6,25.47,17.63
5/12/2015 11:10,42136.47,1585.9,25.46,17.65
5/12/2015 11:20,42136.47,1584.5,25.47,17.63
5/12/2015 11:30,42136.48,1583.4,25.48,17.64
5/12/2015 11:40,42136.49,1582.5,25.47,17.65
5/12/2015 11:50,42136.49,1581.4,25.46,17.65
5/12/2015 12:00,42136.50,1580.6,25.47,17.65
5/12/2015 12:10,42136.51,1580,25.47,17.63
5/12/2015 12:20,42136.51,1579.1,25.45,17.64
5/12/2015 12:30,42136.52,1578.6,25.47,17.63
5/12/2015 12:40,42136.53,1577.8,25.47,17.65
5/12/2015 12:50,42136.53,1577,25.45,17.64
5/12/2015 13:00,42136.54,1576.8,25.45,17.64
5/12/2015 13:10,42136.55,1576.3,25.46,17.64
5/12/2015 13:20,42136.56,1576.5,25.46,17.64
5/12/2015 13:30,42136.56,1576.5,25.46,17.64
5/12/2015 13:40,42136.57,1576.8,25.46,17.65
5/12/2015 13:50,42136.58,1577.3,25.48,17.63
5/12/2015 14:00,42136.58,1578.4,25.46,17.65
5/12/2015 14:10,42136.59,1579,25.47,17.65
5/12/2015 14:20,42136.60,1580.1,25.47,17.63
5/12/2015 14:30,42136.60,1581.7,25.47,17.63
5/12/2015 14:40,42136.61,1583.3,25.47,17.63
5/12/2015 14:50,42136.62,1584.5,25.46,17.64
5/12/2015 15:00,42136.63,1585.6,25.47,17.65
5/12/2015 15:10,42136.63,1587.3,25.48,17.64
5/12/2015 15:20,42136.64,1588.8,25.48,17.63
5/12/2015 15:30,42136.65,1590.3,25.47,17.65
5/12/2015 15:40,42136.65,1592,25.47,17.65
5/12/2015 15:50,42136.66,1593.6,25.47,17.65
5/12/2015 16:00,42136.67,1595.9,25.48,17.64
5/12/2015 16:10,42136.67,1597.9,25.48,17.64
5/12/2015 16:20,42136.68,1599.6,25.44,17.64
5/12/2015 16:30,42136.69,1601.5,25.47,17.63
5/12/2015 16:40,42136.69,1603.2,25.45,17.64
5/12/2015 16:50,42136.70,1604.9,25.47,17.65
5/12/2015 17:00,42136.71,1606.4,25.48,17.64
5/12/2015 17:10,42136.72,1608,25.48,17.64
5/12/2015 17:20,42136.72,1609.5,25.49,17.64
5/12/2015 17:30,42136.73,1610.7,25.48,17.64
5/12/2015 17:40,42136.74,1611.9,25.48,17.63
5/12/2015 17:50,42136.74,1612.8,25.46,17.65
5/12/2015 18:00,42136.75,1613.7,25.49,17.64
5/12/2015 18:10,42136.76,1614.7,25.48,17.63
5/12/2015 18:20,42136.76,1615.4,25.47,17.63
5/12/2015 18:30,42136.77,1616.3,25.46,17.65
5/12/2015 18:40,42136.78,1617,25.48,17.64
5/12/2015 18:50,42136.78,1617.6,25.47,17.65
5/12/2015 19:00,42136.79,1618.3,25.47,17.65
5/12/2015 19:10,42136.80,1618.5,25.48,17.63
5/12/2015 19:20,42136.81,1618.6,25.47,17.65
5/12/2015 19:30,42136.81,1618.9,25.48,17.63
5/12/2015 19:40,42136.82,1618.6,25.47,17.65
5/12/2015 19:50,42136.83,1618.7,25.46,17.64
5/12/2015 20:00,42136.83,1618.7,25.46,17.64
5/12/2015 20:10,42136.84,1617.9,25.47,17.65
5/12/2015 20:20,42136.85,1617,25.48,17.63
5/12/2015 20:30,42136.85,1616.3,25.48,17.64
5/12/2015 20:40,42136.86,1614.9,25.47,17.63
5/12/2015 20:50,42136.87,1613.6,25.47,17.65
5/12/2015 21:00,42136.88,1612.4,25.48,17.64
5/12/2015 21:10,42136.88,1610.5,25.46,17.65
5/12/2015 21:20,42136.89,1608.9,25.47,17.65
5/12/2015 21:30,42136.90,1607.2,25.47,17.65
5/12/2015 21:40,42136.90,1605.3,25.47,17.65
5/12/2015 21:50,42136.91,1603.6,25.46,17.65
5/12/2015 22:00,42136.92,1601.7,25.48,17.63
5/12/2015 22:10,42136.92,1599.7,25.47,17.65
5/12/2015 22:20,42136.93,1597.9,25.48,17.63
5/12/2015 22:30,42136.94,1596.1,25.46,17.65
5/12/2015 22:40,42136.94,1594.6,25.46,17.64
5/12/2015 22:50,42136.95,1592.7,25.47,17.65
5/12/2015 23:00,42136.96,1591.3,25.47,17.63
5/12/2015 23:10,42136.97,1589.7,25.5,17.64
5/12/2015 23:20,42136.97,1588.4,25.47,17.65
5/12/2015 23:30,42136.98,1587,25.47,17.65
5/12/2015 23:40,42136.99,1585.6,25.47,17.65
5/12/2015 23:50,42136.99,1584.5,25.49,17.64
5/13/2015 0:00,42137.00,1583.3,25.48,17.63
5/13/2015 0:10,42137.01,1582.2,25.48,17.64
5/13/2015 0:20,42137.01,1581,25.48,17.64
5/13/2015 0:30,42137.02,1580.1,25.45,17.64
5/13/2015 0:40,42137.03,1578.9,25.45,17.64
5/13/2015 0:50,42137.03,1578.2,25.46,17.65
5/13/2015 1:00,42137.04,1577,25.45,17.64
5/13/2015 1:10,42137.05,1576.5,25.45,17.64
5/13/2015 1:20,42137.06,1575.8,25.46,17.65
5/13/2015 1:30,42137.06,1575.2,25.46,17.65
5/13/2015 1:40,42137.07,1574.6,25.46,17.65
5/13/2015 1:50,42137.08,1574.3,25.48,17.63
5/13/2015 2:00,42137.08,1574.2,25.47,17.65
5/13/2015 2:10,42137.09,1574.1,25.46,17.65
5/13/2015 2:20,42137.10,1574.3,25.47,17.63
5/13/2015 2:30,42137.10,1574.6,25.46,17.64
5/13/2015 2:40,42137.11,1575.1,25.47,17.63
5/13/2015 2:50,42137.12,1575.7,25.47,17.65
5/13/2015 3:00,42137.13,1576.5,25.46,17.64
5/13/2015 3:10,42137.13,1577.8,25.47,17.65
5/13/2015 3:20,42137.14,1579,25.47,17.65
5/13/2015 3:30,42137.15,1580.5,25.46,17.64
5/13/2015 3:40,42137.15,1581.5,25.47,17.65
5/13/2015 3:50,42137.16,1583.1,25.46,17.64
5/13/2015 4:00,42137.17,1585,25.46,17.64
5/13/2015 4:10,42137.17,1586.4,25.48,17.63
5/13/2015 4:20,42137.18,1588.1,25.46,17.64
5/13/2015 4:30,42137.19,1590.1,25.47,17.65
5/13/2015 4:40,42137.19,1591.2,25.47,17.65
5/13/2015 4:50,42137.20,1592.6,25.46,17.64
5/13/2015 5:00,42137.21,1594.7,25.47,17.63
5/13/2015 5:10,42137.22,1596.8,25.47,17.65
5/13/2015 5:20,42137.22,1598.8,25.48,17.63
5/13/2015 5:30,42137.23,1601,25.48,17.63
5/13/2015 5:40,42137.24,1602.5,25.48,17.64
5/13/2015 5:50,42137.24,1604.3,25.46,17.64
5/13/2015 6:00,42137.25,1605.7,25.46,17.64
5/13/2015 6:10,42137.26,1607.3,25.48,17.64
5/13/2015 6:20,42137.26,1609,25.46,17.65
5/13/2015 6:30,42137.27,1610.2,25.47,17.63
5/13/2015 6:40,42137.28,1611.4,25.47,17.65
5/13/2015 6:50,42137.28,1612.4,25.48,17.64
5/13/2015 7:00,42137.29,1613.3,25.47,17.63
5/13/2015 7:10,42137.30,1614.2,25.48,17.63
5/13/2015 7:20,42137.31,1615.1,25.46,17.65
5/13/2015 7:30,42137.31,1615.8,25.48,17.64
5/13/2015 7:40,42137.32,1616.5,25.47,17.65
5/13/2015 7:50,42137.33,1616.8,25.47,17.63
5/13/2015 8:00,42137.33,1617,25.48,17.63
5/13/2015 8:10,42137.34,1617.3,25.46,17.64
5/13/2015 8:20,42137.35,1617.3,25.47,17.63
5/13/2015 8:30,42137.35,1617,25.46,17.64
5/13/2015 8:40,42137.36,1616.7,25.47,17.65
5/13/2015 8:50,42137.37,1616.2,25.47,17.65
5/13/2015 9:00,42137.38,1615.8,25.47,17.65
5/13/2015 9:10,42137.38,1615.3,25.48,17.64
5/13/2015 9:20,42137.39,1614.4,25.46,17.64
5/13/2015 9:30,42137.40,1613.3,25.46,17.64
5/13/2015 9:40,42137.40,1611.9,25.47,17.65
5/13/2015 9:50,42137.41,1610.9,25.46,17.65
5/13/2015 10:00,42137.42,1608.9,25.47,17.65
5/13/2015 10:10,42137.42,1607.8,25.46,17.64
5/13/2015 10:20,42137.43,1605.9,25.46,17.65
5/13/2015 10:30,42137.44,1604.6,25.47,17.65
5/13/2015 10:40,42137.44,1602.9,25.48,17.64
5/13/2015 10:50,42137.45,1601.1,25.46,17.64
5/13/2015 11:00,42137.46,1599.6,25.46,17.65
5/13/2015 11:10,42137.47,1597.9,25.47,17.63
5/13/2015 11:20,42137.47,1595.9,25.47,17.65
5/13/2015 11:30,42137.48,1594.4,25.46,17.65
5/13/2015 11:40,42137.49,1592.8,25.46,17.65
5/13/2015 11:50,42137.49,1591.3,25.46,17.65
5/13/2015 12:00,42137.50,1589.7,25.48,17.63
5/13/2015 12:10,42137.51,1588.5,25.45,17.64
5/13/2015 12:20,42137.51,1586.9,25.47,17.64
5/13/2015 12:30,42137.52,1585.7,25.46,17.65
5/13/2015 12:40,42137.53,1584.5,25.46,17.65
5/13/2015 12:50,42137.53,1583.4,25.46,17.65
5/13/2015 13:00,42137.54,1582.4,25.46,17.65
5/13/2015 13:10,42137.55,1580.8,25.46,17.65
5/13/2015 13:20,42137.56,1580.1,25.46,17.65
5/13/2015 13:30,42137.56,1579.2,25.47,17.65
5/13/2015 13:40,42137.57,1578.2,25.46,17.65
5/13/2015 13:50,42137.58,1577.5,25.47,17.65
5/13/2015 14:00,42137.58,1576.8,25.46,17.65
5/13/2015 14:10,42137.59,1576.2,25.47,17.65
5/13/2015 14:20,42137.60,1575.6,25.46,17.65
5/13/2015 14:30,42137.60,1575.1,25.46,17.64
5/13/2015 14:40,42137.61,1575.1,25.45,17.64
5/13/2015 14:50,42137.62,1575.1,25.46,17.64
5/13/2015 15:00,42137.63,1574.8,25.46,17.65
5/13/2015 15:10,42137.63,1575.2,25.46,17.65
5/13/2015 15:20,42137.64,1575.8,25.46,17.64
5/13/2015 15:30,42137.65,1576.6,25.45,17.64
5/13/2015 15:40,42137.65,1577.6,25.47,17.65
5/13/2015 15:50,42137.66,1578.7,25.47,17.65
5/13/2015 16:00,42137.67,1579.6,25.46,17.65
5/13/2015 16:10,42137.67,1581.3,25.47,17.65
5/13/2015 16:20,42137.68,1582.6,25.48,17.64
5/13/2015 16:30,42137.69,1584.1,25.45,17.64
5/13/2015 16:40,42137.69,1585.9,25.47,17.63
5/13/2015 16:50,42137.70,1587.3,25.46,17.64
5/13/2015 17:00,42137.71,1589.2,25.46,17.64
5/13/2015 17:10,42137.72,1590.8,25.46,17.64
5/13/2015 17:20,42137.72,1592.6,25.46,17.65
5/13/2015 17:30,42137.73,1594.6,25.45,17.64
5/13/2015 17:40,42137.74,1596.8,25.47,17.65
5/13/2015 17:50,42137.74,1598.8,25.46,17.65
5/13/2015 18:00,42137.75,1600.6,25.47,17.65
5/13/2015 18:10,42137.76,1602.7,25.47,17.65
5/13/2015 18:20,42137.76,1604.3,25.46,17.65
5/13/2015 18:30,42137.77,1606.4,25.46,17.65
5/13/2015 18:40,42137.78,1607.9,25.47,17.65
5/13/2015 18:50,42137.78,1609.3,25.48,17.63
5/13/2015 19:00,42137.79,1611.1,25.49,17.64
5/13/2015 19:10,42137.80,1612.3,25.48,17.64
5/13/2015 19:20,42137.81,1613.3,25.46,17.64
5/13/2015 19:30,42137.81,1614.4,25.48,17.64
5/13/2015 19:40,42137.82,1615.4,25.48,17.63
5/13/2015 19:50,42137.83,1616.3,25.47,17.63
5/13/2015 20:00,42137.83,1616.8,25.46,17.65
5/13/2015 20:10,42137.84,1617.1,25.47,17.65
5/13/2015 20:20,42137.85,1617.8,25.48,17.64
5/13/2015 20:30,42137.85,1618.2,25.46,17.64
5/13/2015 20:40,42137.86,1618.7,25.45,17.64
5/13/2015 20:50,42137.87,1619.1,25.46,17.65
5/13/2015 21:00,42137.88,1619.4,25.45,17.64
5/13/2015 21:10,42137.88,1618.6,25.47,17.65
5/13/2015 21:20,42137.89,1618.5,25.46,17.65
5/13/2015 21:30,42137.90,1617.8,25.46,17.64
5/13/2015 21:40,42137.90,1617.5,25.45,17.64
5/13/2015 21:50,42137.91,1616.5,25.45,17.64
5/13/2015 22:00,42137.92,1615.3,25.45,17.64
5/13/2015 22:10,42137.92,1614,25.46,17.64
5/13/2015 22:20,42137.93,1612.4,25.47,17.65
5/13/2015 22:30,42137.94,1611.1,25.46,17.64
5/13/2015 22:40,42137.94,1609.6,25.47,17.65
5/13/2015 22:50,42137.95,1607.6,25.46,17.65
5/13/2015 23:00,42137.96,1605.5,25.46,17.64
5/13/2015 23:10,42137.97,1603.9,25.45,17.64
5/13/2015 23:20,42137.97,1602,25.46,17.65
5/13/2015 23:30,42137.98,1600,25.47,17.65
5/13/2015 23:40,42137.99,1598.5,25.47,17.65
5/13/2015 23:50,42137.99,1596.5,25.47,17.64
5/14/2015 0:00,42138.00,1594.8,25.48,17.64
5/14/2015 0:10,42138.01,1592.8,25.46,17.65
5/14/2015 0:20,42138.01,1590.9,25.46,17.65
5/14/2015 0:30,42138.02,1589.2,25.46,17.65
5/14/2015 0:40,42138.03,1587.4,25.47,17.63
5/14/2015 0:50,42138.03,1586,25.48,17.64
5/14/2015 1:00,42138.04,1584.3,25.46,17.65
5/14/2015 1:10,42138.05,1582.7,25.47,17.65
5/14/2015 1:20,42138.06,1581.4,25.46,17.65
5/14/2015 1:30,42138.06,1580,25.47,17.63
5/14/2015 1:40,42138.07,1578.7,25.46,17.65
5/14/2015 1:50,42138.08,1577.5,25.47,17.65
5/14/2015 2:00,42138.08,1576.1,25.48,17.64
5/14/2015 2:10,42138.09,1575.2,25.48,17.64
5/14/2015 2:20,42138.10,1574.4,25.47,17.65
5/14/2015 2:30,42138.10,1573.5,25.47,17.65
5/14/2015 2:40,42138.11,1572.9,25.46,17.65
5/14/2015 2:50,42138.12,1572.3,25.46,17.65
5/14/2015 3:00,42138.13,1571.8,25.48,17.63
5/14/2015 3:10,42138.13,1571.3,25.46,17.65
5/14/2015 3:20,42138.14,1571.3,25.45,17.64
5/14/2015 3:30,42138.15,1570.9,25.46,17.64
5/14/2015 3:40,42138.15,1570.8,25.5,17.64
5/14/2015 3:50,42138.16,1571.2,25.47,17.65
5/14/2015 4:00,42138.17,1571.8,25.46,17.65
5/14/2015 4:10,42138.17,1572.9,25.46,17.64
5/14/2015 4:20,42138.18,1573.7,25.46,17.65
5/14/2015 4:30,42138.19,1574.8,25.47,17.65
5/14/2015 4:40,42138.19,1576.1,25.46,17.64
5/14/2015 4:50,42138.20,1577.3,25.46,17.65
5/14/2015 5:00,42138.21,1579.4,25.48,17.64
5/14/2015 5:10,42138.22,1580.8,25.47,17.63
5/14/2015 5:20,42138.22,1582.7,25.47,17.65
5/14/2015 5:30,42138.23,1584.8,25.48,17.64
5/14/2015 5:40,42138.24,1586.4,25.49,17.64
5/14/2015 5:50,42138.24,1588.3,25.46,17.65
5/14/2015 6:00,42138.25,1590.2,25.46,17.64
5/14/2015 6:10,42138.26,1592.4,25.47,17.65
5/14/2015 6:20,42138.26,1594.2,25.46,17.65
5/14/2015 6:30,42138.27,1596.5,25.48,17.64
5/14/2015 6:40,42138.28,1598.6,25.47,17.63
5/14/2015 6:50,42138.28,1600.6,25.46,17.64
5/14/2015 7:00,42138.29,1602.8,25.47,17.65
5/14/2015 7:10,42138.30,1605,25.46,17.65
5/14/2015 7:20,42138.31,1606.8,25.48,17.64
5/14/2015 7:30,42138.31,1608.4,25.47,17.65
5/14/2015 7:40,42138.32,1610.1,25.47,17.65
5/14/2015 7:50,42138.33,1611.6,25.49,17.64
5/14/2015 8:00,42138.33,1613.1,25.47,17.65
5/14/2015 8:10,42138.34,1614.4,25.47,17.65
5/14/2015 8:20,42138.35,1615.7,25.47,17.65
5/14/2015 8:30,42138.35,1616.4,25.47,17.65
5/14/2015 8:40,42138.36,1617.4,25.47,17.65
5/14/2015 8:50,42138.37,1618.2,25.45,17.64
5/14/2015 9:00,42138.38,1618.7,25.48,17.63
5/14/2015 9:10,42138.38,1618.9,25.49,17.64
5/14/2015 9:20,42138.39,1619.4,25.48,17.64
5/14/2015 9:30,42138.40,1619.4,25.46,17.64
5/14/2015 9:40,42138.40,1619.8,25.46,17.64
5/14/2015 9:50,42138.41,1619.5,25.47,17.65
5/14/2015 10:00,42138.42,1619.6,25.46,17.65
5/14/2015 10:10,42138.42,1619.4,25.46,17.65
5/14/2015 10:20,42138.43,1618.7,25.47,17.63
5/14/2015 10:30,42138.44,1618.5,25.48,17.64
5/14/2015 10:40,42138.44,1617.6,25.48,17.64
5/14/2015 10:50,42138.45,1616.5,25.48,17.64
5/14/2015 11:00,42138.46,1614.9,25.46,17.65
5/14/2015 11:10,42138.47,1613.5,25.46,17.65
5/14/2015 11:20,42138.47,1611.9,25.47,17.65
5/14/2015 11:30,42138.48,1610,25.47,17.64
5/14/2015 11:40,42138.49,1608,25.46,17.65
5/14/2015 11:50,42138.49,1606,25.46,17.64
5/14/2015 12:00,42138.50,1604.1,25.45,17.64
5/14/2015 12:10,42138.51,1602.3,25.48,17.64
5/14/2015 12:20,42138.51,1600.1,25.45,17.64
5/14/2015 12:30,42138.52,1598.2,25.45,17.64
5/14/2015 12:40,42138.53,1596.3,25.48,17.64
5/14/2015 12:50,42138.53,1594.3,25.47,17.65
5/14/2015 13:00,42138.54,1592.4,25.47,17.65
5/14/2015 13:10,42138.55,1590.6,25.47,17.65
5/14/2015 13:20,42138.56,1588.8,25.45,17.64
5/14/2015 13:30,42138.56,1587.3,25.45,17.64
5/14/2015 13:40,42138.57,1585.9,25.46,17.65
5/14/2015 13:50,42138.58,1584.2,25.47,17.65
5/14/2015 14:00,42138.58,1582.5,25.47,17.65
5/14/2015 14:10,42138.59,1581.5,25.48,17.64
5/14/2015 14:20,42138.60,1580,25.45,17.64
5/14/2015 14:30,42138.60,1578.7,25.46,17.65
5/14/2015 14:40,42138.61,1577.7,25.45,17.64
5/14/2015 14:50,42138.62,1576.9,25.47,17.65
5/14/2015 15:00,42138.63,1575.6,25.45,17.64
5/14/2015 15:10,42138.63,1574.8,25.45,17.64
5/14/2015 15:20,42138.64,1574.3,25.46,17.65
5/14/2015 15:30,42138.65,1573.4,25.46,17.64
5/14/2015 15:40,42138.65,1572.9,25.46,17.65
5/14/2015 15:50,42138.66,1572.5,25.46,17.64
5/14/2015 16:00,42138.67,1572.2,25.46,17.65
5/14/2015 16:10,42138.67,1572,25.46,17.65
5/14/2015 16:20,42138.68,1572.2,25.46,17.65
5/14/2015 16:30,42138.69,1572.7,25.46,17.65
5/14/2015 16:40,42138.69,1573.4,25.47,17.64
5/14/2015 16:50,42138.70,1574.4,25.47,17.63
5/14/2015 17:00,42138.71,1575.6,25.49,17.64
5/14/2015 17:10,42138.72,1576.8,25.46,17.65
5/14/2015 17:20,42138.72,1578.2,25.46,17.65
5/14/2015 17:30,42138.73,1579.9,25.48,17.64
5/14/2015 17:40,42138.74,1581.7,25.48,17.63
5/14/2015 17:50,42138.74,1583.2,25.47,17.65
5/14/2015 18:00,42138.75,1585.3,25.47,17.65
5/14/2015 18:10,42138.76,1587.3,25.47,17.63
5/14/2015 18:20,42138.76,1589.4,25.48,17.64
5/14/2015 18:30,42138.77,1591,25.47,17.65
5/14/2015 18:40,42138.78,1593.3,25.47,17.63
5/14/2015 18:50,42138.78,1596,25.46,17.65
5/14/2015 19:00,42138.79,1598.1,25.46,17.64
5/14/2015 19:10,42138.80,1600.3,25.46,17.65
5/14/2015 19:20,42138.81,1602.7,25.49,17.64
5/14/2015 19:30,42138.81,1604.8,25.47,17.63
5/14/2015 19:40,42138.82,1606.6,25.46,17.65
5/14/2015 19:50,42138.83,1608.8,25.46,17.64
5/14/2015 20:00,42138.83,1610.5,25.46,17.65
5/14/2015 20:10,42138.84,1611.9,25.48,17.63
5/14/2015 20:20,42138.85,1613.3,25.46,17.65
5/14/2015 20:30,42138.85,1614.7,25.47,17.63
5/14/2015 20:40,42138.86,1616.1,25.48,17.64
5/14/2015 20:50,42138.87,1617,25.46,17.65
5/14/2015 21:00,42138.88,1617.8,25.46,17.65
5/14/2015 21:10,42138.88,1618.7,25.49,17.64
5/14/2015 21:20,42138.89,1619.1,25.49,17.64
5/14/2015 21:30,42138.90,1619.5,25.47,17.65
5/14/2015 21:40,42138.90,1619.9,25.47,17.64
5/14/2015 21:50,42138.91,1620.1,25.47,17.63
5/14/2015 22:00,42138.92,1620,25.47,17.65
5/14/2015 22:10,42138.92,1620.3,25.48,17.63
5/14/2015 22:20,42138.93,1620,25.47,17.65
5/14/2015 22:30,42138.94,1619.9,25.47,17.65
5/14/2015 22:40,42138.94,1619.4,25.46,17.65
5/14/2015 22:50,42138.95,1618.5,25.46,17.65
5/14/2015 23:00,42138.96,1618,25.46,17.65
5/14/2015 23:10,42138.97,1617.1,25.47,17.63
5/14/2015 23:20,42138.97,1616,25.46,17.65
5/14/2015 23:30,42138.98,1614.1,25.47,17.65
5/14/2015 23:40,42138.99,1612.6,25.45,17.64
5/14/2015 23:50,42138.99,1610.9,25.45,17.64
5/15/2015 0:00,42139.00,1609,25.46,17.64
5/15/2015 0:10,42139.01,1606.9,25.46,17.65
5/15/2015 0:20,42139.01,1604.8,25.46,17.65
5/15/2015 0:30,42139.02,1602.5,25.46,17.64
5/15/2015 0:40,42139.03,1600.1,25.45,17.64
5/15/2015 0:50,42139.03,1598.2,25.46,17.64
5/15/2015 1:00,42139.04,1596.2,25.47,17.65
5/15/2015 1:10,42139.05,1594.2,25.45,17.64
5/15/2015 1:20,42139.06,1592.3,25.46,17.65
5/15/2015 1:30,42139.06,1590.1,25.46,17.64
5/15/2015 1:40,42139.07,1588.1,25.46,17.65
5/15/2015 1:50,42139.08,1586.6,25.46,17.65
5/15/2015 2:00,42139.08,1584.6,25.46,17.64
5/15/2015 2:10,42139.09,1582.9,25.46,17.65
5/15/2015 2:20,42139.10,1581.4,25.46,17.65
5/15/2015 2:30,42139.10,1579.8,25.47,17.63
5/15/2015 2:40,42139.11,1578.5,25.47,17.65
5/15/2015 2:50,42139.12,1577.3,25.45,17.64
5/15/2015 3:00,42139.13,1575.9,25.46,17.65
5/15/2015 3:10,42139.13,1574.8,25.46,17.64
5/15/2015 3:20,42139.14,1573.6,25.46,17.65
5/15/2015 3:30,42139.15,1572.5,25.46,17.65
5/15/2015 3:40,42139.15,1571.6,25.45,17.64
5/15/2015 3:50,42139.16,1570.4,25.46,17.65
5/15/2015 4:00,42139.17,1570.1,25.46,17.64
5/15/2015 4:10,42139.17,1569.5,25.46,17.65
5/15/2015 4:20,42139.18,1569,25.46,17.64
5/15/2015 4:30,42139.19,1568.5,25.46,17.65
5/15/2015 4:40,42139.19,1568.5,25.46,17.65
5/15/2015 4:50,42139.20,1568.7,25.44,17.64
5/15/2015 5:00,42139.21,1568.8,25.46,17.65
5/15/2015 5:10,42139.22,1569.9,25.46,17.65
5/15/2015 5:20,42139.22,1570.9,25.47,17.65
5/15/2015 5:30,42139.23,1572,25.46,17.65
5/15/2015 5:40,42139.24,1573.2,25.47,17.63
5/15/2015 5:50,42139.24,1574.8,25.46,17.65
5/15/2015 6:00,42139.25,1576.8,25.46,17.65
5/15/2015 6:10,42139.26,1578.6,25.47,17.63
5/15/2015 6:20,42139.26,1580.6,25.48,17.64
5/15/2015 6:30,42139.27,1582.9,25.47,17.63
5/15/2015 6:40,42139.28,1585.3,25.47,17.64
5/15/2015 6:50,42139.28,1587.6,25.47,17.65
5/15/2015 7:00,42139.29,1590,25.47,17.65
5/15/2015 7:10,42139.30,1592.1,25.46,17.65
5/15/2015 7:20,42139.31,1594.6,25.47,17.64
5/15/2015 7:30,42139.31,1596.9,25.47,17.65
5/15/2015 7:40,42139.32,1599.7,25.47,17.65
5/15/2015 7:50,42139.33,1602.4,25.48,17.64
5/15/2015 8:00,42139.33,1605,25.48,17.64
5/15/2015 8:10,42139.34,1607.5,25.48,17.64
5/15/2015 8:20,42139.35,1609.6,25.47,17.65
5/15/2015 8:30,42139.35,1611.6,25.46,17.65
5/15/2015 8:40,42139.36,1613.7,25.47,17.65
5/15/2015 8:50,42139.37,1615.5,25.47,17.65
5/15/2015 9:00,42139.38,1616.9,25.47,17.65
5/15/2015 9:10,42139.38,1618.6,25.47,17.65
5/15/2015 9:20,42139.39,1619.6,25.47,17.64
5/15/2015 9:30,42139.40,1620.6,25.46,17.65
5/15/2015 9:40,42139.40,1621.5,25.46,17.64
5/15/2015 9:50,42139.41,1622,25.45,17.64
5/15/2015 10:00,42139.42,1622.4,25.47,17.63
5/15/2015 10:10,42139.42,1623.1,25.46,17.64
5/15/2015 10:20,42139.43,1623.3,25.48,17.64
5/15/2015 10:30,42139.44,1623.4,25.46,17.65
5/15/2015 10:40,42139.44,1623.8,25.47,17.65
5/15/2015 10:50,42139.45,1623.4,25.46,17.65
5/15/2015 11:00,42139.46,1623.3,25.47,17.65
5/15/2015 11:10,42139.47,1623.3,25.45,17.64
5/15/2015 11:20,42139.47,1623.1,25.45,17.64
5/15/2015 11:30,42139.48,1622.4,25.47,17.63
5/15/2015 11:40,42139.49,1621.9,25.45,17.64
5/15/2015 11:50,42139.49,1621.2,25.46,17.65
5/15/2015 12:00,42139.50,1619.9,25.47,17.65
5/15/2015 12:10,42139.51,1618.4,25.48,17.64
5/15/2015 12:20,42139.51,1616.8,25.48,17.64
5/15/2015 12:30,42139.52,1615.1,25.46,17.65
5/15/2015 12:40,42139.53,1612.8,25.47,17.65
5/15/2015 12:50,42139.53,1611.2,25.47,17.65
5/15/2015 13:00,42139.54,1608.6,25.45,17.64
5/15/2015 13:10,42139.55,1606.6,25.45,17.64
5/15/2015 13:20,42139.56,1604.1,25.47,17.65
5/15/2015 13:30,42139.56,1601.7,25.46,17.64
5/15/2015 13:40,42139.57,1599.3,25.46,17.65
5/15/2015 13:50,42139.58,1596.7,25.46,17.65
5/15/2015 14:00,42139.58,1594.4,25.46,17.65
5/15/2015 14:10,42139.59,1591.8,25.46,17.65
5/15/2015 14:20,42139.60,1589.9,25.46,17.65
5/15/2015 14:30,42139.60,1587.6,25.46,17.65
5/15/2015 14:40,42139.61,1585.9,25.46,17.65
5/15/2015 14:50,42139.62,1583.7,25.47,17.65
5/15/2015 15:00,42139.63,1582,25.47,17.65
5/15/2015 15:10,42139.63,1580.4,25.47,17.65
5/15/2015 15:20,42139.64,1578.4,25.48,17.64
5/15/2015 15:30,42139.65,1576.6,25.46,17.64
5/15/2015 15:40,42139.65,1575.2,25.46,17.65
5/15/2015 15:50,42139.66,1574.3,25.46,17.65
5/15/2015 16:00,42139.67,1573.2,25.46,17.65
5/15/2015 16:10,42139.67,1571.9,25.47,17.65
5/15/2015 16:20,42139.68,1570.4,25.45,17.64
5/15/2015 16:30,42139.69,1569.9,25.46,17.65
5/15/2015 16:40,42139.69,1569.5,25.45,17.64
5/15/2015 16:50,42139.70,1568.7,25.45,17.64
5/15/2015 17:00,42139.71,1568,25.45,17.64
5/15/2015 17:10,42139.72,1567.8,25.45,17.64
5/15/2015 17:20,42139.72,1568,25.46,17.65
5/15/2015 17:30,42139.73,1568,25.46,17.65
5/15/2015 17:40,42139.74,1568.3,25.46,17.65
5/15/2015 17:50,42139.74,1569.5,25.46,17.64
5/15/2015 18:00,42139.75,1570.8,25.46,17.65
5/15/2015 18:10,42139.76,1572.2,25.46,17.65
5/15/2015 18:20,42139.76,1573.6,25.46,17.65
5/15/2015 18:30,42139.77,1575.2,25.46,17.64
5/15/2015 18:40,42139.78,1577.7,25.45,17.64
5/15/2015 18:50,42139.78,1579.8,25.45,17.64
5/15/2015 19:00,42139.79,1582.2,25.46,17.65
5/15/2015 19:10,42139.80,1584.5,25.46,17.64
5/15/2015 19:20,42139.81,1587.1,25.45,17.64
5/15/2015 19:30,42139.81,1589.3,25.47,17.65
5/15/2015 19:40,42139.82,1591.9,25.47,17.63
5/15/2015 19:50,42139.83,1594.6,25.46,17.65
5/15/2015 20:00,42139.83,1597.3,25.47,17.65
5/15/2015 20:10,42139.84,1600,25.47,17.65
5/15/2015 20:20,42139.85,1603,25.47,17.65
5/15/2015 20:30,42139.85,1605.2,25.48,17.64
5/15/2015 20:40,42139.86,1608,25.47,17.65
5/15/2015 20:50,42139.87,1610.7,25.47,17.65
5/15/2015 21:00,42139.88,1612.5,25.47,17.63
5/15/2015 21:10,42139.88,1614.6,25.48,17.64
5/15/2015 21:20,42139.89,1615.6,25.49,17.64
5/15/2015 21:30,42139.90,1617.5,25.48,17.64
5/15/2015 21:40,42139.90,1619.4,25.49,17.64
5/15/2015 21:50,42139.91,1620.6,25.46,17.65
5/15/2015 22:00,42139.92,1621.2,25.46,17.64
5/15/2015 22:10,42139.92,1621.9,25.47,17.65
5/15/2015 22:20,42139.93,1622.6,25.48,17.64
5/15/2015 22:30,42139.94,1622.9,25.48,17.63
5/15/2015 22:40,42139.94,1623.3,25.47,17.65
5/15/2015 22:50,42139.95,1623.3,25.46,17.65
5/15/2015 23:00,42139.96,1624.1,25.46,17.65
5/15/2015 23:10,42139.97,1624,25.45,17.64
5/15/2015 23:20,42139.97,1624,25.46,17.65
5/15/2015 23:30,42139.98,1623.7,25.47,17.65
5/15/2015 23:40,42139.99,1623.3,25.48,17.64
5/15/2015 23:50,42139.99,1622.9,25.46,17.65
5/16/2015 0:00,42140.00,1621.9,25.46,17.65
5/16/2015 0:10,42140.01,1620.6,25.46,17.65
5/16/2015 0:20,42140.01,1619.1,25.45,17.64
5/16/2015 0:30,42140.02,1617.1,25.46,17.64
5/16/2015 0:40,42140.03,1615.1,25.47,17.64
5/16/2015 0:50,42140.03,1613.3,25.46,17.65
5/16/2015 1:00,42140.04,1611.1,25.46,17.64
5/16/2015 1:10,42140.05,1609,25.46,17.65
5/16/2015 1:20,42140.06,1606.6,25.45,17.64
5/16/2015 1:30,42140.06,1604.1,25.45,17.64
5/16/2015 1:40,42140.07,1601.8,25.48,17.64
5/16/2015 1:50,42140.08,1599.1,25.45,17.65
5/16/2015 2:00,42140.08,1596.7,25.48,17.64
5/16/2015 2:10,42140.09,1594,25.48,17.64
5/16/2015 2:20,42140.10,1591.8,25.46,17.65
5/16/2015 2:30,42140.10,1589.4,25.46,17.64
5/16/2015 2:40,42140.11,1587.1,25.45,17.64
5/16/2015 2:50,42140.12,1584.8,25.46,17.65
5/16/2015 3:00,42140.13,1582.9,25.46,17.64
5/16/2015 3:10,42140.13,1581.2,25.46,17.65
5/16/2015 3:20,42140.14,1579.3,25.46,17.65
5/16/2015 3:30,42140.15,1577.3,25.45,17.64
5/16/2015 3:40,42140.15,1575.8,25.44,17.64
5/16/2015 3:50,42140.16,1574.6,25.45,17.64
5/16/2015 4:00,42140.17,1573,25.47,17.65
5/16/2015 4:10,42140.17,1571.8,25.46,17.65
5/16/2015 4:20,42140.18,1570.4,25.45,17.65
5/16/2015 4:30,42140.19,1569,25.46,17.65
5/16/2015 4:40,42140.19,1568,25.45,17.64
5/16/2015 4:50,42140.20,1567.1,25.46,17.65
5/16/2015 5:00,42140.21,1566.3,25.46,17.65
5/16/2015 5:10,42140.22,1565.9,25.47,17.65
5/16/2015 5:20,42140.22,1564.9,25.48,17.64
5/16/2015 5:30,42140.23,1564.6,25.47,17.65
5/16/2015 5:40,42140.24,1564.5,25.45,17.64
5/16/2015 5:50,42140.24,1565,25.45,17.64
5/16/2015 6:00,42140.25,1565.7,25.45,17.64
5/16/2015 6:10,42140.26,1566.7,25.46,17.65
5/16/2015 6:20,42140.26,1568,25.48,17.64
5/16/2015 6:30,42140.27,1569.5,25.47,17.65
5/16/2015 6:40,42140.28,1571.1,25.46,17.65
5/16/2015 6:50,42140.28,1573,25.49,17.64
5/16/2015 7:00,42140.29,1575.4,25.47,17.63
5/16/2015 7:10,42140.30,1577.5,25.47,17.65
5/16/2015 7:20,42140.31,1580.1,25.46,17.64
5/16/2015 7:30,42140.31,1582.7,25.47,17.65
5/16/2015 7:40,42140.32,1585.6,25.47,17.65
5/16/2015 7:50,42140.33,1588.5,25.46,17.65
5/16/2015 8:00,42140.33,1591.5,25.46,17.65
5/16/2015 8:10,42140.34,1594.4,25.46,17.65
5/16/2015 8:20,42140.35,1597.5,25.47,17.65
5/16/2015 8:30,42140.35,1600.3,25.46,17.65
5/16/2015 8:40,42140.36,1603,25.47,17.65
5/16/2015 8:50,42140.37,1606,25.46,17.65
5/16/2015 9:00,42140.38,1609.1,25.48,17.64
5/16/2015 9:10,42140.38,1611.8,25.46,17.65
5/16/2015 9:20,42140.39,1614.4,25.47,17.65
5/16/2015 9:30,42140.40,1616.7,25.48,17.64
5/16/2015 9:40,42140.40,1618.5,25.47,17.65
5/16/2015 9:50,42140.41,1620.5,25.46,17.65
5/16/2015 10:00,42140.42,1621.5,25.46,17.64
5/16/2015 10:10,42140.42,1622.4,25.47,17.65
5/16/2015 10:20,42140.43,1623.5,25.47,17.65
5/16/2015 10:30,42140.44,1624,25.46,17.65
5/16/2015 10:40,42140.44,1624.7,25.46,17.65
5/16/2015 10:50,42140.45,1625.3,25.45,17.64
5/16/2015 11:00,42140.46,1625.8,25.47,17.63
5/16/2015 11:10,42140.47,1626.3,25.48,17.64
5/16/2015 11:20,42140.47,1627,25.47,17.63
5/16/2015 11:30,42140.48,1627.3,25.47,17.65
5/16/2015 11:40,42140.49,1627.2,25.47,17.65
5/16/2015 11:50,42140.49,1627,25.48,17.64
5/16/2015 12:00,42140.50,1626.5,25.47,17.63
5/16/2015 12:10,42140.51,1626.3,25.47,17.65
5/16/2015 12:20,42140.51,1625.5,25.46,17.65
5/16/2015 12:30,42140.52,1624.5,25.48,17.64
5/16/2015 12:40,42140.53,1624,25.47,17.65
5/16/2015 12:50,42140.53,1622.3,25.47,17.65
5/16/2015 13:00,42140.54,1620.9,25.47,17.65
5/16/2015 13:10,42140.55,1619.3,25.47,17.65
5/16/2015 13:20,42140.56,1617.3,25.46,17.65
5/16/2015 13:30,42140.56,1615.3,25.46,17.65
5/16/2015 13:40,42140.57,1613.3,25.48,17.64
5/16/2015 13:50,42140.58,1611.2,25.45,17.64
5/16/2015 14:00,42140.58,1608.7,25.47,17.65
5/16/2015 14:10,42140.59,1606.7,25.46,17.65
5/16/2015 14:20,42140.60,1603.9,25.48,17.64
5/16/2015 14:30,42140.60,1601.4,25.47,17.65
5/16/2015 14:40,42140.61,1598.9,25.46,17.65
5/16/2015 14:50,42140.62,1596.3,25.46,17.65
5/16/2015 15:00,42140.63,1593.3,25.46,17.65
5/16/2015 15:10,42140.63,1590.9,25.45,17.64
5/16/2015 15:20,42140.64,1588.4,25.47,17.65
5/16/2015 15:30,42140.65,1585.7,25.48,17.64
5/16/2015 15:40,42140.65,1583.3,25.46,17.65
5/16/2015 15:50,42140.66,1581.5,25.46,17.65
5/16/2015 16:00,42140.67,1579.6,25.46,17.65
5/16/2015 16:10,42140.67,1577.5,25.46,17.65
5/16/2015 16:20,42140.68,1575.6,25.45,17.64
5/16/2015 16:30,42140.69,1574.4,25.46,17.65
5/16/2015 16:40,42140.69,1573,25.47,17.65
5/16/2015 16:50,42140.70,1571.3,25.46,17.65
5/16/2015 17:00,42140.71,1570.4,25.46,17.65
5/16/2015 17:10,42140.72,1569.5,25.45,17.64
5/16/2015 17:20,42140.72,1568.3,25.5,17.64
5/16/2015 17:30,42140.73,1567.4,25.46,17.65
5/16/2015 17:40,42140.74,1566.2,25.47,17.65
5/16/2015 17:50,42140.74,1565.6,25.46,17.65
5/16/2015 18:00,42140.75,1565.3,25.47,17.65
5/16/2015 18:10,42140.76,1565.4,25.45,17.64
5/16/2015 18:20,42140.76,1565.4,25.46,17.65
5/16/2015 18:30,42140.77,1565.7,25.46,17.65
5/16/2015 18:40,42140.78,1566.7,25.47,17.65
5/16/2015 18:50,42140.78,1568,25.46,17.64
5/16/2015 19:00,42140.79,1569.5,25.47,17.65
5/16/2015 19:10,42140.80,1571.5,25.46,17.65
5/16/2015 19:20,42140.81,1573.6,25.46,17.65
5/16/2015 19:30,42140.81,1575.7,25.47,17.65
5/16/2015 19:40,42140.82,1578.5,25.47,17.65
5/16/2015 19:50,42140.83,1581,25.47,17.64
5/16/2015 20:00,42140.83,1583.6,25.48,17.64
5/16/2015 20:10,42140.84,1586.4,25.48,17.64
5/16/2015 20:20,42140.85,1589,25.46,17.65
5/16/2015 20:30,42140.85,1591.7,25.48,17.64
5/16/2015 20:40,42140.86,1594.4,25.46,17.65
5/16/2015 20:50,42140.87,1596.8,25.46,17.65
5/16/2015 21:00,42140.88,1599.3,25.45,17.64
5/16/2015 21:10,42140.88,1602.4,25.46,17.65
5/16/2015 21:20,42140.89,1605.7,25.48,17.63
5/16/2015 21:30,42140.90,1608.6,25.47,17.65
5/16/2015 21:40,42140.90,1610.7,25.48,17.64
5/16/2015 21:50,42140.91,1613.5,25.46,17.65
5/16/2015 22:00,42140.92,1615.6,25.46,17.65
5/16/2015 22:10,42140.92,1617.3,25.45,17.64
5/16/2015 22:20,42140.93,1618.5,25.46,17.64
5/16/2015 22:30,42140.94,1619.9,25.45,17.64
5/16/2015 22:40,42140.94,1620.7,25.47,17.65
5/16/2015 22:50,42140.95,1622,25.46,17.65
5/16/2015 23:00,42140.96,1622.4,25.46,17.65
5/16/2015 23:10,42140.97,1622.7,25.46,17.65
5/16/2015 23:20,42140.97,1623.6,25.46,17.65
5/16/2015 23:30,42140.98,1623.8,25.47,17.65
5/16/2015 23:40,42140.99,1624,25.48,17.64
5/16/2015 23:50,42140.99,1624.3,25.46,17.65
5/17/2015 0:00,42141.00,1624.5,25.46,17.65
5/17/2015 0:10,42141.01,1624.3,25.48,17.64
5/17/2015 0:20,42141.01,1624,25.47,17.65
5/17/2015 0:30,42141.02,1623.7,25.47,17.65
5/17/2015 0:40,42141.03,1623.1,25.46,17.65
5/17/2015 0:50,42141.03,1622.2,25.46,17.65
5/17/2015 1:00,42141.04,1621.2,25.47,17.65
5/17/2015 1:10,42141.05,1619.9,25.46,17.65
5/17/2015 1:20,42141.06,1618.4,25.46,17.65
5/17/2015 1:30,42141.06,1616.7,25.45,17.64
5/17/2015 1:40,42141.07,1614.7,25.45,17.64
5/17/2015 1:50,42141.08,1613.5,25.45,17.64
5/17/2015 2:00,42141.08,1611.4,25.45,17.64
5/17/2015 2:10,42141.09,1609.1,25.47,17.64
5/17/2015 2:20,42141.10,1606.9,25.46,17.65
5/17/2015 2:30,42141.10,1604.1,25.47,17.65
5/17/2015 2:40,42141.11,1601.3,25.45,17.65
5/17/2015 2:50,42141.12,1598.3,25.47,17.65
5/17/2015 3:00,42141.13,1595.4,25.47,17.65
5/17/2015 3:10,42141.13,1592.5,25.48,17.64
5/17/2015 3:20,42141.14,1589.7,25.46,17.65
5/17/2015 3:30,42141.15,1587.1,25.46,17.65
5/17/2015 3:40,42141.15,1584.8,25.46,17.64
5/17/2015 3:50,42141.16,1582.6,25.46,17.65
5/17/2015 4:00,42141.17,1580.3,25.45,17.65
5/17/2015 4:10,42141.17,1578,25.46,17.65
5/17/2015 4:20,42141.18,1576.1,25.46,17.65
5/17/2015 4:30,42141.19,1574.4,25.45,17.64
5/17/2015 4:40,42141.19,1572.6,25.47,17.65
5/17/2015 4:50,42141.20,1571.1,25.46,17.65
5/17/2015 5:00,42141.21,1569.5,25.46,17.65
5/17/2015 5:10,42141.22,1568.2,25.47,17.65
5/17/2015 5:20,42141.22,1566.7,25.45,17.64
5/17/2015 5:30,42141.23,1565.7,25.44,17.64
5/17/2015 5:40,42141.24,1564.5,25.46,17.65
5/17/2015 5:50,42141.24,1563.6,25.46,17.65
5/17/2015 6:00,42141.25,1562.8,25.46,17.65
5/17/2015 6:10,42141.26,1562.4,25.46,17.64
5/17/2015 6:20,42141.26,1562.1,25.46,17.65
5/17/2015 6:30,42141.27,1561.9,25.46,17.65
5/17/2015 6:40,42141.28,1562.1,25.47,17.63
5/17/2015 6:50,42141.28,1562.6,25.46,17.65
5/17/2015 7:00,42141.29,1563.6,25.46,17.64
5/17/2015 7:10,42141.30,1565.2,25.47,17.65
5/17/2015 7:20,42141.31,1566.7,25.45,17.64
5/17/2015 7:30,42141.31,1568.8,25.46,17.64
5/17/2015 7:40,42141.32,1570.8,25.46,17.64
5/17/2015 7:50,42141.33,1573.2,25.48,17.63
5/17/2015 8:00,42141.33,1575.9,25.46,17.65
5/17/2015 8:10,42141.34,1578.9,25.48,17.63
5/17/2015 8:20,42141.35,1582.2,25.47,17.63
5/17/2015 8:30,42141.35,1585.7,25.47,17.63
5/17/2015 8:40,42141.36,1589,25.46,17.64
5/17/2015 8:50,42141.37,1592.5,25.46,17.65
5/17/2015 9:00,42141.38,1595.6,25.45,17.64
5/17/2015 9:10,42141.38,1598.9,25.46,17.65
5/17/2015 9:20,42141.39,1602.1,25.47,17.65
5/17/2015 9:30,42141.40,1605.3,25.45,17.64
5/17/2015 9:40,42141.40,1608.8,25.46,17.65
5/17/2015 9:50,42141.41,1612.1,25.45,17.64
5/17/2015 10:00,42141.42,1615.3,25.46,17.64
5/17/2015 10:10,42141.42,1617.7,25.46,17.64
5/17/2015 10:20,42141.43,1619.5,25.47,17.65
5/17/2015 10:30,42141.44,1621.6,25.47,17.65
5/17/2015 10:40,42141.44,1623.1,25.47,17.65
5/17/2015 10:50,42141.45,1624.7,25.47,17.65
5/17/2015 11:00,42141.46,1626.2,25.48,17.64
5/17/2015 11:10,42141.47,1627,25.46,17.65
5/17/2015 11:20,42141.47,1628.6,25.45,17.64
5/17/2015 11:30,42141.48,1629.8,25.46,17.65
5/17/2015 11:40,42141.49,1631.1,25.47,17.65
5/17/2015 11:50,42141.49,1632.6,25.45,17.64
5/17/2015 12:00,42141.50,1633.8,25.47,17.65
5/17/2015 12:10,42141.51,1634.3,25.48,17.64
5/17/2015 12:20,42141.51,1634.6,25.47,17.65
5/17/2015 12:30,42141.52,1634.5,25.46,17.65
5/17/2015 12:40,42141.53,1634.3,25.47,17.63
5/17/2015 12:50,42141.53,1634.3,25.47,17.65
5/17/2015 13:00,42141.54,1633.3,25.46,17.65
5/17/2015 13:10,42141.55,1631.9,25.46,17.64
5/17/2015 13:20,42141.56,1630.4,25.46,17.64
5/17/2015 13:30,42141.56,1627.9,25.46,17.64
5/17/2015 13:40,42141.57,1625.6,25.46,17.65
5/17/2015 13:50,42141.58,1623.5,25.47,17.65
5/17/2015 14:00,42141.58,1620.6,25.47,17.63
5/17/2015 14:10,42141.59,1618.6,25.47,17.65
5/17/2015 14:20,42141.60,1616.8,25.47,17.63
5/17/2015 14:30,42141.60,1615,25.47,17.65
5/17/2015 14:40,42141.61,1613.3,25.46,17.65
5/17/2015 14:50,42141.62,1612.5,25.46,17.65
5/17/2015 15:00,42141.63,1611.8,25.46,17.65
5/17/2015 15:10,42141.63,1609.7,25.46,17.65
5/17/2015 15:20,42141.64,1606.1,25.47,17.65
5/17/2015 15:30,42141.65,1603.9,25.46,17.65
5/17/2015 15:40,42141.65,1601.4,25.47,17.65
5/17/2015 15:50,42141.66,1598.4,25.48,17.64
5/17/2015 16:00,42141.67,1595.4,25.45,17.64
5/17/2015 16:10,42141.67,1592.8,25.45,17.64
5/17/2015 16:20,42141.68,1590.4,25.45,17.64
5/17/2015 16:30,42141.69,1587.1,25.46,17.65
5/17/2015 16:40,42141.69,1585,25.48,17.64
5/17/2015 16:50,42141.70,1582.2,25.45,17.64
5/17/2015 17:00,42141.71,1580,25.45,17.64
5/17/2015 17:10,42141.72,1577.9,25.45,17.64
5/17/2015 17:20,42141.72,1575.9,25.46,17.64
5/17/2015 17:30,42141.73,1574,25.47,17.65
5/17/2015 17:40,42141.74,1572.2,25.45,17.64
5/17/2015 17:50,42141.74,1571.1,25.45,17.64
5/17/2015 18:00,42141.75,1569.9,25.46,17.64
5/17/2015 18:10,42141.76,1568.7,25.44,17.64
5/17/2015 18:20,42141.76,1567.8,25.46,17.65
5/17/2015 18:30,42141.77,1566.8,25.47,17.65
5/17/2015 18:40,42141.78,1565.9,25.45,17.64
5/17/2015 18:50,42141.78,1565.2,25.46,17.65
5/17/2015 19:00,42141.79,1564.7,25.45,17.64
5/17/2015 19:10,42141.80,1564.9,25.44,17.64
5/17/2015 19:20,42141.81,1565.4,25.45,17.64
5/17/2015 19:30,42141.81,1566.3,25.46,17.64
5/17/2015 19:40,42141.82,1567.6,25.46,17.64
5/17/2015 19:50,42141.83,1569.1,25.47,17.65
5/17/2015 20:00,42141.83,1570.8,25.47,17.63
5/17/2015 20:10,42141.84,1573.3,25.47,17.65
5/17/2015 20:20,42141.85,1575.5,25.47,17.65
5/17/2015 20:30,42141.85,1578,25.46,17.65
5/17/2015 20:40,42141.86,1580.7,25.48,17.64
5/17/2015 20:50,42141.87,1583.8,25.49,17.64
5/17/2015 21:00,42141.88,1586.7,25.46,17.64
5/17/2015 21:10,42141.88,1589.4,25.46,17.65
5/17/2015 21:20,42141.89,1592.3,25.46,17.64
5/17/2015 21:30,42141.90,1595.6,25.47,17.63
5/17/2015 21:40,42141.90,1598.6,25.46,17.64
5/17/2015 21:50,42141.91,1601.1,25.46,17.65
5/17/2015 22:00,42141.92,1603.9,25.46,17.65
5/17/2015 22:10,42141.92,1607.1,25.46,17.64
5/17/2015 22:20,42141.93,1609.8,25.45,17.64
5/17/2015 22:30,42141.94,1612.6,25.45,17.64
5/17/2015 22:40,42141.94,1615.1,25.47,17.65
5/17/2015 22:50,42141.95,1617.3,25.47,17.63
5/17/2015 23:00,42141.96,1618.7,25.48,17.63
5/17/2015 23:10,42141.97,1619.9,25.47,17.63
5/17/2015 23:20,42141.97,1621.2,25.48,17.64
5/17/2015 23:30,42141.98,1621.7,25.47,17.63
5/17/2015 23:40,42141.99,1622.7,25.48,17.64
5/17/2015 23:50,42141.99,1623.3,25.48,17.64
5/18/2015 0:00,42142.00,1623.6,25.49,17.64
5/18/2015 0:10,42142.01,1624.4,25.47,17.65
5/18/2015 0:20,42142.01,1624.7,25.47,17.65
5/18/2015 0:30,42142.02,1625.3,25.46,17.65
5/18/2015 0:40,42142.03,1625.5,25.47,17.63
5/18/2015 0:50,42142.03,1626,25.46,17.64
5/18/2015 1:00,42142.04,1625.8,25.47,17.65
5/18/2015 1:10,42142.05,1625,25.46,17.64
5/18/2015 1:20,42142.06,1624.7,25.46,17.65
5/18/2015 1:30,42142.06,1623.8,25.45,17.64
5/18/2015 1:40,42142.07,1623.1,25.46,17.65
5/18/2015 1:50,42142.08,1621.7,25.46,17.65
5/18/2015 2:00,42142.08,1620.3,25.45,17.64
5/18/2015 2:10,42142.09,1618.4,25.45,17.64
5/18/2015 2:20,42142.10,1616.8,25.45,17.64
5/18/2015 2:30,42142.10,1614.6,25.47,17.65
5/18/2015 2:40,42142.11,1612.8,25.46,17.64
5/18/2015 2:50,42142.12,1610.7,25.45,17.64
5/18/2015 3:00,42142.13,1608.4,25.45,17.64
5/18/2015 3:10,42142.13,1606.4,25.45,17.64
5/18/2015 3:20,42142.14,1603.8,25.45,17.64
5/18/2015 3:30,42142.15,1601.6,25.47,17.65
5/18/2015 3:40,42142.15,1598.8,25.46,17.65
5/18/2015 3:50,42142.16,1596,25.46,17.65
5/18/2015 4:00,42142.17,1593.3,25.47,17.64
5/18/2015 4:10,42142.17,1590.6,25.44,17.64
5/18/2015 4:20,42142.18,1588,25.46,17.65
5/18/2015 4:30,42142.19,1585.5,25.45,17.64
5/18/2015 4:40,42142.19,1583.4,25.47,17.65
5/18/2015 4:50,42142.20,1581.2,25.47,17.64
5/18/2015 5:00,42142.21,1579.6,25.47,17.65
5/18/2015 5:10,42142.22,1577.9,25.45,17.64
5/18/2015 5:20,42142.22,1575.9,25.45,17.64
5/18/2015 5:30,42142.23,1574.4,25.47,17.64
5/18/2015 5:40,42142.24,1573,25.48,17.64
5/18/2015 5:50,42142.24,1571.6,25.47,17.65
5/18/2015 6:00,42142.25,1570.4,25.46,17.65
5/18/2015 6:10,42142.26,1569.2,25.46,17.65
5/18/2015 6:20,42142.26,1568,25.45,17.64
5/18/2015 6:30,42142.27,1567.1,25.45,17.64
5/18/2015 6:40,42142.28,1566.3,25.45,17.64
5/18/2015 6:50,42142.28,1565.6,25.45,17.64
5/18/2015 7:00,42142.29,1565.4,25.46,17.65
5/18/2015 7:10,42142.30,1565.2,25.46,17.64
5/18/2015 7:20,42142.31,1565.2,25.47,17.63
5/18/2015 7:30,42142.31,1566.3,25.45,17.64
5/18/2015 7:40,42142.32,1567.1,25.49,17.64
5/18/2015 7:50,42142.33,1568.7,25.47,17.63
5/18/2015 8:00,42142.33,1570.4,25.47,17.63
5/18/2015 8:10,42142.34,1572.2,25.45,17.64
5/18/2015 8:20,42142.35,1574.4,25.46,17.65
5/18/2015 8:30,42142.35,1577,25.45,17.64
5/18/2015 8:40,42142.36,1579.6,25.47,17.63
5/18/2015 8:50,42142.37,1582.9,25.45,17.64
5/18/2015 9:00,42142.38,1585.9,25.46,17.64
5/18/2015 9:10,42142.38,1589.4,25.46,17.64
5/18/2015 9:20,42142.39,1592.6,25.47,17.65
5/18/2015 9:30,42142.40,1595.5,25.47,17.65
5/18/2015 9:40,42142.40,1598.6,25.46,17.65
5/18/2015 9:50,42142.41,1601.4,25.47,17.65
5/18/2015 10:00,42142.42,1604.6,25.47,17.65
5/18/2015 10:10,42142.42,1608,25.46,17.65
5/18/2015 10:20,42142.43,1611.2,25.46,17.65
5/18/2015 10:30,42142.44,1614.6,25.48,17.64
5/18/2015 10:40,42142.44,1617.5,25.46,17.64
5/18/2015 10:50,42142.45,1619.8,25.46,17.65
5/18/2015 11:00,42142.46,1621.7,25.47,17.65
5/18/2015 11:10,42142.47,1623.5,25.47,17.65
5/18/2015 11:20,42142.47,1624.7,25.47,17.65
5/18/2015 11:30,42142.48,1626.2,25.46,17.65
5/18/2015 11:40,42142.49,1628.1,25.48,17.64
5/18/2015 11:50,42142.49,1629.7,25.46,17.65
5/18/2015 12:00,42142.50,1631.2,25.46,17.65
5/18/2015 12:10,42142.51,1632.5,25.47,17.65
5/18/2015 12:20,42142.51,1634.5,25.48,17.64
5/18/2015 12:30,42142.52,1636.1,25.49,17.64
5/18/2015 12:40,42142.53,1637,25.46,17.65
5/18/2015 12:50,42142.53,1637.7,25.48,17.64
5/18/2015 13:00,42142.54,1638,25.46,17.65
5/18/2015 13:10,42142.55,1638.6,25.47,17.65
5/18/2015 13:20,42142.56,1638.7,25.46,17.65
5/18/2015 13:30,42142.56,1638.5,25.47,17.64
5/18/2015 13:40,42142.57,1638.2,25.46,17.65
5/18/2015 13:50,42142.58,1637,25.48,17.64
5/18/2015 14:00,42142.58,1635.3,25.47,17.65
5/18/2015 14:10,42142.59,1633,25.46,17.65
5/18/2015 14:20,42142.60,1630.5,25.48,17.64
5/18/2015 14:30,42142.60,1627.9,25.47,17.63
5/18/2015 14:40,42142.61,1625.2,25.47,17.65
5/18/2015 14:50,42142.62,1622.8,25.47,17.65
5/18/2015 15:00,42142.63,1620.5,25.48,17.64
5/18/2015 15:10,42142.63,1618.1,25.47,17.65
5/18/2015 15:20,42142.64,1616.2,25.47,17.65
5/18/2015 15:30,42142.65,1614,25.46,17.65
5/18/2015 15:40,42142.65,1611.9,25.47,17.65
5/18/2015 15:50,42142.66,1609.5,25.48,17.64
5/18/2015 16:00,42142.67,1607.5,25.47,17.65
5/18/2015 16:10,42142.67,1605.3,25.46,17.65
5/18/2015 16:20,42142.68,1603.4,25.46,17.65
5/18/2015 16:30,42142.69,1600.8,25.46,17.65
5/18/2015 16:40,42142.69,1598.6,25.45,17.65
5/18/2015 16:50,42142.70,1596.1,25.45,17.64
5/18/2015 17:00,42142.71,1593.3,25.45,17.64
5/18/2015 17:10,42142.72,1590.2,25.46,17.65
5/18/2015 17:20,42142.72,1587.8,25.44,17.64
5/18/2015 17:30,42142.73,1585.2,25.46,17.64
5/18/2015 17:40,42142.74,1582.8,25.45,17.64
5/18/2015 17:50,42142.74,1580.7,25.46,17.65
5/18/2015 18:00,42142.75,1578.2,25.45,17.64
5/18/2015 18:10,42142.76,1576.3,25.46,17.65
5/18/2015 18:20,42142.76,1574.6,25.46,17.65
5/18/2015 18:30,42142.77,1573,25.45,17.64
5/18/2015 18:40,42142.78,1571.8,25.46,17.65
5/18/2015 18:50,42142.78,1570.6,25.46,17.65
5/18/2015 19:00,42142.79,1569.5,25.47,17.65
5/18/2015 19:10,42142.80,1568.7,25.46,17.65
5/18/2015 19:20,42142.81,1567.8,25.46,17.65
5/18/2015 19:30,42142.81,1566.9,25.45,17.64
5/18/2015 19:40,42142.82,1566.6,25.45,17.64
5/18/2015 19:50,42142.83,1566.1,25.45,17.64
5/18/2015 20:00,42142.83,1566.3,25.46,17.65
5/18/2015 20:10,42142.84,1566.6,25.45,17.64
5/18/2015 20:20,42142.85,1567.9,25.47,17.65
5/18/2015 20:30,42142.85,1569.5,25.45,17.64
5/18/2015 20:40,42142.86,1571.3,25.46,17.64
5/18/2015 20:50,42142.87,1573.9,25.46,17.64
5/18/2015 21:00,42142.88,1576.1,25.46,17.65
5/18/2015 21:10,42142.88,1578.6,25.46,17.65
5/18/2015 21:20,42142.89,1581.7,25.45,17.64
5/18/2015 21:30,42142.90,1584.9,25.48,17.64
5/18/2015 21:40,42142.90,1587.6,25.45,17.64
5/18/2015 21:50,42142.91,1591.3,25.46,17.65
5/18/2015 22:00,42142.92,1594.2,25.46,17.65
5/18/2015 22:10,42142.92,1597.4,25.45,17.64
5/18/2015 22:20,42142.93,1600,25.47,17.65
5/18/2015 22:30,42142.94,1602.7,25.47,17.65
5/18/2015 22:40,42142.94,1605.5,25.47,17.65
5/18/2015 22:50,42142.95,1608.4,25.47,17.65
5/18/2015 23:00,42142.96,1611.4,25.46,17.65
5/18/2015 23:10,42142.97,1614.7,25.44,17.64
5/18/2015 23:20,42142.97,1617.1,25.46,17.64
5/18/2015 23:30,42142.98,1619.6,25.46,17.65
5/18/2015 23:40,42142.99,1621,25.46,17.65
5/18/2015 23:50,42142.99,1622.4,25.46,17.65
5/19/2015 0:00,42143.00,1623.3,25.46,17.65
5/19/2015 0:10,42143.01,1624.3,25.46,17.64
5/19/2015 0:20,42143.01,1624.8,25.46,17.65
5/19/2015 0:30,42143.02,1625.8,25.46,17.65
5/19/2015 0:40,42143.03,1626.5,25.46,17.65
5/19/2015 0:50,42143.03,1627.2,25.47,17.65
5/19/2015 1:00,42143.04,1627.9,25.45,17.64
5/19/2015 1:10,42143.05,1628.8,25.45,17.64
5/19/2015 1:20,42143.06,1629.7,25.45,17.64
5/19/2015 1:30,42143.06,1629.5,25.46,17.65
5/19/2015 1:40,42143.07,1629.7,25.48,17.64
5/19/2015 1:50,42143.08,1628.9,25.47,17.65
5/19/2015 2:00,42143.08,1628.1,25.45,17.64
5/19/2015 2:10,42143.09,1627.2,25.45,17.64
5/19/2015 2:20,42143.10,1625.8,25.45,17.64
5/19/2015 2:30,42143.10,1624.7,25.46,17.65
5/19/2015 2:40,42143.11,1623.1,25.46,17.65
5/19/2015 2:50,42143.12,1621.3,25.46,17.65
5/19/2015 3:00,42143.13,1619.4,25.44,17.64
5/19/2015 3:10,42143.13,1616.8,25.46,17.65
5/19/2015 3:20,42143.14,1614.9,25.46,17.65
5/19/2015 3:30,42143.15,1612.8,25.47,17.65
5/19/2015 3:40,42143.15,1610.4,25.48,17.64
5/19/2015 3:50,42143.16,1608,25.49,17.64
5/19/2015 4:00,42143.17,1605.5,25.46,17.65
5/19/2015 4:10,42143.17,1602.9,25.46,17.65
5/19/2015 4:20,42143.18,1599.8,25.46,17.65
5/19/2015 4:30,42143.19,1597.5,25.47,17.65
5/19/2015 4:40,42143.19,1594.3,25.47,17.65
5/19/2015 4:50,42143.20,1591.7,25.48,17.64
5/19/2015 5:00,42143.21,1589,25.46,17.65
5/19/2015 5:10,42143.22,1586,25.46,17.65
5/19/2015 5:20,42143.22,1583.6,25.45,17.65
5/19/2015 5:30,42143.23,1581.5,25.46,17.65
5/19/2015 5:40,42143.24,1579.4,25.45,17.64
5/19/2015 5:50,42143.24,1577.7,25.46,17.65
5/19/2015 6:00,42143.25,1575.8,25.46,17.65
5/19/2015 6:10,42143.26,1574.3,25.45,17.64
5/19/2015 6:20,42143.26,1572.7,25.46,17.64
5/19/2015 6:30,42143.27,1570.9,25.46,17.64
5/19/2015 6:40,42143.28,1569.8,25.47,17.65
5/19/2015 6:50,42143.28,1568.5,25.45,17.64
5/19/2015 7:00,42143.29,1567.3,25.46,17.65
5/19/2015 7:10,42143.30,1566.3,25.45,17.64
5/19/2015 7:20,42143.31,1565.6,25.46,17.65
5/19/2015 7:30,42143.31,1564.9,25.46,17.65
5/19/2015 7:40,42143.32,1564.5,25.46,17.65
5/19/2015 7:50,42143.33,1564.3,25.45,17.64
5/19/2015 8:00,42143.33,1564.7,25.45,17.64
5/19/2015 8:10,42143.34,1565.6,25.46,17.65
5/19/2015 8:20,42143.35,1566.4,25.48,17.64
5/19/2015 8:30,42143.35,1568.2,25.47,17.65
5/19/2015 8:40,42143.36,1569.9,25.45,17.64
5/19/2015 8:50,42143.37,1572.3,25.46,17.65
5/19/2015 9:00,42143.38,1574.4,25.47,17.63
5/19/2015 9:10,42143.38,1577.5,25.46,17.65
5/19/2015 9:20,42143.39,1580.7,25.47,17.63
5/19/2015 9:30,42143.40,1583.8,25.46,17.65
5/19/2015 9:40,42143.40,1587.4,25.46,17.65
5/19/2015 9:50,42143.41,1590.9,25.47,17.63
5/19/2015 10:00,42143.42,1594.4,25.47,17.64
5/19/2015 10:10,42143.42,1598.1,25.48,17.64
5/19/2015 10:20,42143.43,1600.8,25.45,17.64
5/19/2015 10:30,42143.44,1603.9,25.47,17.65
5/19/2015 10:40,42143.44,1606.9,25.46,17.65
5/19/2015 10:50,42143.45,1610.2,25.46,17.65
5/19/2015 11:00,42143.46,1613.5,25.45,17.64
5/19/2015 11:10,42143.47,1617,25.44,17.64
5/19/2015 11:20,42143.47,1619.4,25.46,17.65
5/19/2015 11:30,42143.48,1621.6,25.47,17.65
5/19/2015 11:40,42143.49,1624.1,25.48,17.64
5/19/2015 11:50,42143.49,1625.5,25.48,17.64
5/19/2015 12:00,42143.50,1627.7,25.47,17.65
5/19/2015 12:10,42143.51,1628.8,25.46,17.65
5/19/2015 12:20,42143.51,1629.9,25.47,17.65
5/19/2015 12:30,42143.52,1632,25.47,17.65
5/19/2015 12:40,42143.53,1633.5,25.46,17.65
5/19/2015 12:50,42143.53,1634.8,25.47,17.65
5/19/2015 13:00,42143.54,1636.4,25.47,17.65
5/19/2015 13:10,42143.55,1637.7,25.47,17.65
5/19/2015 13:20,42143.56,1638.8,25.47,17.65
5/19/2015 13:30,42143.56,1639.8,25.48,17.64
5/19/2015 13:40,42143.57,1640.3,25.47,17.65
5/19/2015 13:50,42143.58,1640.7,25.47,17.65
5/19/2015 14:00,42143.58,1640.8,25.46,17.65
5/19/2015 14:10,42143.59,1640.5,25.47,17.65
5/19/2015 14:20,42143.60,1639.9,25.46,17.65
5/19/2015 14:30,42143.60,1638.4,25.46,17.65
5/19/2015 14:40,42143.61,1636.8,25.46,17.65
5/19/2015 14:50,42143.62,1634,25.46,17.65
5/19/2015 15:00,42143.63,1630.9,25.47,17.63
5/19/2015 15:10,42143.63,1628,25.47,17.65
5/19/2015 15:20,42143.64,1625,25.47,17.63
5/19/2015 15:30,42143.65,1622.2,25.47,17.64
5/19/2015 15:40,42143.65,1619.8,25.48,17.64
5/19/2015 15:50,42143.66,1617.5,25.45,17.64
5/19/2015 16:00,42143.67,1615.3,25.46,17.65
5/19/2015 16:10,42143.67,1613.3,25.47,17.64
5/19/2015 16:20,42143.68,1611.2,25.47,17.64
5/19/2015 16:30,42143.69,1609.3,25.46,17.65
5/19/2015 16:40,42143.69,1606.9,25.46,17.65
5/19/2015 16:50,42143.70,1604.8,25.44,17.64
5/19/2015 17:00,42143.71,1602.8,25.47,17.65
5/19/2015 17:10,42143.72,1600.6,25.46,17.65
5/19/2015 17:20,42143.72,1598.5,25.47,17.65
5/19/2015 17:30,42143.73,1595.4,25.45,17.64
5/19/2015 17:40,42143.74,1592.8,25.46,17.64
5/19/2015 17:50,42143.74,1589.8,25.47,17.65
5/19/2015 18:00,42143.75,1587.1,25.45,17.64
5/19/2015 18:10,42143.76,1584.5,25.46,17.65
5/19/2015 18:20,42143.76,1581.9,25.45,17.64
5/19/2015 18:30,42143.77,1579.8,25.45,17.64
5/19/2015 18:40,42143.78,1577.7,25.44,17.64
5/19/2015 18:50,42143.78,1575.6,25.44,17.64
5/19/2015 19:00,42143.79,1574.3,25.45,17.64
5/19/2015 19:10,42143.80,1572.6,25.47,17.65
5/19/2015 19:20,42143.81,1571.3,25.46,17.65
5/19/2015 19:30,42143.81,1570.1,25.45,17.64
5/19/2015 19:40,42143.82,1568.8,25.46,17.65
5/19/2015 19:50,42143.83,1567.8,25.46,17.65
5/19/2015 20:00,42143.83,1566.9,25.46,17.65
5/19/2015 20:10,42143.84,1566.6,25.47,17.65
5/19/2015 20:20,42143.85,1565.9,25.48,17.64
5/19/2015 20:30,42143.85,1565.9,25.46,17.65
5/19/2015 20:40,42143.86,1565.9,25.44,17.64
5/19/2015 20:50,42143.87,1566.6,25.46,17.65
5/19/2015 21:00,42143.88,1567.7,25.47,17.65
5/19/2015 21:10,42143.88,1569.5,25.46,17.65
5/19/2015 21:20,42143.89,1571.3,25.47,17.63
5/19/2015 21:30,42143.90,1573.7,25.45,17.64
5/19/2015 21:40,42143.90,1576.1,25.46,17.65
5/19/2015 21:50,42143.91,1578.9,25.47,17.65
5/19/2015 22:00,42143.92,1582,25.47,17.65
5/19/2015 22:10,42143.92,1585,25.46,17.64
5/19/2015 22:20,42143.93,1588.1,25.46,17.65
5/19/2015 22:30,42143.94,1591.6,25.47,17.63
5/19/2015 22:40,42143.94,1595.4,25.48,17.64
5/19/2015 22:50,42143.95,1598.1,25.46,17.65
5/19/2015 23:00,42143.96,1600.8,25.46,17.65
5/19/2015 23:10,42143.97,1603.6,25.46,17.64
5/19/2015 23:20,42143.97,1606.6,25.45,17.64
5/19/2015 23:30,42143.98,1609.5,25.46,17.64
5/19/2015 23:40,42143.99,1612.6,25.47,17.65
5/19/2015 23:50,42143.99,1615.8,25.46,17.64
5/20/2015 0:00,42144.00,1618.6,25.47,17.65
5/20/2015 0:10,42144.01,1620.6,25.48,17.64
5/20/2015 0:20,42144.01,1622.4,25.47,17.63
5/20/2015 0:30,42144.02,1623.3,25.48,17.64
5/20/2015 0:40,42144.03,1624.3,25.46,17.64
5/20/2015 0:50,42144.03,1625.3,25.45,17.64
5/20/2015 1:00,42144.04,1626,25.47,17.63
5/20/2015 1:10,42144.05,1627.2,25.46,17.64
5/20/2015 1:20,42144.06,1627.6,25.45,17.64
5/20/2015 1:30,42144.06,1628.6,25.47,17.65
5/20/2015 1:40,42144.07,1629.5,25.45,17.64
5/20/2015 1:50,42144.08,1630,25.46,17.65
5/20/2015 2:00,42144.08,1630.4,25.48,17.64
5/20/2015 2:10,42144.09,1630.4,25.48,17.64
5/20/2015 2:20,42144.10,1630.4,25.48,17.64
5/20/2015 2:30,42144.10,1629.7,25.46,17.65
5/20/2015 2:40,42144.11,1629,25.46,17.65
5/20/2015 2:50,42144.12,1627.5,25.47,17.65
5/20/2015 3:00,42144.13,1626.3,25.46,17.65
5/20/2015 3:10,42144.13,1624.9,25.47,17.65
5/20/2015 3:20,42144.14,1623.3,25.47,17.65
5/20/2015 3:30,42144.15,1621.7,25.48,17.64
5/20/2015 3:40,42144.15,1619.7,25.47,17.65
5/20/2015 3:50,42144.16,1617.5,25.48,17.64
5/20/2015 4:00,42144.17,1615.1,25.47,17.65
5/20/2015 4:10,42144.17,1613.2,25.45,17.64
5/20/2015 4:20,42144.18,1610.7,25.47,17.65
5/20/2015 4:30,42144.19,1608.4,25.45,17.64
5/20/2015 4:40,42144.19,1606.2,25.46,17.64
5/20/2015 4:50,42144.20,1603.9,25.45,17.64
5/20/2015 5:00,42144.21,1601.3,25.48,17.64
5/20/2015 5:10,42144.22,1598.8,25.46,17.65
5/20/2015 5:20,42144.22,1595.8,25.46,17.65
5/20/2015 5:30,42144.23,1592.8,25.46,17.65
5/20/2015 5:40,42144.24,1590.1,25.47,17.63
5/20/2015 5:50,42144.24,1587.4,25.47,17.64
5/20/2015 6:00,42144.25,1584.8,25.46,17.64
5/20/2015 6:10,42144.26,1582.6,25.45,17.64
5/20/2015 6:20,42144.26,1580.8,25.46,17.64
5/20/2015 6:30,42144.27,1578.7,25.45,17.64
5/20/2015 6:40,42144.28,1576.6,25.45,17.64
5/20/2015 6:50,42144.28,1575.2,25.45,17.64
5/20/2015 7:00,42144.29,1573.6,25.45,17.64
5/20/2015 7:10,42144.30,1572.3,25.45,17.64
5/20/2015 7:20,42144.31,1570.6,25.44,17.64
5/20/2015 7:30,42144.31,1569.5,25.44,17.64
5/20/2015 7:40,42144.32,1568.1,25.45,17.64
5/20/2015 7:50,42144.33,1567.4,25.44,17.64
5/20/2015 8:00,42144.33,1566.6,25.45,17.64
5/20/2015 8:10,42144.34,1566.2,25.47,17.65
5/20/2015 8:20,42144.35,1566.1,25.46,17.65
5/20/2015 8:30,42144.35,1565.7,25.46,17.65
5/20/2015 8:40,42144.36,1566.3,25.46,17.65
5/20/2015 8:50,42144.37,1567,25.47,17.65
5/20/2015 9:00,42144.38,1568.3,25.46,17.65
5/20/2015 9:10,42144.38,1569.6,25.47,17.65
5/20/2015 9:20,42144.39,1572,25.45,17.64
5/20/2015 9:30,42144.40,1574.1,25.45,17.64
5/20/2015 9:40,42144.40,1576.1,25.46,17.65
5/20/2015 9:50,42144.41,1578.9,25.45,17.64
5/20/2015 10:00,42144.42,1582,25.47,17.65
5/20/2015 10:10,42144.42,1585.2,25.45,17.64
5/20/2015 10:20,42144.43,1588.8,25.47,17.65
5/20/2015 10:30,42144.44,1592,25.47,17.65
5/20/2015 10:40,42144.44,1595.4,25.47,17.63
5/20/2015 10:50,42144.45,1598.8,25.45,17.64
5/20/2015 11:00,42144.46,1601.6,25.47,17.65
5/20/2015 11:10,42144.47,1604.9,25.47,17.65
5/20/2015 11:20,42144.47,1607.8,25.48,17.64
5/20/2015 11:30,42144.48,1611.2,25.47,17.65
5/20/2015 11:40,42144.49,1614.7,25.47,17.63
5/20/2015 11:50,42144.49,1617.8,25.48,17.64
5/20/2015 12:00,42144.50,1619.9,25.49,17.64
5/20/2015 12:10,42144.51,1622.2,25.5,17.64
5/20/2015 12:20,42144.51,1623.8,25.49,17.64
5/20/2015 12:30,42144.52,1625.6,25.49,17.64
5/20/2015 12:40,42144.53,1627,25.46,17.64
5/20/2015 12:50,42144.53,1628.6,25.48,17.64
5/20/2015 13:00,42144.54,1630.2,25.48,17.64
5/20/2015 13:10,42144.55,1631.6,25.47,17.63
5/20/2015 13:20,42144.56,1633.9,25.47,17.65
5/20/2015 13:30,42144.56,1634.7,25.48,17.64
5/20/2015 13:40,42144.57,1636,25.47,17.65
5/20/2015 13:50,42144.58,1637.3,25.49,17.64
5/20/2015 14:00,42144.58,1638.5,25.49,17.64
5/20/2015 14:10,42144.59,1639.5,25.47,17.65
5/20/2015 14:20,42144.60,1639.8,25.48,17.64
5/20/2015 14:30,42144.60,1640.5,25.47,17.65
5/20/2015 14:40,42144.61,1640.8,25.46,17.65
5/20/2015 14:50,42144.62,1640.2,25.47,17.65
5/20/2015 15:00,42144.63,1639.6,25.48,17.64
5/20/2015 15:10,42144.63,1638.2,25.47,17.65
5/20/2015 15:20,42144.64,1636.1,25.47,17.64
5/20/2015 15:30,42144.65,1633.6,25.47,17.65
5/20/2015 15:40,42144.65,1631.1,25.46,17.65
5/20/2015 15:50,42144.66,1628.3,25.46,17.65
5/20/2015 16:00,42144.67,1625.5,25.44,17.64
5/20/2015 16:10,42144.67,1623.1,25.48,17.64
5/20/2015 16:20,42144.68,1621,25.46,17.65
5/20/2015 16:30,42144.69,1619.1,25.46,17.65
5/20/2015 16:40,42144.69,1617.1,25.47,17.65
5/20/2015 16:50,42144.70,1614.7,25.47,17.64
5/20/2015 17:00,42144.71,1613.2,25.46,17.64
5/20/2015 17:10,42144.72,1611.1,25.48,17.64
5/20/2015 17:20,42144.72,1609.3,25.45,17.64
5/20/2015 17:30,42144.73,1607.3,25.44,17.64
5/20/2015 17:40,42144.74,1605.2,25.45,17.64
5/20/2015 17:50,42144.74,1602.7,25.45,17.64
5/20/2015 18:00,42144.75,1600.3,25.46,17.65
5/20/2015 18:10,42144.76,1597.7,25.46,17.65
5/20/2015 18:20,42144.76,1594.6,25.45,17.64
5/20/2015 18:30,42144.77,1591.8,25.45,17.64
5/20/2015 18:40,42144.78,1589.4,25.46,17.65
5/20/2015 18:50,42144.78,1586.7,25.47,17.65
5/20/2015 19:00,42144.79,1584.5,25.46,17.65
5/20/2015 19:10,42144.80,1582.2,25.45,17.64
5/20/2015 19:20,42144.81,1580.1,25.46,17.65
5/20/2015 19:30,42144.81,1578.4,25.45,17.64
5/20/2015 19:40,42144.82,1576.8,25.46,17.64
5/20/2015 19:50,42144.83,1575.2,25.45,17.64
5/20/2015 20:00,42144.83,1573.7,25.45,17.65
5/20/2015 20:10,42144.84,1572.7,25.46,17.65
5/20/2015 20:20,42144.85,1571.8,25.45,17.64
5/20/2015 20:30,42144.85,1570.9,25.46,17.65
5/20/2015 20:40,42144.86,1570,25.48,17.64
5/20/2015 20:50,42144.87,1569.1,25.47,17.65
5/20/2015 21:00,42144.88,1568.8,25.48,17.64
5/20/2015 21:10,42144.88,1568.8,25.46,17.65
5/20/2015 21:20,42144.89,1569,25.46,17.65
5/20/2015 21:30,42144.90,1569.4,25.46,17.65
5/20/2015 21:40,42144.90,1570.6,25.46,17.65
5/20/2015 21:50,42144.91,1572.3,25.46,17.65
5/20/2015 22:00,42144.92,1574.1,25.46,17.64
5/20/2015 22:10,42144.92,1576.1,25.45,17.64
5/20/2015 22:20,42144.93,1578.3,25.47,17.65
5/20/2015 22:30,42144.94,1581.2,25.46,17.64
5/20/2015 22:40,42144.94,1584.2,25.47,17.65
5/20/2015 22:50,42144.95,1587.3,25.44,17.64
5/20/2015 23:00,42144.96,1590.4,25.46,17.65
5/20/2015 23:10,42144.97,1593.3,25.45,17.64
5/20/2015 23:20,42144.97,1596.3,25.46,17.65
5/20/2015 23:30,42144.98,1599.5,25.46,17.65
5/20/2015 23:40,42144.99,1602.1,25.47,17.65
5/20/2015 23:50,42144.99,1604.9,25.47,17.65
5/21/2015 0:00,42145.00,1607.4,25.46,17.64
5/21/2015 0:10,42145.01,1610,25.47,17.65
5/21/2015 0:20,42145.01,1612.8,25.46,17.64
5/21/2015 0:30,42145.02,1615.7,25.47,17.65
5/21/2015 0:40,42145.03,1618.2,25.46,17.64
5/21/2015 0:50,42145.03,1620.5,25.46,17.65
5/21/2015 1:00,42145.04,1621.9,25.48,17.64
5/21/2015 1:10,42145.05,1622.7,25.48,17.64
5/21/2015 1:20,42145.06,1623.6,25.46,17.65
5/21/2015 1:30,42145.06,1624.5,25.47,17.65
5/21/2015 1:40,42145.07,1625.3,25.47,17.63
5/21/2015 1:50,42145.08,1625.8,25.48,17.64
5/21/2015 2:00,42145.08,1626.5,25.48,17.64
5/21/2015 2:10,42145.09,1627,25.49,17.64
5/21/2015 2:20,42145.10,1627.9,25.47,17.65
5/21/2015 2:30,42145.10,1628,25.47,17.65
5/21/2015 2:40,42145.11,1628.3,25.46,17.65
5/21/2015 2:50,42145.12,1628.1,25.46,17.64
5/21/2015 3:00,42145.13,1627.9,25.46,17.65
5/21/2015 3:10,42145.13,1627.6,25.46,17.64
5/21/2015 3:20,42145.14,1626.9,25.46,17.64
5/21/2015 3:30,42145.15,1626.2,25.46,17.65
5/21/2015 3:40,42145.15,1625,25.46,17.65
5/21/2015 3:50,42145.16,1624,25.48,17.64
5/21/2015 4:00,42145.17,1622.4,25.47,17.63
5/21/2015 4:10,42145.17,1620.6,25.46,17.65
5/21/2015 4:20,42145.18,1618.3,25.47,17.65
5/21/2015 4:30,42145.19,1616.3,25.46,17.65
5/21/2015 4:40,42145.19,1614.2,25.46,17.65
5/21/2015 4:50,42145.20,1611.9,25.48,17.64
5/21/2015 5:00,42145.21,1609.6,25.47,17.65
5/21/2015 5:10,42145.22,1607.3,25.47,17.65
5/21/2015 5:20,42145.22,1604.8,25.46,17.65
5/21/2015 5:30,42145.23,1602.2,25.49,17.64
5/21/2015 5:40,42145.24,1599.2,25.47,17.65
5/21/2015 5:50,42145.24,1596.6,25.47,17.65
5/21/2015 6:00,42145.25,1594,25.47,17.65
5/21/2015 6:10,42145.26,1591.5,25.48,17.64
5/21/2015 6:20,42145.26,1589.2,25.46,17.65
5/21/2015 6:30,42145.27,1587.1,25.46,17.64
5/21/2015 6:40,42145.28,1584.8,25.44,17.64
5/21/2015 6:50,42145.28,1583.1,25.45,17.64
5/21/2015 7:00,42145.29,1581.2,25.45,17.64
5/21/2015 7:10,42145.30,1579.4,25.46,17.64
5/21/2015 7:20,42145.31,1578,25.45,17.64
5/21/2015 7:30,42145.31,1576.3,25.45,17.64
5/21/2015 7:40,42145.32,1575,25.44,17.64
5/21/2015 7:50,42145.33,1573.9,25.45,17.64
5/21/2015 8:00,42145.33,1572.5,25.48,17.64
5/21/2015 8:10,42145.34,1571.6,25.47,17.65
5/21/2015 8:20,42145.35,1570.6,25.47,17.63
5/21/2015 8:30,42145.35,1570.1,25.46,17.65
5/21/2015 8:40,42145.36,1569.4,25.45,17.64
5/21/2015 8:50,42145.37,1568.8,25.45,17.64
5/21/2015 9:00,42145.38,1568.9,25.47,17.65
5/21/2015 9:10,42145.38,1569.2,25.46,17.65
5/21/2015 9:20,42145.39,1569.7,25.45,17.65
5/21/2015 9:30,42145.40,1570.7,25.47,17.65
5/21/2015 9:40,42145.40,1572.2,25.47,17.64
5/21/2015 9:50,42145.41,1573.7,25.5,17.64
5/21/2015 10:00,42145.42,1575.8,25.51,17.65
5/21/2015 10:10,42145.42,1577.9,25.49,17.64
5/21/2015 10:20,42145.43,1580.3,25.49,17.64
5/21/2015 10:30,42145.44,1583.3,25.46,17.65
5/21/2015 10:40,42145.44,1586,25.47,17.65
5/21/2015 10:50,42145.45,1589.2,25.48,17.64
5/21/2015 11:00,42145.46,1592.3,25.46,17.65
5/21/2015 11:10,42145.47,1595.4,25.47,17.65
5/21/2015 11:20,42145.47,1598.6,25.47,17.63
5/21/2015 11:30,42145.48,1601.7,25.46,17.65
5/21/2015 11:40,42145.49,1604.3,25.46,17.65
5/21/2015 11:50,42145.49,1607.3,25.46,17.65
5/21/2015 12:00,42145.50,1610.2,25.46,17.65
5/21/2015 12:10,42145.51,1613.2,25.46,17.65
5/21/2015 12:20,42145.51,1616.5,25.48,17.64
5/21/2015 12:30,42145.52,1618.9,25.46,17.64
5/21/2015 12:40,42145.53,1621,25.46,17.65
5/21/2015 12:50,42145.53,1622.3,25.48,17.64
5/21/2015 13:00,42145.54,1623.6,25.47,17.63
5/21/2015 13:10,42145.55,1624.8,25.46,17.65
5/21/2015 13:20,42145.56,1626.2,25.46,17.65
5/21/2015 13:30,42145.56,1627.6,25.46,17.65
5/21/2015 13:40,42145.57,1629,25.47,17.65
5/21/2015 13:50,42145.58,1630,25.46,17.65
5/21/2015 14:00,42145.58,1631.2,25.45,17.64
5/21/2015 14:10,42145.59,1632.3,25.46,17.65
5/21/2015 14:20,42145.60,1634,25.47,17.63
5/21/2015 14:30,42145.60,1634.8,25.47,17.65
5/21/2015 14:40,42145.61,1635.7,25.48,17.64
5/21/2015 14:50,42145.62,1636.3,25.48,17.64
5/21/2015 15:00,42145.63,1636.3,25.47,17.64
5/21/2015 15:10,42145.63,1636.4,25.53,17.64
5/21/2015 15:20,42145.64,1636.4,25.47,17.65
5/21/2015 15:30,42145.65,1635.6,25.49,17.64
5/21/2015 15:40,42145.65,1634.6,25.47,17.65
5/21/2015 15:50,42145.66,1632.8,25.48,17.64
5/21/2015 16:00,42145.67,1630.6,25.48,17.64
5/21/2015 16:10,42145.67,1628.4,25.49,17.64
5/21/2015 16:20,42145.68,1626.3,25.47,17.65
5/21/2015 16:30,42145.69,1624,25.48,17.64
5/21/2015 16:40,42145.69,1622.2,25.48,17.64
5/21/2015 16:50,42145.70,1620.5,25.49,17.64
5/21/2015 17:00,42145.71,1618.5,25.47,17.65
5/21/2015 17:10,42145.72,1616.5,25.47,17.65
5/21/2015 17:20,42145.72,1614.6,25.46,17.65
5/21/2015 17:30,42145.73,1613,25.47,17.64
5/21/2015 17:40,42145.74,1610.7,25.47,17.65
5/21/2015 17:50,42145.74,1608.9,25.47,17.65
5/21/2015 18:00,42145.75,1606.9,25.46,17.65
5/21/2015 18:10,42145.76,1604.8,25.46,17.65
5/21/2015 18:20,42145.76,1602.7,25.46,17.65
5/21/2015 18:30,42145.77,1600.3,25.45,17.64
5/21/2015 18:40,42145.78,1597.7,25.45,17.64
5/21/2015 18:50,42145.78,1595.1,25.46,17.65
5/21/2015 19:00,42145.79,1592.1,25.45,17.64
5/21/2015 19:10,42145.80,1589.9,25.45,17.64
5/21/2015 19:20,42145.81,1587.4,25.46,17.65
5/21/2015 19:30,42145.81,1585.2,25.44,17.64
5/21/2015 19:40,42145.82,1583.1,25.45,17.64
5/21/2015 19:50,42145.83,1581.1,25.47,17.65
5/21/2015 20:00,42145.83,1579.6,25.47,17.65
5/21/2015 20:10,42145.84,1578.4,25.46,17.65
5/21/2015 20:20,42145.85,1577.3,25.45,17.64
5/21/2015 20:30,42145.85,1576.6,25.48,17.64
5/21/2015 20:40,42145.86,1575.4,25.45,17.64
5/21/2015 20:50,42145.87,1574.4,25.45,17.64
5/21/2015 21:00,42145.88,1573.6,25.46,17.65
5/21/2015 21:10,42145.88,1572.9,25.46,17.65
5/21/2015 21:20,42145.89,1572.1,25.47,17.65
5/21/2015 21:30,42145.90,1572.2,25.46,17.65
5/21/2015 21:40,42145.90,1571.9,25.47,17.65
5/21/2015 21:50,42145.91,1572.5,25.47,17.64
5/21/2015 22:00,42145.92,1572.9,25.46,17.65
5/21/2015 22:10,42145.92,1574.1,25.46,17.64
5/21/2015 22:20,42145.93,1575,25.47,17.65
5/21/2015 22:30,42145.94,1577,25.46,17.65
5/21/2015 22:40,42145.94,1578.7,25.47,17.65
5/21/2015 22:50,42145.95,1581,25.46,17.65
5/21/2015 23:00,42145.96,1582.9,25.47,17.63
5/21/2015 23:10,42145.97,1585.5,25.48,17.64
5/21/2015 23:20,42145.97,1588.3,25.48,17.64
5/21/2015 23:30,42145.98,1590.8,25.47,17.65
5/21/2015 23:40,42145.99,1593.5,25.46,17.65
5/21/2015 23:50,42145.99,1596.1,25.46,17.64
5/22/2015 0:00,42146.00,1598.8,25.46,17.65
5/22/2015 0:10,42146.01,1601.5,25.46,17.65
5/22/2015 0:20,42146.01,1603.6,25.49,17.64
5/22/2015 0:30,42146.02,1606.6,25.46,17.65
5/22/2015 0:40,42146.03,1609.1,25.46,17.65
5/22/2015 0:50,42146.03,1611.9,25.48,17.64
5/22/2015 1:00,42146.04,1614.6,25.48,17.64
5/22/2015 1:10,42146.05,1616.8,25.46,17.65
5/22/2015 1:20,42146.06,1618.9,25.48,17.64
5/22/2015 1:30,42146.06,1620,25.47,17.65
5/22/2015 1:40,42146.07,1621.3,25.48,17.64
5/22/2015 1:50,42146.08,1622.4,25.49,17.64
5/22/2015 2:00,42146.08,1623.3,25.47,17.65
5/22/2015 2:10,42146.09,1624.1,25.47,17.63
5/22/2015 2:20,42146.10,1624.7,25.47,17.65
5/22/2015 2:30,42146.10,1625.3,25.45,17.64
5/22/2015 2:40,42146.11,1625.5,25.46,17.65
5/22/2015 2:50,42146.12,1625.8,25.45,17.64
5/22/2015 3:00,42146.13,1625.8,25.47,17.65
5/22/2015 3:10,42146.13,1626,25.5,17.64
5/22/2015 3:20,42146.14,1626.3,25.47,17.65
5/22/2015 3:30,42146.15,1626,25.46,17.65
5/22/2015 3:40,42146.15,1626,25.45,17.64
5/22/2015 3:50,42146.16,1625.6,25.46,17.65
5/22/2015 4:00,42146.17,1625.1,25.46,17.65
5/22/2015 4:10,42146.17,1624.4,25.47,17.65
5/22/2015 4:20,42146.18,1623.4,25.45,17.64
5/22/2015 4:30,42146.19,1622.2,25.46,17.65
5/22/2015 4:40,42146.19,1620.8,25.46,17.65
5/22/2015 4:50,42146.20,1618.9,25.45,17.64
5/22/2015 5:00,42146.21,1617,25.46,17.64
5/22/2015 5:10,42146.22,1615.1,25.45,17.64
5/22/2015 5:20,42146.22,1613,25.45,17.64
5/22/2015 5:30,42146.23,1610.7,25.45,17.64
5/22/2015 5:40,42146.24,1608.4,25.44,17.64
5/22/2015 5:50,42146.24,1605.8,25.47,17.65
5/22/2015 6:00,42146.25,1603.2,25.47,17.64
5/22/2015 6:10,42146.26,1600.9,25.48,17.64
5/22/2015 6:20,42146.26,1598.1,25.48,17.64
5/22/2015 6:30,42146.27,1595.8,25.46,17.65
5/22/2015 6:40,42146.28,1593.3,25.46,17.65
5/22/2015 6:50,42146.28,1591.3,25.46,17.65
5/22/2015 7:00,42146.29,1589,25.46,17.65
5/22/2015 7:10,42146.30,1586.9,25.45,17.64
5/22/2015 7:20,42146.31,1585.7,25.46,17.65
5/22/2015 7:30,42146.31,1583.9,25.46,17.65
5/22/2015 7:40,42146.32,1582.4,25.46,17.65
5/22/2015 7:50,42146.33,1580.8,25.45,17.64
5/22/2015 8:00,42146.33,1579.3,25.45,17.64
5/22/2015 8:10,42146.34,1578.2,25.44,17.64
5/22/2015 8:20,42146.35,1577.2,25.47,17.64
5/22/2015 8:30,42146.35,1576.1,25.45,17.64
5/22/2015 8:40,42146.36,1575.1,25.44,17.64
5/22/2015 8:50,42146.37,1574.4,25.46,17.65
5/22/2015 9:00,42146.38,1573.7,25.47,17.65
5/22/2015 9:10,42146.38,1573,25.45,17.64
5/22/2015 9:20,42146.39,1572.5,25.44,17.64
5/22/2015 9:30,42146.40,1572.5,25.46,17.65
5/22/2015 9:40,42146.40,1572.7,25.45,17.64
5/22/2015 9:50,42146.41,1573.2,25.45,17.65
5/22/2015 10:00,42146.42,1573.9,25.44,17.64
5/22/2015 10:10,42146.42,1575.1,25.46,17.65
5/22/2015 10:20,42146.43,1576.5,25.46,17.65
5/22/2015 10:30,42146.44,1577.6,25.47,17.65
5/22/2015 10:40,42146.44,1579.4,25.47,17.65
5/22/2015 10:50,42146.45,1581.5,25.47,17.65
5/22/2015 11:00,42146.46,1583.4,25.45,17.65
5/22/2015 11:10,42146.47,1585.5,25.45,17.64
5/22/2015 11:20,42146.47,1588.1,25.45,17.64
5/22/2015 11:30,42146.48,1591,25.47,17.65
5/22/2015 11:40,42146.49,1593.5,25.44,17.64
5/22/2015 11:50,42146.49,1596.1,25.46,17.65
5/22/2015 12:00,42146.50,1598.9,25.46,17.65
5/22/2015 12:10,42146.51,1601.8,25.47,17.65
5/22/2015 12:20,42146.51,1604.3,25.45,17.64
5/22/2015 12:30,42146.52,1607.1,25.46,17.65
5/22/2015 12:40,42146.53,1610.2,25.46,17.65
5/22/2015 12:50,42146.53,1612.6,25.48,17.64
5/22/2015 13:00,42146.54,1614.9,25.47,17.63
5/22/2015 13:10,42146.55,1616.9,25.48,17.64
5/22/2015 13:20,42146.56,1618.5,25.47,17.65
5/22/2015 13:30,42146.56,1619.9,25.45,17.64
5/22/2015 13:40,42146.57,1621.4,25.47,17.65
5/22/2015 13:50,42146.58,1622.2,25.45,17.64
5/22/2015 14:00,42146.58,1623.3,25.46,17.64
5/22/2015 14:10,42146.59,1624.1,25.47,17.63
5/22/2015 14:20,42146.60,1625,25.46,17.65
5/22/2015 14:30,42146.60,1626,25.46,17.65
5/22/2015 14:40,42146.61,1626.5,25.45,17.64
5/22/2015 14:50,42146.62,1627,25.46,17.65
5/22/2015 15:00,42146.63,1627.9,25.46,17.65
5/22/2015 15:10,42146.63,1628.4,25.45,17.64
5/22/2015 15:20,42146.64,1628.8,25.46,17.64
5/22/2015 15:30,42146.65,1629.1,25.45,17.65
5/22/2015 15:40,42146.65,1629.1,25.46,17.65
5/22/2015 15:50,42146.66,1629,25.45,17.64
5/22/2015 16:00,42146.67,1628.6,25.47,17.65
5/22/2015 16:10,42146.67,1627.7,25.45,17.64
5/22/2015 16:20,42146.68,1627.2,25.46,17.65
5/22/2015 16:30,42146.69,1626.3,25.46,17.65
5/22/2015 16:40,42146.69,1625,25.48,17.64
5/22/2015 16:50,42146.70,1623.8,25.48,17.63
5/22/2015 17:00,42146.71,1622.6,25.47,17.65
5/22/2015 17:10,42146.72,1620.8,25.48,17.64
5/22/2015 17:20,42146.72,1619.2,25.47,17.65
5/22/2015 17:30,42146.73,1617.6,25.47,17.65
5/22/2015 17:40,42146.74,1615.8,25.47,17.65
5/22/2015 17:50,42146.74,1614,25.46,17.65
5/22/2015 18:00,42146.75,1611.9,25.46,17.65
5/22/2015 18:10,42146.76,1609.6,25.47,17.65
5/22/2015 18:20,42146.76,1607.9,25.47,17.65
5/22/2015 18:30,42146.77,1605.9,25.48,17.64
5/22/2015 18:40,42146.78,1603.5,25.47,17.65
5/22/2015 18:50,42146.78,1601.1,25.47,17.65
5/22/2015 19:00,42146.79,1598.8,25.47,17.65
5/22/2015 19:10,42146.80,1596.1,25.46,17.65
5/22/2015 19:20,42146.81,1593.9,25.44,17.64
5/22/2015 19:30,42146.81,1591.8,25.46,17.65
5/22/2015 19:40,42146.82,1590,25.47,17.65
5/22/2015 19:50,42146.83,1587.6,25.45,17.64
5/22/2015 20:00,42146.83,1586.2,25.47,17.65
5/22/2015 20:10,42146.84,1584.3,25.45,17.65
5/22/2015 20:20,42146.85,1582.9,25.46,17.65
5/22/2015 20:30,42146.85,1581.2,25.46,17.65
5/22/2015 20:40,42146.86,1580,25.45,17.64
5/22/2015 20:50,42146.87,1578.9,25.46,17.65
5/22/2015 21:00,42146.88,1578.2,25.46,17.65
5/22/2015 21:10,42146.88,1577.2,25.47,17.64
5/22/2015 21:20,42146.89,1576.3,25.46,17.65
5/22/2015 21:30,42146.90,1575.6,25.46,17.65
5/22/2015 21:40,42146.90,1575,25.46,17.65
5/22/2015 21:50,42146.91,1574.6,25.46,17.65
5/22/2015 22:00,42146.92,1574.4,25.47,17.65
5/22/2015 22:10,42146.92,1574.3,25.46,17.65
5/22/2015 22:20,42146.93,1574.4,25.46,17.65
5/22/2015 22:30,42146.94,1574.8,25.44,17.64
5/22/2015 22:40,42146.94,1575.4,25.45,17.64
5/22/2015 22:50,42146.95,1576.1,25.44,17.64
5/22/2015 23:00,42146.96,1577.7,25.45,17.64
5/22/2015 23:10,42146.97,1579.1,25.46,17.65
5/22/2015 23:20,42146.97,1580.7,25.46,17.65
5/22/2015 23:30,42146.98,1582.4,25.46,17.65
5/22/2015 23:40,42146.99,1584.3,25.46,17.65
5/22/2015 23:50,42146.99,1586.4,25.46,17.64
5/23/2015 0:00,42147.00,1588.8,25.46,17.65
5/23/2015 0:10,42147.01,1591,25.47,17.65
5/23/2015 0:20,42147.01,1593,25.46,17.65
5/23/2015 0:30,42147.02,1595.4,25.46,17.65
5/23/2015 0:40,42147.03,1597.5,25.46,17.65
5/23/2015 0:50,42147.03,1599.8,25.47,17.64
5/23/2015 1:00,42147.04,1602.2,25.46,17.65
5/23/2015 1:10,42147.05,1604.6,25.47,17.63
5/23/2015 1:20,42147.06,1607.1,25.48,17.64
5/23/2015 1:30,42147.06,1609.5,25.48,17.64
5/23/2015 1:40,42147.07,1611.8,25.45,17.64
5/23/2015 1:50,42147.08,1613.2,25.46,17.65
5/23/2015 2:00,42147.08,1615.1,25.47,17.65
5/23/2015 2:10,42147.09,1616.7,25.48,17.64
5/23/2015 2:20,42147.10,1617.8,25.47,17.65
5/23/2015 2:30,42147.10,1619.2,25.46,17.65
5/23/2015 2:40,42147.11,1620.1,25.48,17.64
5/23/2015 2:50,42147.12,1621.1,25.47,17.65
5/23/2015 3:00,42147.13,1621.4,25.47,17.65
5/23/2015 3:10,42147.13,1621.7,25.48,17.64
5/23/2015 3:20,42147.14,1622.2,25.46,17.65
5/23/2015 3:30,42147.15,1622.7,25.46,17.65
5/23/2015 3:40,42147.15,1622.9,25.46,17.65
5/23/2015 3:50,42147.16,1622.9,25.46,17.65
5/23/2015 4:00,42147.17,1622.9,25.46,17.65
5/23/2015 4:10,42147.17,1622.7,25.46,17.64
5/23/2015 4:20,42147.18,1622.4,25.47,17.65
5/23/2015 4:30,42147.19,1621.7,25.45,17.64
5/23/2015 4:40,42147.19,1621,25.46,17.64
5/23/2015 4:50,42147.20,1620.1,25.46,17.65
5/23/2015 5:00,42147.21,1619.1,25.46,17.65
5/23/2015 5:10,42147.22,1617.5,25.46,17.65
5/23/2015 5:20,42147.22,1616,25.47,17.65
5/23/2015 5:30,42147.23,1614,25.45,17.64
5/23/2015 5:40,42147.24,1612.3,25.45,17.64
5/23/2015 5:50,42147.24,1610.4,25.46,17.65
5/23/2015 6:00,42147.25,1608.4,25.47,17.65
5/23/2015 6:10,42147.26,1606.6,25.46,17.65
5/23/2015 6:20,42147.26,1604.1,25.46,17.65
5/23/2015 6:30,42147.27,1601.8,25.45,17.64
5/23/2015 6:40,42147.28,1599.8,25.46,17.65
5/23/2015 6:50,42147.28,1597.5,25.48,17.64
5/23/2015 7:00,42147.29,1596.1,25.46,17.65
5/23/2015 7:10,42147.30,1594.2,25.46,17.65
5/23/2015 7:20,42147.31,1592.3,25.46,17.65
5/23/2015 7:30,42147.31,1590.3,25.47,17.65
5/23/2015 7:40,42147.32,1589,25.45,17.64
5/23/2015 7:50,42147.33,1587.6,25.44,17.64
5/23/2015 8:00,42147.33,1585.9,25.45,17.64
5/23/2015 8:10,42147.34,1584.5,25.46,17.64
5/23/2015 8:20,42147.35,1583.2,25.47,17.65
5/23/2015 8:30,42147.35,1582.1,25.44,17.64
5/23/2015 8:40,42147.36,1581.2,25.45,17.64
5/23/2015 8:50,42147.37,1580.1,25.45,17.64
5/23/2015 9:00,42147.38,1579.1,25.46,17.65
5/23/2015 9:10,42147.38,1578.4,25.46,17.65
5/23/2015 9:20,42147.39,1577.9,25.45,17.64
5/23/2015 9:30,42147.40,1577.3,25.47,17.65
5/23/2015 9:40,42147.40,1576.3,25.46,17.65
5/23/2015 9:50,42147.41,1576.3,25.45,17.65
5/23/2015 10:00,42147.42,1576.1,25.46,17.65
5/23/2015 10:10,42147.42,1576.1,25.46,17.65
5/23/2015 10:20,42147.43,1576.5,25.46,17.65
5/23/2015 10:30,42147.44,1577.5,25.46,17.65
5/23/2015 10:40,42147.44,1578.5,25.47,17.65
5/23/2015 10:50,42147.45,1579.4,25.48,17.64
5/23/2015 11:00,42147.46,1580.8,25.48,17.64
5/23/2015 11:10,42147.47,1582.2,25.46,17.65
5/23/2015 11:20,42147.47,1583.9,25.46,17.65
5/23/2015 11:30,42147.48,1585.7,25.45,17.64
5/23/2015 11:40,42147.49,1588.1,25.45,17.64
5/23/2015 11:50,42147.49,1590.1,25.46,17.65
5/23/2015 12:00,42147.50,1592.1,25.45,17.64
5/23/2015 12:10,42147.51,1594.4,25.45,17.65
5/23/2015 12:20,42147.51,1596.3,25.46,17.65
5/23/2015 12:30,42147.52,1598.5,25.47,17.65
5/23/2015 12:40,42147.53,1600.6,25.46,17.65
5/23/2015 12:50,42147.53,1603.2,25.46,17.65
5/23/2015 13:00,42147.54,1605.5,25.45,17.65
5/23/2015 13:10,42147.55,1608,25.47,17.65
5/23/2015 13:20,42147.56,1610.5,25.46,17.65
5/23/2015 13:30,42147.56,1612.8,25.48,17.64
5/23/2015 13:40,42147.57,1614.4,25.48,17.64
5/23/2015 13:50,42147.58,1616.3,25.49,17.64
5/23/2015 14:00,42147.58,1617.8,25.49,17.64
5/23/2015 14:10,42147.59,1619.2,25.47,17.64
5/23/2015 14:20,42147.60,1620.3,25.48,17.64
5/23/2015 14:30,42147.60,1621.5,25.49,17.64
5/23/2015 14:40,42147.61,1622.3,25.47,17.65
5/23/2015 14:50,42147.62,1622.7,25.46,17.65
5/23/2015 15:00,42147.63,1623.4,25.46,17.65
5/23/2015 15:10,42147.63,1623.5,25.47,17.65
5/23/2015 15:20,42147.64,1624.2,25.47,17.65
5/23/2015 15:30,42147.65,1624.7,25.47,17.64
5/23/2015 15:40,42147.65,1625,25.46,17.65
5/23/2015 15:50,42147.66,1625.3,25.47,17.64
5/23/2015 16:00,42147.67,1625.5,25.46,17.65
5/23/2015 16:10,42147.67,1625.5,25.47,17.64
5/23/2015 16:20,42147.68,1625.2,25.47,17.65
5/23/2015 16:30,42147.69,1625.3,25.47,17.64
5/23/2015 16:40,42147.69,1624.5,25.47,17.65
5/23/2015 16:50,42147.70,1624.7,25.46,17.64
5/23/2015 17:00,42147.71,1623.8,25.46,17.65
5/23/2015 17:10,42147.72,1623.1,25.46,17.65
5/23/2015 17:20,42147.72,1622.2,25.46,17.65
5/23/2015 17:30,42147.73,1620.8,25.46,17.65
5/23/2015 17:40,42147.74,1619.4,25.45,17.65
5/23/2015 17:50,42147.74,1617.8,25.44,17.64
5/23/2015 18:00,42147.75,1616.3,25.46,17.65
5/23/2015 18:10,42147.76,1614.4,25.46,17.65
5/23/2015 18:20,42147.76,1612.8,25.46,17.65
5/23/2015 18:30,42147.77,1610.8,25.47,17.65
5/23/2015 18:40,42147.78,1609.1,25.47,17.65
5/23/2015 18:50,42147.78,1607.1,25.46,17.65
5/23/2015 19:00,42147.79,1604.8,25.45,17.64
5/23/2015 19:10,42147.80,1602.5,25.46,17.65
5/23/2015 19:20,42147.81,1600.6,25.46,17.65
5/23/2015 19:30,42147.81,1598.4,25.45,17.64
5/23/2015 19:40,42147.82,1596.7,25.46,17.65
5/23/2015 19:50,42147.83,1594.7,25.47,17.65
5/23/2015 20:00,42147.83,1592.5,25.45,17.64
5/23/2015 20:10,42147.84,1590.8,25.47,17.65
5/23/2015 20:20,42147.85,1589.2,25.46,17.65
5/23/2015 20:30,42147.85,1588,25.46,17.65
5/23/2015 20:40,42147.86,1586.6,25.45,17.64
5/23/2015 20:50,42147.87,1585.3,25.45,17.64
5/23/2015 21:00,42147.88,1583.9,25.45,17.64
5/23/2015 21:10,42147.88,1583.1,25.46,17.65
5/23/2015 21:20,42147.89,1582,25.47,17.65
5/23/2015 21:30,42147.90,1581,25.45,17.64
5/23/2015 21:40,42147.90,1580.1,25.46,17.65
5/23/2015 21:50,42147.91,1579.9,25.47,17.65
5/23/2015 22:00,42147.92,1579.2,25.47,17.65
5/23/2015 22:10,42147.92,1578.6,25.46,17.65
5/23/2015 22:20,42147.93,1578.3,25.47,17.65
5/23/2015 22:30,42147.94,1578.5,25.47,17.65
5/23/2015 22:40,42147.94,1578.4,25.48,17.64
5/23/2015 22:50,42147.95,1578.9,25.47,17.65
5/23/2015 23:00,42147.96,1579.4,25.45,17.65
5/23/2015 23:10,42147.97,1580,25.46,17.65
5/23/2015 23:20,42147.97,1581,25.46,17.65
5/23/2015 23:30,42147.98,1582.1,25.46,17.65
5/23/2015 23:40,42147.99,1583.4,25.45,17.64
5/23/2015 23:50,42147.99,1584.9,25.47,17.65
5/24/2015 0:00,42148.00,1586.2,25.46,17.65
5/24/2015 0:10,42148.01,1588,25.45,17.64
5/24/2015 0:20,42148.01,1589.5,25.45,17.64
5/24/2015 0:30,42148.02,1591.8,25.46,17.64
5/24/2015 0:40,42148.03,1594,25.47,17.65
5/24/2015 0:50,42148.03,1596.1,25.47,17.65
5/24/2015 1:00,42148.04,1597.7,25.47,17.63
5/24/2015 1:10,42148.05,1600,25.48,17.64
5/24/2015 1:20,42148.06,1602.2,25.46,17.64
5/24/2015 1:30,42148.06,1604.1,25.46,17.65
5/24/2015 1:40,42148.07,1606,25.45,17.64
5/24/2015 1:50,42148.08,1608.6,25.46,17.64
5/24/2015 2:00,42148.08,1610.5,25.46,17.65
5/24/2015 2:10,42148.09,1612.2,25.47,17.65
5/24/2015 2:20,42148.10,1613.9,25.46,17.65
5/24/2015 2:30,42148.10,1615.6,25.47,17.64
5/24/2015 2:40,42148.11,1616.5,25.47,17.65
5/24/2015 2:50,42148.12,1617.8,25.46,17.65
5/24/2015 3:00,42148.13,1618.9,25.46,17.65
5/24/2015 3:10,42148.13,1619.9,25.45,17.64
5/24/2015 3:20,42148.14,1620.5,25.46,17.65
5/24/2015 3:30,42148.15,1621.1,25.47,17.65
5/24/2015 3:40,42148.15,1621.5,25.46,17.65
5/24/2015 3:50,42148.16,1621.7,25.45,17.64
5/24/2015 4:00,42148.17,1621.9,25.47,17.63
5/24/2015 4:10,42148.17,1622.6,25.46,17.65
5/24/2015 4:20,42148.18,1622.6,25.45,17.64
5/24/2015 4:30,42148.19,1622.8,25.47,17.65
5/24/2015 4:40,42148.19,1622.4,25.47,17.65
5/24/2015 4:50,42148.20,1622.2,25.46,17.65
5/24/2015 5:00,42148.21,1621.9,25.47,17.65
5/24/2015 5:10,42148.22,1621.2,25.45,17.64
5/24/2015 5:20,42148.22,1620.6,25.46,17.65
5/24/2015 5:30,42148.23,1619.8,25.46,17.65
5/24/2015 5:40,42148.24,1618.7,25.46,17.65
5/24/2015 5:50,42148.24,1617.1,25.46,17.65
5/24/2015 6:00,42148.25,1615.6,25.48,17.64
5/24/2015 6:10,42148.26,1613.9,25.45,17.64
5/24/2015 6:20,42148.26,1612.1,25.45,17.65
5/24/2015 6:30,42148.27,1610.9,25.46,17.65
5/24/2015 6:40,42148.28,1609.5,25.46,17.65
5/24/2015 6:50,42148.28,1607.3,25.45,17.64
5/24/2015 7:00,42148.29,1605.7,25.45,17.64
5/24/2015 7:10,42148.30,1603.8,25.46,17.65
5/24/2015 7:20,42148.31,1601.5,25.45,17.64
5/24/2015 7:30,42148.31,1599.8,25.45,17.64
5/24/2015 7:40,42148.32,1598.2,25.45,17.64
5/24/2015 7:50,42148.33,1596.5,25.45,17.64
5/24/2015 8:00,42148.33,1594.6,25.46,17.65
5/24/2015 8:10,42148.34,1592.6,25.49,17.64
5/24/2015 8:20,42148.35,1591.6,25.46,17.65
5/24/2015 8:30,42148.35,1589.9,25.46,17.65
5/24/2015 8:40,42148.36,1588.6,25.47,17.65
5/24/2015 8:50,42148.37,1587.4,25.46,17.65
5/24/2015 9:00,42148.38,1586.6,25.48,17.64
5/24/2015 9:10,42148.38,1585.5,25.46,17.65
5/24/2015 9:20,42148.39,1584.5,25.46,17.65
5/24/2015 9:30,42148.40,1583.6,25.48,17.64
5/24/2015 9:40,42148.40,1582.9,25.47,17.64
5/24/2015 9:50,42148.41,1582.2,25.48,17.64
5/24/2015 10:00,42148.42,1581.5,25.46,17.65
5/24/2015 10:10,42148.42,1581.2,25.46,17.65
5/24/2015 10:20,42148.43,1580.7,25.46,17.65
5/24/2015 10:30,42148.44,1580.3,25.46,17.65
5/24/2015 10:40,42148.44,1580.1,25.47,17.65
5/24/2015 10:50,42148.45,1580.7,25.46,17.65
5/24/2015 11:00,42148.46,1581.4,25.46,17.65
5/24/2015 11:10,42148.47,1582.2,25.46,17.65
5/24/2015 11:20,42148.47,1583.3,25.45,17.64
5/24/2015 11:30,42148.48,1584.6,25.45,17.64
5/24/2015 11:40,42148.49,1586,25.46,17.65
5/24/2015 11:50,42148.49,1587.4,25.45,17.65
5/24/2015 12:00,42148.50,1589.3,25.47,17.65
5/24/2015 12:10,42148.51,1591,25.48,17.64
5/24/2015 12:20,42148.51,1592.6,25.49,17.64
5/24/2015 12:30,42148.52,1594.6,25.46,17.65
5/24/2015 12:40,42148.53,1596.1,25.48,17.64
5/24/2015 12:50,42148.53,1597.9,25.47,17.65
5/24/2015 13:00,42148.54,1599.5,25.47,17.65
5/24/2015 13:10,42148.55,1601.8,25.47,17.65
5/24/2015 13:20,42148.56,1603.8,25.47,17.64
5/24/2015 13:30,42148.56,1605.7,25.47,17.63
5/24/2015 13:40,42148.57,1608,25.46,17.65
5/24/2015 13:50,42148.58,1610.4,25.46,17.65
5/24/2015 14:00,42148.58,1612.5,25.48,17.64
5/24/2015 14:10,42148.59,1614.6,25.48,17.64
5/24/2015 14:20,42148.60,1616.5,25.49,17.64
5/24/2015 14:30,42148.60,1618,25.47,17.64
5/24/2015 14:40,42148.61,1618.9,25.45,17.64
5/24/2015 14:50,42148.62,1620,25.47,17.65
5/24/2015 15:00,42148.63,1621.1,25.48,17.64
5/24/2015 15:10,42148.63,1621.5,25.49,17.64
5/24/2015 15:20,42148.64,1622.3,25.47,17.65
5/24/2015 15:30,42148.65,1622.7,25.46,17.65
5/24/2015 15:40,42148.65,1623.4,25.46,17.65
5/24/2015 15:50,42148.66,1623.6,25.46,17.64
5/24/2015 16:00,42148.67,1624,25.47,17.65
5/24/2015 16:10,42148.67,1624.7,25.47,17.65
5/24/2015 16:20,42148.68,1624.7,25.47,17.65
5/24/2015 16:30,42148.69,1625.1,25.48,17.64
5/24/2015 16:40,42148.69,1625.3,25.48,17.64
5/24/2015 16:50,42148.70,1625.5,25.49,17.64
5/24/2015 17:00,42148.71,1625.9,25.47,17.65
5/24/2015 17:10,42148.72,1625.6,25.47,17.65
5/24/2015 17:20,42148.72,1625.5,25.48,17.64
5/24/2015 17:30,42148.73,1625,25.46,17.65
5/24/2015 17:40,42148.74,1623.8,25.46,17.65
5/24/2015 17:50,42148.74,1623.4,25.45,17.64
5/24/2015 18:00,42148.75,1622.4,25.46,17.65
5/24/2015 18:10,42148.76,1621.3,25.45,17.65
5/24/2015 18:20,42148.76,1620.3,25.46,17.65
5/24/2015 18:30,42148.77,1619.1,25.46,17.65
5/24/2015 18:40,42148.78,1617.6,25.47,17.65
5/24/2015 18:50,42148.78,1616,25.45,17.64
5/24/2015 19:00,42148.79,1614.4,25.46,17.65
5/24/2015 19:10,42148.80,1612.5,25.46,17.65
5/24/2015 19:20,42148.81,1610.7,25.45,17.64
5/24/2015 19:30,42148.81,1608.6,25.45,17.64
5/24/2015 19:40,42148.82,1606.9,25.46,17.65
5/24/2015 19:50,42148.83,1605,25.45,17.64
5/24/2015 20:00,42148.83,1602.9,25.46,17.65
5/24/2015 20:10,42148.84,1601.3,25.46,17.65
5/24/2015 20:20,42148.85,1599.3,25.47,17.65
5/24/2015 20:30,42148.85,1598.1,25.45,17.64
5/24/2015 20:40,42148.86,1596.5,25.45,17.64
5/24/2015 20:50,42148.87,1595.1,25.46,17.65
5/24/2015 21:00,42148.88,1593.7,25.48,17.64
5/24/2015 21:10,42148.88,1592.5,25.46,17.65
5/24/2015 21:20,42148.89,1591.5,25.45,17.65
5/24/2015 21:30,42148.90,1590.6,25.45,17.64
5/24/2015 21:40,42148.90,1589.5,25.46,17.65
5/24/2015 21:50,42148.91,1589.2,25.45,17.64
5/24/2015 22:00,42148.92,1589.2,25.45,17.64
5/24/2015 22:10,42148.92,1588.5,25.46,17.65
5/24/2015 22:20,42148.93,1587.8,25.46,17.65
5/24/2015 22:30,42148.94,1586.7,25.46,17.65
5/24/2015 22:40,42148.94,1586.4,25.46,17.65
5/24/2015 22:50,42148.95,1586.4,25.46,17.65
5/24/2015 23:00,42148.96,1585.5,25.45,17.64
5/24/2015 23:10,42148.97,1585.5,25.45,17.64
5/24/2015 23:20,42148.97,1585.5,25.45,17.64
5/24/2015 23:30,42148.98,1585.5,25.45,17.64
5/24/2015 23:40,42148.99,1585.8,25.47,17.65
5/24/2015 23:50,42148.99,1586.7,25.46,17.65
5/25/2015 0:00,42149.00,1587.6,25.47,17.65
5/25/2015 0:10,42149.01,1588.3,25.46,17.65
5/25/2015 0:20,42149.01,1589.3,25.47,17.65
5/25/2015 0:30,42149.02,1590.4,25.45,17.65
5/25/2015 0:40,42149.03,1591.9,25.47,17.65
5/25/2015 0:50,42149.03,1593.1,25.47,17.65
5/25/2015 1:00,42149.04,1594.5,25.47,17.65
5/25/2015 1:10,42149.05,1595.7,25.47,17.65
5/25/2015 1:20,42149.06,1597,25.46,17.65
5/25/2015 1:30,42149.06,1598.6,25.46,17.65
5/25/2015 1:40,42149.07,1600.4,25.47,17.65
5/25/2015 1:50,42149.08,1601.7,25.46,17.64
5/25/2015 2:00,42149.08,1603.2,25.47,17.63
5/25/2015 2:10,42149.09,1605,25.48,17.63
5/25/2015 2:20,42149.10,1606.9,25.47,17.63
5/25/2015 2:30,42149.10,1608.4,25.47,17.63
5/25/2015 2:40,42149.11,1610.4,25.47,17.63
5/25/2015 2:50,42149.12,1611.9,25.47,17.65
5/25/2015 3:00,42149.13,1613.4,25.47,17.65
5/25/2015 3:10,42149.13,1614.8,25.47,17.65
5/25/2015 3:20,42149.14,1616,25.46,17.65
5/25/2015 3:30,42149.15,1617,25.47,17.64
5/25/2015 3:40,42149.15,1618,25.47,17.63
5/25/2015 3:50,42149.16,1618.9,25.49,17.64
5/25/2015 4:00,42149.17,1619.6,25.49,17.64
5/25/2015 4:10,42149.17,1620.3,25.46,17.65
5/25/2015 4:20,42149.18,1621,25.46,17.65
5/25/2015 4:30,42149.19,1621.2,25.47,17.65
5/25/2015 4:40,42149.19,1621.9,25.48,17.64
5/25/2015 4:50,42149.20,1621.9,25.48,17.64
5/25/2015 5:00,42149.21,1622,25.48,17.64
5/25/2015 5:10,42149.22,1622,25.48,17.64
5/25/2015 5:20,42149.22,1621.9,25.47,17.64
5/25/2015 5:30,42149.23,1621.3,25.46,17.65
5/25/2015 5:40,42149.24,1621.2,25.48,17.64
5/25/2015 5:50,42149.24,1620.7,25.47,17.65
5/25/2015 6:00,42149.25,1620.2,25.47,17.65
5/25/2015 6:10,42149.26,1619.2,25.46,17.65
5/25/2015 6:20,42149.26,1618.4,25.46,17.65
5/25/2015 6:30,42149.27,1617.3,25.46,17.65
5/25/2015 6:40,42149.28,1615.8,25.47,17.65
5/25/2015 6:50,42149.28,1614.6,25.46,17.65
5/25/2015 7:00,42149.29,1613.2,25.46,17.65
5/25/2015 7:10,42149.30,1611.8,25.45,17.65
5/25/2015 7:20,42149.31,1610.4,25.46,17.64
5/25/2015 7:30,42149.31,1608.7,25.47,17.65
5/25/2015 7:40,42149.32,1607,25.47,17.65
5/25/2015 7:50,42149.33,1605.3,25.46,17.65
5/25/2015 8:00,42149.33,1604.3,25.45,17.65
5/25/2015 8:10,42149.34,1602.8,25.47,17.65
5/25/2015 8:20,42149.35,1601.5,25.45,17.64
5/25/2015 8:30,42149.35,1600.3,25.45,17.64
5/25/2015 8:40,42149.36,1598.9,25.46,17.65
5/25/2015 8:50,42149.37,1597.9,25.46,17.65
5/25/2015 9:00,42149.38,1596.7,25.46,17.65
5/25/2015 9:10,42149.38,1595.4,25.45,17.64
5/25/2015 9:20,42149.39,1594.4,25.46,17.65
5/25/2015 9:30,42149.40,1593.5,25.46,17.65
5/25/2015 9:40,42149.40,1592.8,25.48,17.64
5/25/2015 9:50,42149.41,1591.9,25.48,17.64
5/25/2015 10:00,42149.42,1591.2,25.47,17.65
5/25/2015 10:10,42149.42,1590.8,25.47,17.65
5/25/2015 10:20,42149.43,1590.2,25.46,17.65
5/25/2015 10:30,42149.44,1589.9,25.45,17.64
5/25/2015 10:40,42149.44,1589.7,25.46,17.65
5/25/2015 10:50,42149.45,1589.4,25.45,17.64
5/25/2015 11:00,42149.46,1589.2,25.45,17.64
5/25/2015 11:10,42149.47,1589.1,25.47,17.65
5/25/2015 11:20,42149.47,1589.5,25.46,17.65
5/25/2015 11:30,42149.48,1589.7,25.46,17.65
5/25/2015 11:40,42149.49,1590,25.47,17.65
5/25/2015 11:50,42149.49,1590.9,25.46,17.65
5/25/2015 12:00,42149.50,1591.9,25.48,17.64
5/25/2015 12:10,42149.51,1592.7,25.47,17.65
5/25/2015 12:20,42149.51,1593.9,25.45,17.65
5/25/2015 12:30,42149.52,1595.4,25.46,17.65
5/25/2015 12:40,42149.53,1596.7,25.45,17.64
5/25/2015 12:50,42149.53,1598.2,25.45,17.64
5/25/2015 13:00,42149.54,1599.7,25.47,17.65
5/25/2015 13:10,42149.55,1601.4,25.47,17.65
5/25/2015 13:20,42149.56,1602.7,25.47,17.65
5/25/2015 13:30,42149.56,1604.3,25.46,17.65
5/25/2015 13:40,42149.57,1606.3,25.47,17.65
5/25/2015 13:50,42149.58,1607.9,25.48,17.64
5/25/2015 14:00,42149.58,1609.4,25.47,17.65
5/25/2015 14:10,42149.59,1611.4,25.46,17.65
5/25/2015 14:20,42149.60,1613.3,25.47,17.65
5/25/2015 14:30,42149.60,1615.1,25.47,17.65
5/25/2015 14:40,42149.61,1616.7,25.47,17.65
5/25/2015 14:50,42149.62,1618.1,25.47,17.65
5/25/2015 15:00,42149.63,1619.9,25.47,17.65
5/25/2015 15:10,42149.63,1620.8,25.46,17.65
5/25/2015 15:20,42149.64,1621.7,25.47,17.65
5/25/2015 15:30,42149.65,1622.9,25.45,17.64
5/25/2015 15:40,42149.65,1623.4,25.47,17.64
5/25/2015 15:50,42149.66,1624.1,25.48,17.64
5/25/2015 16:00,42149.67,1624.5,25.46,17.65
5/25/2015 16:10,42149.67,1625,25.46,17.65
5/25/2015 16:20,42149.68,1625.5,25.46,17.65
5/25/2015 16:30,42149.69,1625.5,25.46,17.65
5/25/2015 16:40,42149.69,1625.8,25.46,17.65
5/25/2015 16:50,42149.70,1626.3,25.47,17.65
5/25/2015 17:00,42149.71,1626.3,25.48,17.64
5/25/2015 17:10,42149.72,1626.7,25.46,17.65
5/25/2015 17:20,42149.72,1626.5,25.46,17.65
5/25/2015 17:30,42149.73,1626.5,25.46,17.65
5/25/2015 17:40,42149.74,1626.5,25.46,17.65
5/25/2015 17:50,42149.74,1626.7,25.46,17.65
5/25/2015 18:00,42149.75,1626.3,25.47,17.65
5/25/2015 18:10,42149.76,1625.6,25.47,17.63
5/25/2015 18:20,42149.76,1624.8,25.45,17.64
5/25/2015 18:30,42149.77,1624.1,25.48,17.64
5/25/2015 18:40,42149.78,1623.1,25.47,17.65
5/25/2015 18:50,42149.78,1622.2,25.46,17.65
5/25/2015 19:00,42149.79,1621.2,25.46,17.65
5/25/2015 19:10,42149.80,1619.8,25.46,17.65
5/25/2015 19:20,42149.81,1618.5,25.45,17.65
5/25/2015 19:30,42149.81,1616.8,25.45,17.64
5/25/2015 19:40,42149.82,1615.3,25.45,17.64
5/25/2015 19:50,42149.83,1613.3,25.46,17.65
5/25/2015 20:00,42149.83,1611.6,25.46,17.65
5/25/2015 20:10,42149.84,1609.8,25.47,17.65
5/25/2015 20:20,42149.85,1607.8,25.45,17.64
5/25/2015 20:30,42149.85,1606,25.46,17.65
5/25/2015 20:40,42149.86,1604.6,25.47,17.65
5/25/2015 20:50,42149.87,1602.9,25.47,17.64
5/25/2015 21:00,42149.88,1601.8,25.45,17.64
5/25/2015 21:10,42149.88,1601.5,25.46,17.65
5/25/2015 21:20,42149.89,1600,25.46,17.65
5/25/2015 21:30,42149.90,1598.8,25.45,17.64
5/25/2015 21:40,42149.90,1597.4,25.46,17.65
5/25/2015 21:50,42149.91,1595.6,25.46,17.65
5/25/2015 22:00,42149.92,1594.5,25.47,17.65
5/25/2015 22:10,42149.92,1593.3,25.45,17.64
5/25/2015 22:20,42149.93,1592.3,25.45,17.64
5/25/2015 22:30,42149.94,1591.3,25.45,17.64
5/25/2015 22:40,42149.94,1590,25.47,17.65
5/25/2015 22:50,42149.95,1589.3,25.47,17.65
5/25/2015 23:00,42149.96,1588.3,25.46,17.65
5/25/2015 23:10,42149.97,1587.7,25.47,17.65
5/25/2015 23:20,42149.97,1587.3,25.45,17.65
5/25/2015 23:30,42149.98,1586.9,25.46,17.65
5/25/2015 23:40,42149.99,1586.2,25.46,17.65
5/25/2015 23:50,42149.99,1586.3,25.47,17.65
5/26/2015 0:00,42150.00,1585.9,25.47,17.63
5/26/2015 0:10,42150.01,1585.9,25.45,17.64
5/26/2015 0:20,42150.01,1585.7,25.46,17.64
5/26/2015 0:30,42150.02,1585.7,25.45,17.64
5/26/2015 0:40,42150.03,1586,25.46,17.65
5/26/2015 0:50,42150.03,1586.6,25.46,17.65
5/26/2015 1:00,42150.04,1587.1,25.45,17.64
5/26/2015 1:10,42150.05,1588,25.46,17.65
5/26/2015 1:20,42150.06,1588.8,25.46,17.65
5/26/2015 1:30,42150.06,1590.1,25.46,17.65
5/26/2015 1:40,42150.07,1591,25.47,17.65
5/26/2015 1:50,42150.08,1592.3,25.48,17.64
5/26/2015 2:00,42150.08,1593.9,25.46,17.65
5/26/2015 2:10,42150.09,1595.1,25.46,17.65
5/26/2015 2:20,42150.10,1596.4,25.47,17.65
5/26/2015 2:30,42150.10,1597.5,25.46,17.65
5/26/2015 2:40,42150.11,1598.9,25.44,17.64
5/26/2015 2:50,42150.12,1600.6,25.46,17.65
5/26/2015 3:00,42150.13,1602.2,25.45,17.64
5/26/2015 3:10,42150.13,1603.8,25.46,17.65
5/26/2015 3:20,42150.14,1604.9,25.47,17.65
5/26/2015 3:30,42150.15,1606.4,25.46,17.65
5/26/2015 3:40,42150.15,1608,25.46,17.65
5/26/2015 3:50,42150.16,1609.5,25.46,17.65
5/26/2015 4:00,42150.17,1610.8,25.47,17.65
5/26/2015 4:10,42150.17,1612.1,25.46,17.65
5/26/2015 4:20,42150.18,1613.3,25.48,17.64
5/26/2015 4:30,42150.19,1614.4,25.48,17.64
5/26/2015 4:40,42150.19,1615.7,25.48,17.64
5/26/2015 4:50,42150.20,1616.7,25.47,17.65
5/26/2015 5:00,42150.21,1617.4,25.47,17.65
5/26/2015 5:10,42150.22,1618.2,25.48,17.64
5/26/2015 5:20,42150.22,1619.2,25.49,17.64
5/26/2015 5:30,42150.23,1619.9,25.46,17.65
5/26/2015 5:40,42150.24,1620.6,25.47,17.65
5/26/2015 5:50,42150.24,1621,25.48,17.64
5/26/2015 6:00,42150.25,1621.2,25.46,17.65
5/26/2015 6:10,42150.26,1621.3,25.48,17.64
5/26/2015 6:20,42150.26,1621.5,25.48,17.64
5/26/2015 6:30,42150.27,1621.2,25.47,17.64
5/26/2015 6:40,42150.28,1620.8,25.46,17.65
5/26/2015 6:50,42150.28,1620.3,25.47,17.64
5/26/2015 7:00,42150.29,1620,25.47,17.65
5/26/2015 7:10,42150.30,1619.4,25.46,17.65
5/26/2015 7:20,42150.31,1618.5,25.47,17.65
5/26/2015 7:30,42150.31,1617.5,25.48,17.64
5/26/2015 7:40,42150.32,1616.8,25.46,17.65
5/26/2015 7:50,42150.33,1615.8,25.46,17.65
5/26/2015 8:00,42150.33,1614.6,25.46,17.65
5/26/2015 8:10,42150.34,1613.3,25.46,17.65
5/26/2015 8:20,42150.35,1612.2,25.47,17.65
5/26/2015 8:30,42150.35,1610.9,25.46,17.65
5/26/2015 8:40,42150.36,1609.7,25.46,17.65
5/26/2015 8:50,42150.37,1608.4,25.47,17.65
5/26/2015 9:00,42150.38,1607.2,25.48,17.64
5/26/2015 9:10,42150.38,1605.9,25.48,17.64
5/26/2015 9:20,42150.39,1604.4,25.47,17.65
5/26/2015 9:30,42150.40,1603.2,25.45,17.65
5/26/2015 9:40,42150.40,1602,25.46,17.65
5/26/2015 9:50,42150.41,1600.8,25.45,17.64
5/26/2015 10:00,42150.42,1599.8,25.46,17.65
5/26/2015 10:10,42150.42,1598.4,25.46,17.65
5/26/2015 10:20,42150.43,1597.7,25.46,17.65
5/26/2015 10:30,42150.44,1596.9,25.47,17.65
5/26/2015 10:40,42150.44,1596.2,25.47,17.65
5/26/2015 10:50,42150.45,1595,25.47,17.65
5/26/2015 11:00,42150.46,1594,25.47,17.65
5/26/2015 11:10,42150.47,1593.1,25.48,17.64
5/26/2015 11:20,42150.47,1592.3,25.45,17.64
5/26/2015 11:30,42150.48,1591.8,25.46,17.65
5/26/2015 11:40,42150.49,1590.9,25.45,17.64
5/26/2015 11:50,42150.49,1590.4,25.45,17.65
5/26/2015 12:00,42150.50,1590.1,25.46,17.65
5/26/2015 12:10,42150.51,1589.7,25.45,17.64
5/26/2015 12:20,42150.51,1589.7,25.46,17.65
5/26/2015 12:30,42150.52,1590.2,25.46,17.64
5/26/2015 12:40,42150.53,1590.6,25.45,17.64
5/26/2015 12:50,42150.53,1590.9,25.46,17.65
5/26/2015 13:00,42150.54,1591.6,25.48,17.63
5/26/2015 13:10,42150.55,1592.4,25.47,17.65
5/26/2015 13:20,42150.56,1593.3,25.46,17.65
5/26/2015 13:30,42150.56,1594.2,25.46,17.65
5/26/2015 13:40,42150.57,1595.3,25.45,17.64
5/26/2015 13:50,42150.58,1596.3,25.46,17.65
5/26/2015 14:00,42150.58,1597.5,25.45,17.64
5/26/2015 14:10,42150.59,1598.8,25.48,17.64
5/26/2015 14:20,42150.60,1600.1,25.46,17.65
5/26/2015 14:30,42150.60,1601.5,25.46,17.65
5/26/2015 14:40,42150.61,1602.9,25.46,17.64
5/26/2015 14:50,42150.62,1604.3,25.44,17.64
5/26/2015 15:00,42150.63,1605.9,25.45,17.64
5/26/2015 15:10,42150.63,1607.1,25.45,17.64
5/26/2015 15:20,42150.64,1608.6,25.45,17.64
5/26/2015 15:30,42150.65,1610.1,25.47,17.65
5/26/2015 15:40,42150.65,1611.8,25.45,17.64
5/26/2015 15:50,42150.66,1613.3,25.46,17.65
5/26/2015 16:00,42150.67,1614.7,25.46,17.65
5/26/2015 16:10,42150.67,1616,25.44,17.64
5/26/2015 16:20,42150.68,1617.1,25.44,17.64
5/26/2015 16:30,42150.69,1618,25.45,17.64
5/26/2015 16:40,42150.69,1619.2,25.47,17.65
5/26/2015 16:50,42150.70,1620.1,25.46,17.65
5/26/2015 17:00,42150.71,1621,25.47,17.63
5/26/2015 17:10,42150.72,1621.7,25.47,17.65
5/26/2015 17:20,42150.72,1622.4,25.47,17.65
5/26/2015 17:30,42150.73,1623,25.47,17.65
5/26/2015 17:40,42150.74,1623.3,25.47,17.65
5/26/2015 17:50,42150.74,1623.8,25.47,17.65
5/26/2015 18:00,42150.75,1624.1,25.46,17.65
5/26/2015 18:10,42150.76,1624,25.47,17.65
5/26/2015 18:20,42150.76,1624.7,25.47,17.63
5/26/2015 18:30,42150.77,1624.7,25.47,17.65
5/26/2015 18:40,42150.78,1624.5,25.47,17.65
5/26/2015 18:50,42150.78,1624.4,25.47,17.65
5/26/2015 19:00,42150.79,1624.1,25.46,17.65
5/26/2015 19:10,42150.80,1624.3,25.46,17.65
5/26/2015 19:20,42150.81,1623.6,25.46,17.65
5/26/2015 19:30,42150.81,1622.9,25.46,17.64
5/26/2015 19:40,42150.82,1622.4,25.47,17.64
5/26/2015 19:50,42150.83,1621.3,25.46,17.65
5/26/2015 20:00,42150.83,1620.5,25.46,17.65
5/26/2015 20:10,42150.84,1619.1,25.46,17.65
5/26/2015 20:20,42150.85,1617.8,25.47,17.65
5/26/2015 20:30,42150.85,1616.7,25.46,17.65
5/26/2015 20:40,42150.86,1614.9,25.48,17.64
5/26/2015 20:50,42150.87,1613.5,25.46,17.65
5/26/2015 21:00,42150.88,1611.9,25.46,17.65
5/26/2015 21:10,42150.88,1610.5,25.46,17.65
5/26/2015 21:20,42150.89,1609,25.46,17.65
5/26/2015 21:30,42150.90,1607.5,25.47,17.65
5/26/2015 21:40,42150.90,1606,25.46,17.65
5/26/2015 21:50,42150.91,1604.5,25.46,17.65
5/26/2015 22:00,42150.92,1603.1,25.46,17.64
5/26/2015 22:10,42150.92,1601.8,25.47,17.65
5/26/2015 22:20,42150.93,1600.4,25.46,17.65
5/26/2015 22:30,42150.94,1599.1,25.46,17.65
5/26/2015 22:40,42150.94,1598.2,25.45,17.64
5/26/2015 22:50,42150.95,1596.8,25.46,17.65
5/26/2015 23:00,42150.96,1596.3,25.46,17.65
5/26/2015 23:10,42150.97,1595.1,25.46,17.65
5/26/2015 23:20,42150.97,1593.9,25.46,17.65
5/26/2015 23:30,42150.98,1593,25.46,17.65
5/26/2015 23:40,42150.99,1592.2,25.47,17.65
5/26/2015 23:50,42150.99,1591.3,25.46,17.65
5/27/2015 0:00,42151.00,1590.1,25.46,17.65
5/27/2015 0:10,42151.01,1589.7,25.46,17.65
5/27/2015 0:20,42151.01,1589,25.46,17.65
5/27/2015 0:30,42151.02,1588.7,25.45,17.65
5/27/2015 0:40,42151.03,1588,25.45,17.64
5/27/2015 0:50,42151.03,1587.6,25.46,17.65
5/27/2015 1:00,42151.04,1587.6,25.47,17.65
5/27/2015 1:10,42151.05,1587.1,25.45,17.64
5/27/2015 1:20,42151.06,1587.3,25.45,17.64
5/27/2015 1:30,42151.06,1587.6,25.45,17.64
5/27/2015 1:40,42151.07,1587.8,25.46,17.65
5/27/2015 1:50,42151.08,1588.8,25.45,17.64
5/27/2015 2:00,42151.08,1589.4,25.46,17.65
5/27/2015 2:10,42151.09,1590.2,25.45,17.64
5/27/2015 2:20,42151.10,1590.9,25.46,17.65
5/27/2015 2:30,42151.10,1591.9,25.46,17.65
5/27/2015 2:40,42151.11,1593.3,25.46,17.65
5/27/2015 2:50,42151.12,1594.7,25.47,17.65
5/27/2015 3:00,42151.13,1595.7,25.47,17.65
5/27/2015 3:10,42151.13,1597.1,25.47,17.65
5/27/2015 3:20,42151.14,1598.6,25.46,17.64
5/27/2015 3:30,42151.15,1600,25.46,17.65
5/27/2015 3:40,42151.15,1601.1,25.46,17.65
5/27/2015 3:50,42151.16,1602.9,25.46,17.65
5/27/2015 4:00,42151.17,1604.5,25.46,17.65
5/27/2015 4:10,42151.17,1606.1,25.47,17.65
5/27/2015 4:20,42151.18,1607.8,25.48,17.64
5/27/2015 4:30,42151.19,1609.6,25.48,17.64
5/27/2015 4:40,42151.19,1611.4,25.46,17.65
5/27/2015 4:50,42151.20,1613,25.46,17.65
5/27/2015 5:00,42151.21,1614.4,25.47,17.65
5/27/2015 5:10,42151.22,1616,25.48,17.64
5/27/2015 5:20,42151.22,1617.1,25.49,17.64
5/27/2015 5:30,42151.23,1618.5,25.46,17.65
5/27/2015 5:40,42151.24,1619.4,25.48,17.64
5/27/2015 5:50,42151.24,1620.5,25.46,17.65
5/27/2015 6:00,42151.25,1621.2,25.48,17.64
5/27/2015 6:10,42151.26,1621.9,25.48,17.64
5/27/2015 6:20,42151.26,1622.4,25.49,17.64
5/27/2015 6:30,42151.27,1623.1,25.49,17.64
5/27/2015 6:40,42151.28,1623.8,25.49,17.64
5/27/2015 6:50,42151.28,1624.1,25.49,17.64
5/27/2015 7:00,42151.29,1624.4,25.47,17.65
5/27/2015 7:10,42151.30,1624.5,25.46,17.65
5/27/2015 7:20,42151.31,1625,25.46,17.65
5/27/2015 7:30,42151.31,1624.8,25.46,17.65
5/27/2015 7:40,42151.32,1624.9,25.48,17.64
5/27/2015 7:50,42151.33,1624.5,25.47,17.65
5/27/2015 8:00,42151.33,1624,25.48,17.64
5/27/2015 8:10,42151.34,1624,25.45,17.64
5/27/2015 8:20,42151.35,1623.3,25.46,17.65
5/27/2015 8:30,42151.35,1622.2,25.46,17.65
5/27/2015 8:40,42151.36,1621.1,25.47,17.65
5/27/2015 8:50,42151.37,1620.5,25.46,17.65
5/27/2015 9:00,42151.38,1619.2,25.48,17.64
5/27/2015 9:10,42151.38,1618.1,25.47,17.65
5/27/2015 9:20,42151.39,1616.7,25.46,17.65
5/27/2015 9:30,42151.40,1615.4,25.45,17.64
5/27/2015 9:40,42151.40,1614,25.46,17.64
5/27/2015 9:50,42151.41,1612.8,25.45,17.64
5/27/2015 10:00,42151.42,1610.9,25.46,17.65
5/27/2015 10:10,42151.42,1609.5,25.46,17.65
5/27/2015 10:20,42151.43,1607.7,25.47,17.65
5/27/2015 10:30,42151.44,1606.4,25.47,17.63
5/27/2015 10:40,42151.44,1605.2,25.46,17.65
5/27/2015 10:50,42151.45,1603.6,25.46,17.65
5/27/2015 11:00,42151.46,1602.2,25.47,17.63
5/27/2015 11:10,42151.47,1601.3,25.47,17.65
5/27/2015 11:20,42151.47,1600.1,25.46,17.65
5/27/2015 11:30,42151.48,1599.1,25.45,17.64
5/27/2015 11:40,42151.49,1598.1,25.46,17.64
5/27/2015 11:50,42151.49,1597,25.45,17.64
5/27/2015 12:00,42151.50,1595.7,25.47,17.65
5/27/2015 12:10,42151.51,1594.7,25.46,17.65
5/27/2015 12:20,42151.51,1593.7,25.46,17.65
5/27/2015 12:30,42151.52,1592.8,25.46,17.65
5/27/2015 12:40,42151.53,1592.3,25.46,17.65
5/27/2015 12:50,42151.53,1591.5,25.45,17.64
5/27/2015 13:00,42151.54,1590.9,25.46,17.65
5/27/2015 13:10,42151.55,1590.6,25.45,17.64
5/27/2015 13:20,42151.56,1590.2,25.46,17.65
5/27/2015 13:30,42151.56,1590.1,25.46,17.65
5/27/2015 13:40,42151.57,1590.1,25.45,17.64
5/27/2015 13:50,42151.58,1590.2,25.46,17.65
5/27/2015 14:00,42151.58,1590.2,25.46,17.65
5/27/2015 14:10,42151.59,1590.5,25.47,17.65
5/27/2015 14:20,42151.60,1591.2,25.47,17.65
5/27/2015 14:30,42151.60,1591.8,25.45,17.64
5/27/2015 14:40,42151.61,1592.3,25.45,17.64
5/27/2015 14:50,42151.62,1593.1,25.47,17.65
5/27/2015 15:00,42151.63,1594.1,25.47,17.65
5/27/2015 15:10,42151.63,1595.1,25.46,17.65
5/27/2015 15:20,42151.64,1596.1,25.46,17.65
5/27/2015 15:30,42151.65,1597.2,25.47,17.63
5/27/2015 15:40,42151.65,1598.6,25.47,17.64
5/27/2015 15:50,42151.66,1599.8,25.45,17.64
5/27/2015 16:00,42151.67,1601.3,25.47,17.65
5/27/2015 16:10,42151.67,1602.5,25.46,17.65
5/27/2015 16:20,42151.68,1604.1,25.47,17.65
5/27/2015 16:30,42151.69,1605.9,25.45,17.64
5/27/2015 16:40,42151.69,1607.3,25.47,17.65
5/27/2015 16:50,42151.70,1608.7,25.47,17.65
5/27/2015 17:00,42151.71,1610.3,25.47,17.65
5/27/2015 17:10,42151.72,1611.6,25.46,17.65
5/27/2015 17:20,42151.72,1613,25.46,17.65
5/27/2015 17:30,42151.73,1614.1,25.47,17.65
5/27/2015 17:40,42151.74,1615.5,25.47,17.65
5/27/2015 17:50,42151.74,1616.9,25.48,17.64
5/27/2015 18:00,42151.75,1617.8,25.48,17.64
5/27/2015 18:10,42151.76,1618.7,25.48,17.64
5/27/2015 18:20,42151.76,1619.8,25.47,17.63
5/27/2015 18:30,42151.77,1620.6,25.48,17.64
5/27/2015 18:40,42151.78,1621.2,25.45,17.64
5/27/2015 18:50,42151.78,1621.7,25.46,17.65
5/27/2015 19:00,42151.79,1622.2,25.48,17.64
5/27/2015 19:10,42151.80,1622.6,25.48,17.64
5/27/2015 19:20,42151.81,1622.7,25.49,17.64
5/27/2015 19:30,42151.81,1623.1,25.47,17.64
5/27/2015 19:40,42151.82,1623.3,25.49,17.64
5/27/2015 19:50,42151.83,1623.1,25.47,17.65
5/27/2015 20:00,42151.83,1622.9,25.47,17.64
5/27/2015 20:10,42151.84,1622.4,25.47,17.65
5/27/2015 20:20,42151.85,1622.2,25.46,17.65
5/27/2015 20:30,42151.85,1621.7,25.45,17.65
5/27/2015 20:40,42151.86,1621.2,25.46,17.65
5/27/2015 20:50,42151.87,1620.3,25.46,17.65
5/27/2015 21:00,42151.88,1619.2,25.46,17.65
5/27/2015 21:10,42151.88,1617.9,25.47,17.65
5/27/2015 21:20,42151.89,1616.7,25.47,17.65
5/27/2015 21:30,42151.90,1615.6,25.45,17.64
5/27/2015 21:40,42151.90,1614.2,25.46,17.65
5/27/2015 21:50,42151.91,1613.1,25.47,17.65
5/27/2015 22:00,42151.92,1611.8,25.46,17.65
5/27/2015 22:10,42151.92,1610.1,25.47,17.65
5/27/2015 22:20,42151.93,1609.1,25.47,17.65
5/27/2015 22:30,42151.94,1607.6,25.46,17.65
5/27/2015 22:40,42151.94,1606.2,25.47,17.64
5/27/2015 22:50,42151.95,1604.8,25.47,17.65
5/27/2015 23:00,42151.96,1603.2,25.47,17.65
5/27/2015 23:10,42151.97,1601.4,25.47,17.65
5/27/2015 23:20,42151.97,1600,25.48,17.64
5/27/2015 23:30,42151.98,1598.4,25.47,17.64
5/27/2015 23:40,42151.99,1597.5,25.47,17.65
5/27/2015 23:50,42151.99,1596.1,25.47,17.65
5/28/2015 0:00,42152.00,1594.7,25.48,17.64
5/28/2015 0:10,42152.01,1593.5,25.48,17.64
5/28/2015 0:20,42152.01,1592.1,25.47,17.64
5/28/2015 0:30,42152.02,1591.5,25.46,17.65
5/28/2015 0:40,42152.03,1590.2,25.46,17.65
5/28/2015 0:50,42152.03,1589.3,25.47,17.65
5/28/2015 1:00,42152.04,1588.8,25.47,17.65
5/28/2015 1:10,42152.05,1587.8,25.46,17.65
5/28/2015 1:20,42152.06,1587.4,25.46,17.65
5/28/2015 1:30,42152.06,1586.9,25.45,17.65
5/28/2015 1:40,42152.07,1586.6,25.45,17.64
5/28/2015 1:50,42152.08,1586.2,25.47,17.65
5/28/2015 2:00,42152.08,1585.9,25.45,17.64
5/28/2015 2:10,42152.09,1585.7,25.46,17.65
5/28/2015 2:20,42152.10,1585.7,25.48,17.64
5/28/2015 2:30,42152.10,1585.5,25.46,17.65
5/28/2015 2:40,42152.11,1585.9,25.48,17.64
5/28/2015 2:50,42152.12,1586,25.47,17.65
5/28/2015 3:00,42152.13,1586.7,25.46,17.65
5/28/2015 3:10,42152.13,1586.9,25.45,17.64
5/28/2015 3:20,42152.14,1587.9,25.47,17.65
5/28/2015 3:30,42152.15,1588.8,25.45,17.64
5/28/2015 3:40,42152.15,1589.9,25.46,17.65
5/28/2015 3:50,42152.16,1590.8,25.47,17.65
5/28/2015 4:00,42152.17,1591.9,25.47,17.64
5/28/2015 4:10,42152.17,1593.3,25.48,17.64
5/28/2015 4:20,42152.18,1594.7,25.47,17.65
5/28/2015 4:30,42152.19,1596.1,25.47,17.65
5/28/2015 4:40,42152.19,1597.7,25.47,17.64
5/28/2015 4:50,42152.20,1599.1,25.48,17.64
5/28/2015 5:00,42152.21,1601,25.48,17.64
5/28/2015 5:10,42152.22,1602.7,25.48,17.64
5/28/2015 5:20,42152.22,1604.3,25.46,17.65
5/28/2015 5:30,42152.23,1606.2,25.45,17.64
5/28/2015 5:40,42152.24,1607.8,25.46,17.65
5/28/2015 5:50,42152.24,1609.7,25.46,17.65
5/28/2015 6:00,42152.25,1611.4,25.46,17.64
5/28/2015 6:10,42152.26,1613,25.45,17.65
5/28/2015 6:20,42152.26,1614.6,25.46,17.64
5/28/2015 6:30,42152.27,1615.7,25.47,17.65
5/28/2015 6:40,42152.28,1617.3,25.46,17.65
5/28/2015 6:50,42152.28,1618.5,25.47,17.65
5/28/2015 7:00,42152.29,1619.4,25.48,17.64
5/28/2015 7:10,42152.30,1620.4,25.48,17.64
5/28/2015 7:20,42152.31,1621,25.48,17.64
5/28/2015 7:30,42152.31,1621.7,25.47,17.64
5/28/2015 7:40,42152.32,1622.4,25.48,17.64
5/28/2015 7:50,42152.33,1623.1,25.46,17.65
5/28/2015 8:00,42152.33,1623.4,25.46,17.65
5/28/2015 8:10,42152.34,1624,25.46,17.65
5/28/2015 8:20,42152.35,1624.4,25.47,17.65
5/28/2015 8:30,42152.35,1624.3,25.48,17.64
5/28/2015 8:40,42152.36,1624.3,25.48,17.64
5/28/2015 8:50,42152.37,1624.3,25.49,17.64
5/28/2015 9:00,42152.38,1624.1,25.47,17.64
5/28/2015 9:10,42152.38,1623.7,25.47,17.65
5/28/2015 9:20,42152.39,1623.5,25.47,17.65
5/28/2015 9:30,42152.40,1622.9,25.47,17.64
5/28/2015 9:40,42152.40,1622.2,25.47,17.64
5/28/2015 9:50,42152.41,1621.5,25.47,17.63
5/28/2015 10:00,42152.42,1620.5,25.45,17.65
5/28/2015 10:10,42152.42,1619.4,25.46,17.65
5/28/2015 10:20,42152.43,1618.3,25.47,17.65
5/28/2015 10:30,42152.44,1616.4,25.47,17.65
5/28/2015 10:40,42152.44,1615.1,25.46,17.65
5/28/2015 10:50,42152.45,1613.7,25.46,17.65
5/28/2015 11:00,42152.46,1612.3,25.45,17.64
5/28/2015 11:10,42152.47,1610.7,25.48,17.64
5/28/2015 11:20,42152.47,1609.3,25.47,17.65
5/28/2015 11:30,42152.48,1607.3,25.45,17.65
5/28/2015 11:40,42152.49,1605.7,25.46,17.65
5/28/2015 11:50,42152.49,1604.1,25.46,17.65
5/28/2015 12:00,42152.50,1602.7,25.47,17.65
5/28/2015 12:10,42152.51,1601.1,25.46,17.65
5/28/2015 12:20,42152.51,1599.6,25.46,17.65
5/28/2015 12:30,42152.52,1598.6,25.46,17.64
5/28/2015 12:40,42152.53,1597.3,25.47,17.65
5/28/2015 12:50,42152.53,1596.1,25.46,17.65
5/28/2015 13:00,42152.54,1594.8,25.47,17.65
5/28/2015 13:10,42152.55,1594,25.46,17.65
5/28/2015 13:20,42152.56,1592.8,25.46,17.65
5/28/2015 13:30,42152.56,1591.7,25.47,17.65
5/28/2015 13:40,42152.57,1590.9,25.45,17.64
5/28/2015 13:50,42152.58,1590.1,25.45,17.65
5/28/2015 14:00,42152.58,1589.2,25.48,17.64
5/28/2015 14:10,42152.59,1588.5,25.45,17.65
5/28/2015 14:20,42152.60,1588,25.46,17.65
5/28/2015 14:30,42152.60,1587.3,25.46,17.65
5/28/2015 14:40,42152.61,1586.9,25.45,17.64
5/28/2015 14:50,42152.62,1586.4,25.46,17.65
5/28/2015 15:00,42152.63,1586.5,25.47,17.65
5/28/2015 15:10,42152.63,1586.4,25.45,17.64
5/28/2015 15:20,42152.64,1586.7,25.47,17.65
5/28/2015 15:30,42152.65,1586.7,25.46,17.65
5/28/2015 15:40,42152.65,1587.2,25.47,17.65
5/28/2015 15:50,42152.66,1588.1,25.48,17.64
5/28/2015 16:00,42152.67,1588.7,25.48,17.64
5/28/2015 16:10,42152.67,1589.7,25.48,17.64
5/28/2015 16:20,42152.68,1590.6,25.47,17.64
5/28/2015 16:30,42152.69,1591.8,25.48,17.64
5/28/2015 16:40,42152.69,1593.3,25.46,17.65
5/28/2015 16:50,42152.70,1594.4,25.46,17.65
5/28/2015 17:00,42152.71,1595.9,25.47,17.65
5/28/2015 17:10,42152.72,1597.3,25.47,17.65
5/28/2015 17:20,42152.72,1598.6,25.46,17.65
5/28/2015 17:30,42152.73,1600.1,25.45,17.64
5/28/2015 17:40,42152.74,1601.7,25.45,17.64
5/28/2015 17:50,42152.74,1603.2,25.46,17.65
5/28/2015 18:00,42152.75,1605,25.45,17.64
5/28/2015 18:10,42152.76,1606.7,25.46,17.65
5/28/2015 18:20,42152.76,1608.1,25.46,17.65
5/28/2015 18:30,42152.77,1610.2,25.45,17.64
5/28/2015 18:40,42152.78,1611.6,25.47,17.64
5/28/2015 18:50,42152.78,1613.3,25.47,17.65
5/28/2015 19:00,42152.79,1614.6,25.48,17.64
5/28/2015 19:10,42152.80,1616.2,25.47,17.65
5/28/2015 19:20,42152.81,1616.7,25.47,17.65
5/28/2015 19:30,42152.81,1618.1,25.47,17.65
5/28/2015 19:40,42152.82,1619.3,25.48,17.64
5/28/2015 19:50,42152.83,1619.9,25.46,17.65
5/28/2015 20:00,42152.83,1620.8,25.46,17.65
5/28/2015 20:10,42152.84,1621.3,25.46,17.65
5/28/2015 20:20,42152.85,1621.9,25.46,17.65
5/28/2015 20:30,42152.85,1622.2,25.46,17.65
5/28/2015 20:40,42152.86,1622.6,25.45,17.64
5/28/2015 20:50,42152.87,1622.6,25.46,17.64
5/28/2015 21:00,42152.88,1622.6,25.48,17.64
5/28/2015 21:10,42152.88,1622.6,25.48,17.64
5/28/2015 21:20,42152.89,1622.6,25.49,17.64
5/28/2015 21:30,42152.90,1621.7,25.47,17.65
5/28/2015 21:40,42152.90,1621.4,25.47,17.65
5/28/2015 21:50,42152.91,1620.8,25.48,17.64
5/28/2015 22:00,42152.92,1619.9,25.49,17.64
5/28/2015 22:10,42152.92,1619,25.47,17.65
5/28/2015 22:20,42152.93,1618.1,25.47,17.65
5/28/2015 22:30,42152.94,1616.7,25.46,17.65
5/28/2015 22:40,42152.94,1615.4,25.46,17.65
5/28/2015 22:50,42152.95,1614,25.46,17.65
5/28/2015 23:00,42152.96,1612.4,25.47,17.65
5/28/2015 23:10,42152.97,1610.9,25.45,17.64
5/28/2015 23:20,42152.97,1609.5,25.46,17.65
5/28/2015 23:30,42152.98,1607.8,25.46,17.65
5/28/2015 23:40,42152.99,1606.4,25.48,17.64
5/28/2015 23:50,42152.99,1604.8,25.46,17.65
5/29/2015 0:00,42153.00,1602.9,25.45,17.64
5/29/2015 0:10,42153.01,1601.3,25.44,17.64
5/29/2015 0:20,42153.01,1599.8,25.46,17.65
5/29/2015 0:30,42153.02,1598.4,25.46,17.65
5/29/2015 0:40,42153.03,1596.8,25.46,17.65
5/29/2015 0:50,42153.03,1595.6,25.46,17.65
5/29/2015 1:00,42153.04,1594.5,25.47,17.65
5/29/2015 1:10,42153.05,1593.2,25.48,17.64
5/29/2015 1:20,42153.06,1592.3,25.45,17.65
5/29/2015 1:30,42153.06,1591.3,25.44,17.64
5/29/2015 1:40,42153.07,1589.9,25.46,17.65
5/29/2015 1:50,42153.08,1589,25.45,17.64
5/29/2015 2:00,42153.08,1588,25.46,17.65
5/29/2015 2:10,42153.09,1587.1,25.45,17.64
5/29/2015 2:20,42153.10,1586.2,25.46,17.65
5/29/2015 2:30,42153.10,1585.5,25.45,17.65
5/29/2015 2:40,42153.11,1584.8,25.46,17.65
5/29/2015 2:50,42153.12,1584.3,25.46,17.65
5/29/2015 3:00,42153.13,1583.8,25.46,17.65
5/29/2015 3:10,42153.13,1583.4,25.46,17.65
5/29/2015 3:20,42153.14,1583.2,25.47,17.65
5/29/2015 3:30,42153.15,1583.2,25.47,17.65
5/29/2015 3:40,42153.15,1583.3,25.48,17.64
5/29/2015 3:50,42153.16,1583.4,25.46,17.65
5/29/2015 4:00,42153.17,1583.8,25.45,17.65
5/29/2015 4:10,42153.17,1584.3,25.46,17.65
5/29/2015 4:20,42153.18,1585,25.46,17.65
5/29/2015 4:30,42153.19,1585.7,25.46,17.65
5/29/2015 4:40,42153.19,1586.9,25.46,17.65
5/29/2015 4:50,42153.20,1588.3,25.47,17.65
5/29/2015 5:00,42153.21,1589.7,25.46,17.65
5/29/2015 5:10,42153.22,1591.3,25.44,17.64
5/29/2015 5:20,42153.22,1592.8,25.45,17.64
5/29/2015 5:30,42153.23,1594.2,25.45,17.64
5/29/2015 5:40,42153.24,1596.1,25.46,17.65
5/29/2015 5:50,42153.24,1597.9,25.45,17.64
5/29/2015 6:00,42153.25,1599.6,25.45,17.64
5/29/2015 6:10,42153.26,1601.1,25.47,17.65
5/29/2015 6:20,42153.26,1603.2,25.48,17.64
5/29/2015 6:30,42153.27,1605.2,25.48,17.64
5/29/2015 6:40,42153.28,1607,25.47,17.65
5/29/2015 6:50,42153.28,1608.6,25.48,17.64
5/29/2015 7:00,42153.29,1610.4,25.47,17.64
5/29/2015 7:10,42153.30,1611.9,25.46,17.65
5/29/2015 7:20,42153.31,1613.6,25.47,17.65
5/29/2015 7:30,42153.31,1614.6,25.47,17.65
5/29/2015 7:40,42153.32,1616.3,25.46,17.65
5/29/2015 7:50,42153.33,1617.7,25.46,17.65
5/29/2015 8:00,42153.33,1618.7,25.46,17.65
5/29/2015 8:10,42153.34,1619.9,25.46,17.65
5/29/2015 8:20,42153.35,1620.8,25.45,17.64
5/29/2015 8:30,42153.35,1621.9,25.46,17.65
5/29/2015 8:40,42153.36,1622.6,25.45,17.64
5/29/2015 8:50,42153.37,1623.4,25.46,17.65
5/29/2015 9:00,42153.38,1624,25.46,17.65
5/29/2015 9:10,42153.38,1624.3,25.46,17.65
5/29/2015 9:20,42153.39,1624.8,25.46,17.65
5/29/2015 9:30,42153.40,1625,25.45,17.64
5/29/2015 9:40,42153.40,1625.1,25.46,17.65
5/29/2015 9:50,42153.41,1625.1,25.46,17.65
5/29/2015 10:00,42153.42,1625.3,25.47,17.63
5/29/2015 10:10,42153.42,1625.1,25.48,17.64
5/29/2015 10:20,42153.43,1624.8,25.46,17.65
5/29/2015 10:30,42153.44,1624.2,25.47,17.65
5/29/2015 10:40,42153.44,1624,25.47,17.65
5/29/2015 10:50,42153.45,1623.1,25.47,17.64
5/29/2015 11:00,42153.46,1622.4,25.46,17.65
5/29/2015 11:10,42153.47,1621.7,25.47,17.65
5/29/2015 11:20,42153.47,1620.5,25.46,17.65
5/29/2015 11:30,42153.48,1619.1,25.46,17.65
5/29/2015 11:40,42153.49,1617.7,25.46,17.65
5/29/2015 11:50,42153.49,1616.2,25.47,17.65
5/29/2015 12:00,42153.50,1614.6,25.46,17.65
5/29/2015 12:10,42153.51,1612.8,25.45,17.65
5/29/2015 12:20,42153.51,1611.2,25.46,17.65
5/29/2015 12:30,42153.52,1609.3,25.46,17.65
5/29/2015 12:40,42153.53,1607.3,25.46,17.65
5/29/2015 12:50,42153.53,1605.5,25.47,17.65
5/29/2015 13:00,42153.54,1603.8,25.46,17.65
5/29/2015 13:10,42153.55,1602,25.46,17.65
5/29/2015 13:20,42153.56,1600.3,25.46,17.65
5/29/2015 13:30,42153.56,1598.8,25.46,17.65
5/29/2015 13:40,42153.57,1597,25.46,17.65
5/29/2015 13:50,42153.58,1595.6,25.47,17.64
5/29/2015 14:00,42153.58,1594,25.46,17.65
5/29/2015 14:10,42153.59,1592.8,25.45,17.65
5/29/2015 14:20,42153.60,1591.7,25.47,17.65
5/29/2015 14:30,42153.60,1590.8,25.48,17.64
5/29/2015 14:40,42153.61,1589.7,25.47,17.64
5/29/2015 14:50,42153.62,1588.5,25.46,17.65
5/29/2015 15:00,42153.63,1587.6,25.46,17.65
5/29/2015 15:10,42153.63,1586.7,25.47,17.65
5/29/2015 15:20,42153.64,1586.2,25.46,17.65
5/29/2015 15:30,42153.65,1585.7,25.46,17.65
5/29/2015 15:40,42153.65,1585,25.48,17.64
5/29/2015 15:50,42153.66,1584.6,25.45,17.64
5/29/2015 16:00,42153.67,1584.3,25.45,17.64
5/29/2015 16:10,42153.67,1583.8,25.46,17.65
5/29/2015 16:20,42153.68,1584.2,25.47,17.65
5/29/2015 16:30,42153.69,1584.4,25.47,17.65
5/29/2015 16:40,42153.69,1585,25.47,17.64
5/29/2015 16:50,42153.70,1585.5,25.47,17.65
5/29/2015 17:00,42153.71,1586.3,25.47,17.65
5/29/2015 17:10,42153.72,1587.3,25.45,17.65
5/29/2015 17:20,42153.72,1588.5,25.46,17.65
5/29/2015 17:30,42153.73,1589.5,25.45,17.65
5/29/2015 17:40,42153.74,1590.6,25.47,17.65
5/29/2015 17:50,42153.74,1592.1,25.47,17.63
5/29/2015 18:00,42153.75,1593.5,25.47,17.64
5/29/2015 18:10,42153.76,1595.3,25.45,17.65
5/29/2015 18:20,42153.76,1596.8,25.45,17.64
5/29/2015 18:30,42153.77,1598.8,25.46,17.65
5/29/2015 18:40,42153.78,1600.4,25.46,17.65
5/29/2015 18:50,42153.78,1602.3,25.47,17.65
5/29/2015 19:00,42153.79,1603.9,25.46,17.65
5/29/2015 19:10,42153.80,1605.9,25.46,17.65
5/29/2015 19:20,42153.81,1607.8,25.46,17.65
5/29/2015 19:30,42153.81,1609.7,25.46,17.65
5/29/2015 19:40,42153.82,1611.5,25.47,17.65
5/29/2015 19:50,42153.83,1613.3,25.45,17.65
5/29/2015 20:00,42153.83,1614.8,25.47,17.65
5/29/2015 20:10,42153.84,1616.7,25.47,17.65
5/29/2015 20:20,42153.85,1618.2,25.48,17.64
5/29/2015 20:30,42153.85,1619.2,25.46,17.65
5/29/2015 20:40,42153.86,1620.1,25.46,17.65
5/29/2015 20:50,42153.87,1621.2,25.46,17.65
5/29/2015 21:00,42153.88,1622,25.46,17.65
5/29/2015 21:10,42153.88,1622.7,25.48,17.63
5/29/2015 21:20,42153.89,1623.3,25.47,17.65
5/29/2015 21:30,42153.90,1623.8,25.48,17.64
5/29/2015 21:40,42153.90,1624,25.47,17.65
5/29/2015 21:50,42153.91,1624.3,25.48,17.64
5/29/2015 22:00,42153.92,1624.2,25.47,17.65
5/29/2015 22:10,42153.92,1624.5,25.48,17.64
5/29/2015 22:20,42153.93,1624.3,25.46,17.65
5/29/2015 22:30,42153.94,1624,25.46,17.65
5/29/2015 22:40,42153.94,1623.8,25.46,17.65
5/29/2015 22:50,42153.95,1622.9,25.46,17.65
5/29/2015 23:00,42153.96,1622,25.46,17.65
5/29/2015 23:10,42153.97,1621.1,25.47,17.65
5/29/2015 23:20,42153.97,1619.9,25.47,17.65
5/29/2015 23:30,42153.98,1618.6,25.47,17.65
5/29/2015 23:40,42153.99,1617.1,25.45,17.64
5/29/2015 23:50,42153.99,1615.6,25.45,17.65
5/30/2015 0:00,42154.00,1614,25.47,17.64
5/30/2015 0:10,42154.01,1612.1,25.45,17.65
5/30/2015 0:20,42154.01,1610.4,25.46,17.65
5/30/2015 0:30,42154.02,1608.2,25.47,17.65
5/30/2015 0:40,42154.03,1606.4,25.46,17.65
5/30/2015 0:50,42154.03,1604.8,25.46,17.65
5/30/2015 1:00,42154.04,1603.2,25.47,17.65
5/30/2015 1:10,42154.05,1601.5,25.46,17.65
5/30/2015 1:20,42154.06,1599.8,25.46,17.65
5/30/2015 1:30,42154.06,1598.1,25.47,17.65
5/30/2015 1:40,42154.07,1596.4,25.48,17.64
5/30/2015 1:50,42154.08,1594.9,25.47,17.64
5/30/2015 2:00,42154.08,1593.1,25.47,17.65
5/30/2015 2:10,42154.09,1591.6,25.46,17.65
5/30/2015 2:20,42154.10,1590.1,25.47,17.65
5/30/2015 2:30,42154.10,1589.1,25.47,17.65
5/30/2015 2:40,42154.11,1587.8,25.47,17.64
5/30/2015 2:50,42154.12,1586.7,25.47,17.65
5/30/2015 3:00,42154.13,1585.6,25.47,17.65
5/30/2015 3:10,42154.13,1584.3,25.45,17.65
5/30/2015 3:20,42154.14,1583.7,25.47,17.65
5/30/2015 3:30,42154.15,1582.8,25.47,17.64
5/30/2015 3:40,42154.15,1582.2,25.47,17.65
5/30/2015 3:50,42154.16,1581.4,25.47,17.64
5/30/2015 4:00,42154.17,1580.8,25.47,17.65
5/30/2015 4:10,42154.17,1580.3,25.46,17.65
5/30/2015 4:20,42154.18,1580.1,25.47,17.65
5/30/2015 4:30,42154.19,1580,25.46,17.65
5/30/2015 4:40,42154.19,1579.8,25.46,17.65
5/30/2015 4:50,42154.20,1579.6,25.47,17.65
5/30/2015 5:00,42154.21,1580.3,25.47,17.65
5/30/2015 5:10,42154.22,1581,25.47,17.65
5/30/2015 5:20,42154.22,1581.7,25.45,17.64
5/30/2015 5:30,42154.23,1582.9,25.46,17.65
5/30/2015 5:40,42154.24,1583.8,25.46,17.65
5/30/2015 5:50,42154.24,1585.5,25.46,17.65
5/30/2015 6:00,42154.25,1587.1,25.48,17.64
5/30/2015 6:10,42154.26,1588.7,25.48,17.64
5/30/2015 6:20,42154.26,1590.2,25.45,17.65
5/30/2015 6:30,42154.27,1591.9,25.46,17.65
5/30/2015 6:40,42154.28,1593.7,25.46,17.65
5/30/2015 6:50,42154.28,1595.6,25.48,17.64
5/30/2015 7:00,42154.29,1597.6,25.47,17.65
5/30/2015 7:10,42154.30,1599.3,25.47,17.65
5/30/2015 7:20,42154.31,1601.7,25.48,17.64
5/30/2015 7:30,42154.31,1603.8,25.48,17.64
5/30/2015 7:40,42154.32,1606,25.46,17.65
5/30/2015 7:50,42154.33,1608,25.46,17.65
5/30/2015 8:00,42154.33,1610,25.48,17.64
5/30/2015 8:10,42154.34,1612.2,25.47,17.65
5/30/2015 8:20,42154.35,1614.4,25.47,17.65
5/30/2015 8:30,42154.35,1616,25.46,17.65
5/30/2015 8:40,42154.36,1617.5,25.45,17.64
5/30/2015 8:50,42154.37,1619,25.47,17.65
5/30/2015 9:00,42154.38,1620.5,25.45,17.64
5/30/2015 9:10,42154.38,1621.5,25.46,17.65
5/30/2015 9:20,42154.39,1622.3,25.47,17.65
5/30/2015 9:30,42154.40,1623.3,25.47,17.65
5/30/2015 9:40,42154.40,1624,25.46,17.65
5/30/2015 9:50,42154.41,1624.3,25.46,17.65
5/30/2015 10:00,42154.42,1625.1,25.46,17.65
5/30/2015 10:10,42154.42,1625.5,25.46,17.65
5/30/2015 10:20,42154.43,1625.6,25.46,17.65
5/30/2015 10:30,42154.44,1625.6,25.47,17.65
5/30/2015 10:40,42154.44,1625.8,25.45,17.64
5/30/2015 10:50,42154.45,1625.8,25.46,17.65
5/30/2015 11:00,42154.46,1625.8,25.45,17.64
5/30/2015 11:10,42154.47,1625.8,25.46,17.65
5/30/2015 11:20,42154.47,1625.8,25.47,17.65
5/30/2015 11:30,42154.48,1625.5,25.48,17.64
5/30/2015 11:40,42154.49,1625.1,25.47,17.65
5/30/2015 11:50,42154.49,1624.1,25.46,17.65
5/30/2015 12:00,42154.50,1623.4,25.46,17.65
5/30/2015 12:10,42154.51,1622.4,25.48,17.64
5/30/2015 12:20,42154.51,1621.2,25.48,17.64
5/30/2015 12:30,42154.52,1619.4,25.48,17.64
5/30/2015 12:40,42154.53,1617.8,25.49,17.64
5/30/2015 12:50,42154.53,1616,25.47,17.65
5/30/2015 13:00,42154.54,1613.9,25.47,17.65
5/30/2015 13:10,42154.55,1612.1,25.47,17.64
5/30/2015 13:20,42154.56,1610,25.47,17.64
5/30/2015 13:30,42154.56,1607.9,25.47,17.65
5/30/2015 13:40,42154.57,1605.9,25.46,17.65
5/30/2015 13:50,42154.58,1603.7,25.47,17.65
5/30/2015 14:00,42154.58,1602.1,25.47,17.65
5/30/2015 14:10,42154.59,1600,25.46,17.65
5/30/2015 14:20,42154.60,1598.2,25.46,17.65
5/30/2015 14:30,42154.60,1596.4,25.47,17.65
5/30/2015 14:40,42154.61,1594.9,25.46,17.65
5/30/2015 14:50,42154.62,1593.2,25.46,17.65
5/30/2015 15:00,42154.63,1591.8,25.49,17.64
5/30/2015 15:10,42154.63,1590.2,25.47,17.64
5/30/2015 15:20,42154.64,1588.8,25.46,17.65
5/30/2015 15:30,42154.65,1587.6,25.46,17.65
5/30/2015 15:40,42154.65,1586.4,25.48,17.64
5/30/2015 15:50,42154.66,1585.5,25.47,17.64
5/30/2015 16:00,42154.67,1584.6,25.48,17.64
5/30/2015 16:10,42154.67,1583.8,25.46,17.65
5/30/2015 16:20,42154.68,1582.9,25.45,17.65
5/30/2015 16:30,42154.69,1582.1,25.45,17.65
5/30/2015 16:40,42154.69,1581.7,25.46,17.65
5/30/2015 16:50,42154.70,1581.3,25.47,17.65
5/30/2015 17:00,42154.71,1580.8,25.47,17.65
5/30/2015 17:10,42154.72,1580.7,25.46,17.65
5/30/2015 17:20,42154.72,1580.7,25.46,17.65
5/30/2015 17:30,42154.73,1580.7,25.46,17.65
5/30/2015 17:40,42154.74,1581.2,25.44,17.64
5/30/2015 17:50,42154.74,1581.9,25.44,17.64
5/30/2015 18:00,42154.75,1582.8,25.46,17.65
5/30/2015 18:10,42154.76,1583.8,25.46,17.65
5/30/2015 18:20,42154.76,1585,25.44,17.64
5/30/2015 18:30,42154.77,1586.4,25.45,17.64
5/30/2015 18:40,42154.78,1588,25.45,17.65
5/30/2015 18:50,42154.78,1589.8,25.47,17.65
5/30/2015 19:00,42154.79,1591.6,25.45,17.65
5/30/2015 19:10,42154.80,1593.7,25.46,17.65
5/30/2015 19:20,42154.81,1595.4,25.46,17.65
5/30/2015 19:30,42154.81,1597.4,25.46,17.65
5/30/2015 19:40,42154.82,1599.1,25.46,17.64
5/30/2015 19:50,42154.83,1601,25.46,17.65
5/30/2015 20:00,42154.83,1603.1,25.45,17.64
5/30/2015 20:10,42154.84,1605.3,25.46,17.65
5/30/2015 20:20,42154.85,1607.3,25.47,17.65
5/30/2015 20:30,42154.85,1609.4,25.47,17.65
5/30/2015 20:40,42154.86,1611.2,25.49,17.64
5/30/2015 20:50,42154.87,1613.2,25.49,17.64
5/30/2015 21:00,42154.88,1614.6,25.48,17.64
5/30/2015 21:10,42154.88,1616.1,25.46,17.65
5/30/2015 21:20,42154.89,1617.5,25.46,17.64
5/30/2015 21:30,42154.90,1618.7,25.48,17.64
5/30/2015 21:40,42154.90,1619.9,25.47,17.65
5/30/2015 21:50,42154.91,1620.9,25.48,17.64
5/30/2015 22:00,42154.92,1621.7,25.47,17.65
5/30/2015 22:10,42154.92,1622.3,25.47,17.65
5/30/2015 22:20,42154.93,1622.6,25.47,17.65
5/30/2015 22:30,42154.94,1623.1,25.47,17.65
5/30/2015 22:40,42154.94,1623.3,25.47,17.64
5/30/2015 22:50,42154.95,1623.3,25.46,17.65
5/30/2015 23:00,42154.96,1623.1,25.47,17.65
5/30/2015 23:10,42154.97,1623.1,25.46,17.65
5/30/2015 23:20,42154.97,1622.9,25.47,17.64
5/30/2015 23:30,42154.98,1622.6,25.46,17.65
5/30/2015 23:40,42154.99,1622,25.48,17.64
5/30/2015 23:50,42154.99,1621.3,25.48,17.64
5/31/2015 0:00,42155.00,1620.6,25.48,17.64
5/31/2015 0:10,42155.01,1619.1,25.48,17.64
5/31/2015 0:20,42155.01,1618,25.48,17.64
5/31/2015 0:30,42155.02,1616.5,25.48,17.64
5/31/2015 0:40,42155.03,1614.9,25.46,17.65
5/31/2015 0:50,42155.03,1613,25.46,17.65
5/31/2015 1:00,42155.04,1611,25.48,17.64
5/31/2015 1:10,42155.05,1608.9,25.47,17.65
5/31/2015 1:20,42155.06,1607.1,25.46,17.65
5/31/2015 1:30,42155.06,1605.2,25.46,17.65
5/31/2015 1:40,42155.07,1603.4,25.46,17.65
5/31/2015 1:50,42155.08,1601.3,25.47,17.64
5/31/2015 2:00,42155.08,1599.9,25.47,17.65
5/31/2015 2:10,42155.09,1597.7,25.46,17.65
5/31/2015 2:20,42155.10,1596,25.45,17.65
5/31/2015 2:30,42155.10,1594.3,25.47,17.65
5/31/2015 2:40,42155.11,1592.6,25.47,17.65
5/31/2015 2:50,42155.12,1590.8,25.46,17.65
5/31/2015 3:00,42155.13,1589.2,25.46,17.65
5/31/2015 3:10,42155.13,1587.6,25.46,17.65
5/31/2015 3:20,42155.14,1586.4,25.46,17.65
5/31/2015 3:30,42155.15,1585.3,25.47,17.65
5/31/2015 3:40,42155.15,1584.1,25.47,17.64
5/31/2015 3:50,42155.16,1583.2,25.47,17.65
5/31/2015 4:00,42155.17,1582,25.47,17.65
5/31/2015 4:10,42155.17,1581.2,25.46,17.65
5/31/2015 4:20,42155.18,1580.1,25.46,17.65
5/31/2015 4:30,42155.19,1579.4,25.46,17.65
5/31/2015 4:40,42155.19,1578.7,25.46,17.65
5/31/2015 4:50,42155.20,1578,25.47,17.65
5/31/2015 5:00,42155.21,1577.7,25.47,17.64
5/31/2015 5:10,42155.22,1577.5,25.46,17.65
5/31/2015 5:20,42155.22,1577.2,25.47,17.64
5/31/2015 5:30,42155.23,1577.5,25.48,17.64
5/31/2015 5:40,42155.24,1577.7,25.49,17.64
5/31/2015 5:50,42155.24,1578.2,25.47,17.64
5/31/2015 6:00,42155.25,1579.1,25.46,17.65
5/31/2015 6:10,42155.26,1580.3,25.47,17.64
5/31/2015 6:20,42155.26,1581.5,25.46,17.65
5/31/2015 6:30,42155.27,1583,25.47,17.65
5/31/2015 6:40,42155.28,1584.6,25.47,17.64
5/31/2015 6:50,42155.28,1586.4,25.46,17.65
5/31/2015 7:00,42155.29,1588.5,25.45,17.65
5/31/2015 7:10,42155.30,1590.4,25.46,17.65
5/31/2015 7:20,42155.31,1592.6,25.45,17.64
5/31/2015 7:30,42155.31,1595,25.47,17.65
5/31/2015 7:40,42155.32,1597.2,25.45,17.64
5/31/2015 7:50,42155.33,1599.6,25.46,17.65
5/31/2015 8:00,42155.33,1601.7,25.46,17.65
5/31/2015 8:10,42155.34,1604.2,25.47,17.65
5/31/2015 8:20,42155.35,1606.6,25.46,17.65
5/31/2015 8:30,42155.35,1609,25.46,17.65
5/31/2015 8:40,42155.36,1611.4,25.45,17.65
5/31/2015 8:50,42155.37,1613.7,25.47,17.65
5/31/2015 9:00,42155.38,1616,25.46,17.65
5/31/2015 9:10,42155.38,1617.9,25.47,17.65
5/31/2015 9:20,42155.39,1619.6,25.46,17.65
5/31/2015 9:30,42155.40,1620.9,25.47,17.65
5/31/2015 9:40,42155.40,1622.3,25.47,17.65
5/31/2015 9:50,42155.41,1623.5,25.47,17.65
5/31/2015 10:00,42155.42,1624.3,25.46,17.65
5/31/2015 10:10,42155.42,1624.8,25.47,17.64
5/31/2015 10:20,42155.43,1625.5,25.46,17.65
5/31/2015 10:30,42155.44,1626,25.46,17.65
5/31/2015 10:40,42155.44,1626.5,25.46,17.65
5/31/2015 10:50,42155.45,1627,25.46,17.65
5/31/2015 11:00,42155.46,1627.2,25.45,17.64
5/31/2015 11:10,42155.47,1627.6,25.45,17.64
5/31/2015 11:20,42155.47,1627.9,25.47,17.65
5/31/2015 11:30,42155.48,1628.1,25.46,17.65
5/31/2015 11:40,42155.49,1627.9,25.46,17.65
5/31/2015 11:50,42155.49,1627.9,25.48,17.64
5/31/2015 12:00,42155.50,1627.7,25.46,17.65
5/31/2015 12:10,42155.51,1627.3,25.47,17.65
5/31/2015 12:20,42155.51,1626.9,25.49,17.64
5/31/2015 12:30,42155.52,1626.3,25.47,17.65
5/31/2015 12:40,42155.53,1625.5,25.49,17.64
5/31/2015 12:50,42155.53,1624.5,25.47,17.65
5/31/2015 13:00,42155.54,1623.3,25.48,17.64
5/31/2015 13:10,42155.55,1621.7,25.47,17.64
5/31/2015 13:20,42155.56,1619.9,25.47,17.64
5/31/2015 13:30,42155.56,1618.7,25.46,17.65
5/31/2015 13:40,42155.57,1616.8,25.45,17.65
5/31/2015 13:50,42155.58,1615.1,25.48,17.64
5/31/2015 14:00,42155.58,1613,25.46,17.65
5/31/2015 14:10,42155.59,1610.7,25.47,17.64
5/31/2015 14:20,42155.60,1608.9,25.48,17.64
5/31/2015 14:30,42155.60,1606.7,25.48,17.64
5/31/2015 14:40,42155.61,1604.1,25.48,17.64
5/31/2015 14:50,42155.62,1601.5,25.49,17.64
5/31/2015 15:00,42155.63,1599.5,25.49,17.64
5/31/2015 15:10,42155.63,1596.8,25.46,17.65
5/31/2015 15:20,42155.64,1594.7,25.48,17.64
5/31/2015 15:30,42155.65,1592.6,25.48,17.64
5/31/2015 15:40,42155.65,1590.6,25.46,17.65
5/31/2015 15:50,42155.66,1588.5,25.46,17.65
5/31/2015 16:00,42155.67,1587,25.47,17.65
5/31/2015 16:10,42155.67,1585.3,25.47,17.65
5/31/2015 16:20,42155.68,1583.8,25.46,17.65
5/31/2015 16:30,42155.69,1582.5,25.47,17.65
5/31/2015 16:40,42155.69,1581.1,25.47,17.65
5/31/2015 16:50,42155.70,1580.1,25.46,17.65
5/31/2015 17:00,42155.71,1579.2,25.47,17.65
5/31/2015 17:10,42155.72,1578.2,25.47,17.64
5/31/2015 17:20,42155.72,1577.5,25.46,17.65
5/31/2015 17:30,42155.73,1577,25.46,17.65
5/31/2015 17:40,42155.74,1576.6,25.46,17.65
5/31/2015 17:50,42155.74,1576.5,25.46,17.65
5/31/2015 18:00,42155.75,1576.1,25.47,17.65
5/31/2015 18:10,42155.76,1576.5,25.46,17.65
5/31/2015 18:20,42155.76,1576.8,25.47,17.65
5/31/2015 18:30,42155.77,1577.3,25.47,17.65
5/31/2015 18:40,42155.78,1578.4,25.46,17.65
5/31/2015 18:50,42155.78,1579.6,25.45,17.65
5/31/2015 19:00,42155.79,1581,25.46,17.65
5/31/2015 19:10,42155.80,1582.8,25.47,17.64
5/31/2015 19:20,42155.81,1584.8,25.48,17.64
5/31/2015 19:30,42155.81,1586.6,25.46,17.65
5/31/2015 19:40,42155.82,1588.7,25.47,17.64
5/31/2015 19:50,42155.83,1590.6,25.46,17.65
5/31/2015 20:00,42155.83,1592.9,25.47,17.65
5/31/2015 20:10,42155.84,1595,25.47,17.65
5/31/2015 20:20,42155.85,1596.9,25.47,17.65
5/31/2015 20:30,42155.85,1599.1,25.48,17.64
5/31/2015 20:40,42155.86,1601.4,25.48,17.64
5/31/2015 20:50,42155.87,1603.9,25.47,17.65
5/31/2015 21:00,42155.88,1605.9,25.47,17.65
5/31/2015 21:10,42155.88,1608.3,25.46,17.65
5/31/2015 21:20,42155.89,1610.5,25.47,17.65
5/31/2015 21:30,42155.90,1612.6,25.48,17.64
5/31/2015 21:40,42155.90,1614.1,25.47,17.65
5/31/2015 21:50,42155.91,1615.7,25.47,17.65
5/31/2015 22:00,42155.92,1617,25.48,17.64
5/31/2015 22:10,42155.92,1618.4,25.47,17.64
5/31/2015 22:20,42155.93,1619.3,25.47,17.65
5/31/2015 22:30,42155.94,1620.4,25.47,17.65
5/31/2015 22:40,42155.94,1621.5,25.45,17.65
5/31/2015 22:50,42155.95,1621.9,25.46,17.65
5/31/2015 23:00,42155.96,1622.6,25.46,17.65
5/31/2015 23:10,42155.97,1623.1,25.48,17.64
5/31/2015 23:20,42155.97,1623.3,25.48,17.64
5/31/2015 23:30,42155.98,1623.4,25.48,17.64
5/31/2015 23:40,42155.99,1623.4,25.49,17.64
5/31/2015 23:50,42155.99,1623.3,25.49,17.64
6/1/2015 0:00,42156.00,1623.1,25.49,17.64
6/1/2015 0:10,42156.01,1622.9,25.47,17.64
6/1/2015 0:20,42156.01,1622.2,25.46,17.65
6/1/2015 0:30,42156.02,1621.9,25.46,17.65
6/1/2015 0:40,42156.03,1621,25.46,17.65
6/1/2015 0:50,42156.03,1619.6,25.46,17.65
6/1/2015 1:00,42156.04,1618.5,25.46,17.65
6/1/2015 1:10,42156.05,1617,25.46,17.65
6/1/2015 1:20,42156.06,1615.1,25.48,17.64
6/1/2015 1:30,42156.06,1613.3,25.49,17.64
6/1/2015 1:40,42156.07,1611.4,25.46,17.65
6/1/2015 1:50,42156.08,1609.5,25.48,17.64
6/1/2015 2:00,42156.08,1607.4,25.47,17.64
6/1/2015 2:10,42156.09,1605.3,25.46,17.65
6/1/2015 2:20,42156.10,1602.8,25.47,17.65
6/1/2015 2:30,42156.10,1601,25.46,17.65
6/1/2015 2:40,42156.11,1598.9,25.46,17.65
6/1/2015 2:50,42156.12,1596.8,25.46,17.65
6/1/2015 3:00,42156.13,1594.8,25.47,17.65
6/1/2015 3:10,42156.13,1592.6,25.46,17.65
6/1/2015 3:20,42156.14,1590.9,25.48,17.64
6/1/2015 3:30,42156.15,1589,25.47,17.65
6/1/2015 3:40,42156.15,1587.3,25.46,17.65
6/1/2015 3:50,42156.16,1585.7,25.47,17.64
6/1/2015 4:00,42156.17,1584.1,25.45,17.65
6/1/2015 4:10,42156.17,1582.8,25.45,17.65
6/1/2015 4:20,42156.18,1581.3,25.47,17.65
6/1/2015 4:30,42156.19,1580.1,25.45,17.65
6/1/2015 4:40,42156.19,1578.9,25.46,17.65
6/1/2015 4:50,42156.20,1577.5,25.45,17.65
6/1/2015 5:00,42156.21,1576.3,25.46,17.65
6/1/2015 5:10,42156.22,1575.4,25.48,17.64
6/1/2015 5:20,42156.22,1574.7,25.48,17.64
6/1/2015 5:30,42156.23,1573.9,25.45,17.65
6/1/2015 5:40,42156.24,1573.4,25.45,17.65
6/1/2015 5:50,42156.24,1572.9,25.45,17.65
6/1/2015 6:00,42156.25,1572.5,25.47,17.64
6/1/2015 6:10,42156.26,1573,25.47,17.65
6/1/2015 6:20,42156.26,1573.2,25.46,17.65
6/1/2015 6:30,42156.27,1573.9,25.46,17.65
6/1/2015 6:40,42156.28,1575,25.45,17.64
6/1/2015 6:50,42156.28,1575.9,25.46,17.65
6/1/2015 7:00,42156.29,1577.3,25.47,17.65
6/1/2015 7:10,42156.30,1579,25.47,17.65
6/1/2015 7:20,42156.31,1581.2,25.46,17.65
6/1/2015 7:30,42156.31,1583,25.47,17.65
6/1/2015 7:40,42156.32,1585.3,25.46,17.65
6/1/2015 7:50,42156.33,1587.7,25.47,17.65
6/1/2015 8:00,42156.33,1590.2,25.47,17.64
6/1/2015 8:10,42156.34,1593,25.46,17.65
6/1/2015 8:20,42156.35,1595.4,25.47,17.64
6/1/2015 8:30,42156.35,1597.9,25.47,17.64
6/1/2015 8:40,42156.36,1600.6,25.48,17.64
6/1/2015 8:50,42156.37,1603.2,25.47,17.64
6/1/2015 9:00,42156.38,1606.2,25.47,17.64
6/1/2015 9:10,42156.38,1609,25.46,17.65
6/1/2015 9:20,42156.39,1611.7,25.47,17.65
6/1/2015 9:30,42156.40,1614.4,25.47,17.65
6/1/2015 9:40,42156.40,1616.7,25.46,17.65
6/1/2015 9:50,42156.41,1618.7,25.46,17.65
6/1/2015 10:00,42156.42,1620.3,25.48,17.64
6/1/2015 10:10,42156.42,1622,25.47,17.64
6/1/2015 10:20,42156.43,1623.3,25.46,17.65
6/1/2015 10:30,42156.44,1624.2,25.47,17.65
6/1/2015 10:40,42156.44,1625.3,25.47,17.64
6/1/2015 10:50,42156.45,1626.1,25.47,17.65
6/1/2015 11:00,42156.46,1626.7,25.46,17.65
6/1/2015 11:10,42156.47,1627.4,25.46,17.65
6/1/2015 11:20,42156.47,1627.9,25.47,17.64
6/1/2015 11:30,42156.48,1628.8,25.48,17.64
6/1/2015 11:40,42156.49,1629.2,25.48,17.64
6/1/2015 11:50,42156.49,1629.7,25.48,17.64
6/1/2015 12:00,42156.50,1630.4,25.47,17.65
6/1/2015 12:10,42156.51,1630.8,25.47,17.65
6/1/2015 12:20,42156.51,1630.5,25.46,17.65
6/1/2015 12:30,42156.52,1630.5,25.48,17.64
6/1/2015 12:40,42156.53,1630.2,25.46,17.65
6/1/2015 12:50,42156.53,1629.7,25.47,17.65
6/1/2015 13:00,42156.54,1628.8,25.46,17.65
6/1/2015 13:10,42156.55,1627.7,25.48,17.64
6/1/2015 13:20,42156.56,1626.5,25.49,17.64
6/1/2015 13:30,42156.56,1625.1,25.47,17.64
6/1/2015 13:40,42156.57,1623.4,25.48,17.64
6/1/2015 13:50,42156.58,1621.9,25.46,17.65
6/1/2015 14:00,42156.58,1620.1,25.46,17.65
6/1/2015 14:10,42156.59,1618.2,25.45,17.64
6/1/2015 14:20,42156.60,1616.5,25.46,17.65
6/1/2015 14:30,42156.60,1614.6,25.46,17.65
6/1/2015 14:40,42156.61,1612.6,25.45,17.65
6/1/2015 14:50,42156.62,1610.5,25.46,17.65
6/1/2015 15:00,42156.63,1608.6,25.48,17.64
6/1/2015 15:10,42156.63,1606.3,25.48,17.64
6/1/2015 15:20,42156.64,1603.5,25.47,17.65
6/1/2015 15:30,42156.65,1601.1,25.47,17.64
6/1/2015 15:40,42156.65,1598.4,25.47,17.64
6/1/2015 15:50,42156.66,1595.7,25.47,17.65
6/1/2015 16:00,42156.67,1593.4,25.48,17.64
6/1/2015 16:10,42156.67,1590.9,25.46,17.65
6/1/2015 16:20,42156.68,1588.8,25.47,17.65
6/1/2015 16:30,42156.69,1586.6,25.46,17.65
6/1/2015 16:40,42156.69,1584.8,25.48,17.64
6/1/2015 16:50,42156.70,1583,25.47,17.65
6/1/2015 17:00,42156.71,1581.7,25.47,17.65
6/1/2015 17:10,42156.72,1580.1,25.46,17.65
6/1/2015 17:20,42156.72,1578.7,25.47,17.65
6/1/2015 17:30,42156.73,1577.7,25.45,17.64
6/1/2015 17:40,42156.74,1576.6,25.45,17.65
6/1/2015 17:50,42156.74,1575.7,25.47,17.65
6/1/2015 18:00,42156.75,1575,25.47,17.64
6/1/2015 18:10,42156.76,1574.4,25.47,17.65
6/1/2015 18:20,42156.76,1573.9,25.46,17.65
6/1/2015 18:30,42156.77,1573.6,25.46,17.65
6/1/2015 18:40,42156.78,1573.5,25.47,17.65
6/1/2015 18:50,42156.78,1573.1,25.47,17.65
6/1/2015 19:00,42156.79,1573.9,25.46,17.65
6/1/2015 19:10,42156.80,1574.8,25.46,17.65
6/1/2015 19:20,42156.81,1575.6,25.45,17.64
6/1/2015 19:30,42156.81,1577,25.45,17.64
6/1/2015 19:40,42156.82,1578.7,25.46,17.65
6/1/2015 19:50,42156.83,1580.7,25.46,17.65
6/1/2015 20:00,42156.83,1582.9,25.46,17.65
6/1/2015 20:10,42156.84,1585.2,25.46,17.65
6/1/2015 20:20,42156.85,1587.4,25.47,17.65
6/1/2015 20:30,42156.85,1589.8,25.47,17.65
6/1/2015 20:40,42156.86,1592.3,25.48,17.64
6/1/2015 20:50,42156.87,1594.7,25.48,17.64
6/1/2015 21:00,42156.88,1597,25.48,17.64
6/1/2015 21:10,42156.88,1599.6,25.5,17.64
6/1/2015 21:20,42156.89,1601.7,25.48,17.64
6/1/2015 21:30,42156.90,1604.3,25.47,17.64
6/1/2015 21:40,42156.90,1606.5,25.47,17.65
6/1/2015 21:50,42156.91,1609.3,25.48,17.64
6/1/2015 22:00,42156.92,1611.6,25.46,17.65
6/1/2015 22:10,42156.92,1613.9,25.47,17.65
6/1/2015 22:20,42156.93,1615.8,25.47,17.65
6/1/2015 22:30,42156.94,1617.5,25.47,17.64
6/1/2015 22:40,42156.94,1618.9,25.48,17.64
6/1/2015 22:50,42156.95,1620.6,25.48,17.64
6/1/2015 23:00,42156.96,1621.6,25.48,17.64
6/1/2015 23:10,42156.97,1622.3,25.47,17.65
6/1/2015 23:20,42156.97,1623.1,25.47,17.65
6/1/2015 23:30,42156.98,1624,25.47,17.65
6/1/2015 23:40,42156.99,1624.2,25.48,17.64
6/1/2015 23:50,42156.99,1624.5,25.49,17.64
6/2/2015 0:00,42157.00,1624.7,25.47,17.65
6/2/2015 0:10,42157.01,1624.8,25.46,17.65
6/2/2015 0:20,42157.01,1624.9,25.47,17.65
6/2/2015 0:30,42157.02,1625.1,25.48,17.64
6/2/2015 0:40,42157.03,1624.9,25.47,17.65
6/2/2015 0:50,42157.03,1624.9,25.47,17.65
6/2/2015 1:00,42157.04,1624.7,25.46,17.65
6/2/2015 1:10,42157.05,1624.2,25.48,17.64
6/2/2015 1:20,42157.06,1623.1,25.49,17.64
6/2/2015 1:30,42157.06,1622.1,25.47,17.65
6/2/2015 1:40,42157.07,1620.7,25.47,17.65
6/2/2015 1:50,42157.08,1619.1,25.48,17.64
6/2/2015 2:00,42157.08,1617.5,25.48,17.64
6/2/2015 2:10,42157.09,1615.8,25.46,17.65
6/2/2015 2:20,42157.10,1613.9,25.46,17.65
6/2/2015 2:30,42157.10,1611.9,25.47,17.65
6/2/2015 2:40,42157.11,1609.5,25.46,17.65
6/2/2015 2:50,42157.12,1607.1,25.47,17.64
6/2/2015 3:00,42157.13,1604.8,25.48,17.64
6/2/2015 3:10,42157.13,1602.4,25.46,17.65
6/2/2015 3:20,42157.14,1599.8,25.46,17.65
6/2/2015 3:30,42157.15,1597.6,25.47,17.65
6/2/2015 3:40,42157.15,1595.4,25.46,17.65
6/2/2015 3:50,42157.16,1593,25.46,17.65
6/2/2015 4:00,42157.17,1591.1,25.46,17.65
6/2/2015 4:10,42157.17,1589.2,25.46,17.65
6/2/2015 4:20,42157.18,1586.9,25.46,17.65
6/2/2015 4:30,42157.19,1585.5,25.47,17.65
6/2/2015 4:40,42157.19,1583.7,25.47,17.65
6/2/2015 4:50,42157.20,1581.7,25.46,17.65
6/2/2015 5:00,42157.21,1580.5,25.46,17.65
6/2/2015 5:10,42157.22,1579.1,25.48,17.64
6/2/2015 5:20,42157.22,1577.9,25.46,17.65
6/2/2015 5:30,42157.23,1576.6,25.46,17.65
6/2/2015 5:40,42157.24,1575.4,25.46,17.65
6/2/2015 5:50,42157.24,1574.4,25.45,17.64
6/2/2015 6:00,42157.25,1573.6,25.45,17.64
6/2/2015 6:10,42157.26,1572.9,25.44,17.64
6/2/2015 6:20,42157.26,1572.2,25.45,17.65
6/2/2015 6:30,42157.27,1571.6,25.46,17.65
6/2/2015 6:40,42157.28,1571.4,25.47,17.65
6/2/2015 6:50,42157.28,1571.5,25.46,17.65
6/2/2015 7:00,42157.29,1571.8,25.46,17.65
6/2/2015 7:10,42157.30,1572.5,25.46,17.65
6/2/2015 7:20,42157.31,1573.4,25.46,17.65
6/2/2015 7:30,42157.31,1574.7,25.47,17.65
6/2/2015 7:40,42157.32,1576.4,25.48,17.64
6/2/2015 7:50,42157.33,1578.2,25.48,17.64
6/2/2015 8:00,42157.33,1580.3,25.47,17.65
6/2/2015 8:10,42157.34,1582.3,25.47,17.65
6/2/2015 8:20,42157.35,1584.8,25.46,17.65
6/2/2015 8:30,42157.35,1587.6,25.46,17.65
6/2/2015 8:40,42157.36,1590.2,25.45,17.65
6/2/2015 8:50,42157.37,1593.3,25.47,17.65
6/2/2015 9:00,42157.38,1596,25.46,17.65
6/2/2015 9:10,42157.38,1598.6,25.47,17.64
6/2/2015 9:20,42157.39,1601.3,25.46,17.65
6/2/2015 9:30,42157.40,1604.2,25.47,17.65
6/2/2015 9:40,42157.40,1606.9,25.48,17.64
6/2/2015 9:50,42157.41,1610.1,25.48,17.64
6/2/2015 10:00,42157.42,1613.7,25.48,17.64
6/2/2015 10:10,42157.42,1616.3,25.46,17.65
6/2/2015 10:20,42157.43,1619.1,25.45,17.65
6/2/2015 10:30,42157.44,1621.2,25.46,17.65
6/2/2015 10:40,42157.44,1622.8,25.47,17.65
6/2/2015 10:50,42157.45,1624.7,25.47,17.64
6/2/2015 11:00,42157.46,1625.6,25.47,17.65
6/2/2015 11:10,42157.47,1626.9,25.47,17.64
6/2/2015 11:20,42157.47,1627.7,25.46,17.65
6/2/2015 11:30,42157.48,1629.2,25.47,17.65
6/2/2015 11:40,42157.49,1630.2,25.45,17.65
6/2/2015 11:50,42157.49,1630.9,25.46,17.65
6/2/2015 12:00,42157.50,1631.9,25.46,17.65
6/2/2015 12:10,42157.51,1633,25.48,17.64
6/2/2015 12:20,42157.51,1633.6,25.46,17.65
6/2/2015 12:30,42157.52,1634.5,25.47,17.64
6/2/2015 12:40,42157.53,1635.3,25.47,17.65
6/2/2015 12:50,42157.53,1635.4,25.48,17.64
6/2/2015 13:00,42157.54,1635.4,25.48,17.64
6/2/2015 13:10,42157.55,1635,25.48,17.64
6/2/2015 13:20,42157.56,1634.7,25.49,17.64
6/2/2015 13:30,42157.56,1633.4,25.47,17.65
6/2/2015 13:40,42157.57,1631.9,25.48,17.64
6/2/2015 13:50,42157.58,1630.4,25.48,17.64
6/2/2015 14:00,42157.58,1628.8,25.49,17.64
6/2/2015 14:10,42157.59,1627,25.46,17.65
6/2/2015 14:20,42157.60,1625,25.46,17.65
6/2/2015 14:30,42157.60,1623.1,25.45,17.65
6/2/2015 14:40,42157.61,1621.1,25.47,17.65
6/2/2015 14:50,42157.62,1619.3,25.47,17.65
6/2/2015 15:00,42157.63,1617.2,25.47,17.65
6/2/2015 15:10,42157.63,1615.4,25.46,17.65
6/2/2015 15:20,42157.64,1613.4,25.47,17.65
6/2/2015 15:30,42157.65,1611.2,25.47,17.65
6/2/2015 15:40,42157.65,1609,25.46,17.65
6/2/2015 15:50,42157.66,1606.9,25.46,17.65
6/2/2015 16:00,42157.67,1604.8,25.47,17.65
6/2/2015 16:10,42157.67,1601.8,25.46,17.65
6/2/2015 16:20,42157.68,1599.1,25.48,17.64
6/2/2015 16:30,42157.69,1596.4,25.47,17.65
6/2/2015 16:40,42157.69,1593.8,25.47,17.65
6/2/2015 16:50,42157.70,1590.9,25.46,17.65
6/2/2015 17:00,42157.71,1588.5,25.45,17.65
6/2/2015 17:10,42157.72,1586.2,25.46,17.65
6/2/2015 17:20,42157.72,1583.9,25.47,17.65
6/2/2015 17:30,42157.73,1582.2,25.46,17.65
6/2/2015 17:40,42157.74,1580.7,25.46,17.65
6/2/2015 17:50,42157.74,1579.3,25.46,17.65
6/2/2015 18:00,42157.75,1577.9,25.46,17.65
6/2/2015 18:10,42157.76,1576.6,25.45,17.65
6/2/2015 18:20,42157.76,1575.6,25.46,17.65
6/2/2015 18:30,42157.77,1574.5,25.47,17.65
6/2/2015 18:40,42157.78,1573.7,25.45,17.65
6/2/2015 18:50,42157.78,1573.2,25.46,17.65
6/2/2015 19:00,42157.79,1572.5,25.46,17.65
6/2/2015 19:10,42157.80,1572.3,25.46,17.65
6/2/2015 19:20,42157.81,1572,25.46,17.65
6/2/2015 19:30,42157.81,1572.3,25.47,17.65
6/2/2015 19:40,42157.82,1572.7,25.46,17.65
6/2/2015 19:50,42157.83,1573.4,25.47,17.64
6/2/2015 20:00,42157.83,1574.8,25.48,17.64
6/2/2015 20:10,42157.84,1576.4,25.47,17.65
6/2/2015 20:20,42157.85,1578.2,25.46,17.65
6/2/2015 20:30,42157.85,1580,25.46,17.65
6/2/2015 20:40,42157.86,1582.4,25.45,17.65
6/2/2015 20:50,42157.87,1584.5,25.46,17.65
6/2/2015 21:00,42157.88,1587.1,25.46,17.65
6/2/2015 21:10,42157.88,1589.7,25.47,17.65
6/2/2015 21:20,42157.89,1592.6,25.46,17.65
6/2/2015 21:30,42157.90,1595.3,25.47,17.64
6/2/2015 21:40,42157.90,1597.7,25.48,17.64
6/2/2015 21:50,42157.91,1600.4,25.48,17.64
6/2/2015 22:00,42157.92,1602.9,25.49,17.64
6/2/2015 22:10,42157.92,1605.3,25.47,17.65
6/2/2015 22:20,42157.93,1608,25.46,17.65
6/2/2015 22:30,42157.94,1610.2,25.46,17.65
6/2/2015 22:40,42157.94,1613.2,25.47,17.64
6/2/2015 22:50,42157.95,1615.3,25.47,17.65
6/2/2015 23:00,42157.96,1617.7,25.48,17.64
6/2/2015 23:10,42157.97,1619.4,25.47,17.64
6/2/2015 23:20,42157.97,1620.5,25.49,17.64
6/2/2015 23:30,42157.98,1622.2,25.49,17.64
6/2/2015 23:40,42157.99,1622.9,25.49,17.64
6/2/2015 23:50,42157.99,1624,25.48,17.64
6/3/2015 0:00,42158.00,1624.8,25.48,17.64
6/3/2015 0:10,42158.01,1625.2,25.47,17.65
6/3/2015 0:20,42158.01,1625.6,25.46,17.65
6/3/2015 0:30,42158.02,1625.8,25.46,17.65
6/3/2015 0:40,42158.03,1626.3,25.48,17.64
6/3/2015 0:50,42158.03,1626.5,25.49,17.64
6/3/2015 1:00,42158.04,1626.2,25.5,17.64
6/3/2015 1:10,42158.05,1626.6,25.48,17.64
6/3/2015 1:20,42158.06,1626,25.48,17.64
6/3/2015 1:30,42158.06,1625.6,25.47,17.64
6/3/2015 1:40,42158.07,1625.1,25.48,17.64
6/3/2015 1:50,42158.08,1624.7,25.48,17.64
6/3/2015 2:00,42158.08,1623.5,25.48,17.64
6/3/2015 2:10,42158.09,1622.1,25.47,17.65
6/3/2015 2:20,42158.10,1620.8,25.47,17.64
6/3/2015 2:30,42158.10,1619.2,25.48,17.64
6/3/2015 2:40,42158.11,1617.1,25.49,17.64
6/3/2015 2:50,42158.12,1615,25.47,17.65
6/3/2015 3:00,42158.13,1613,25.47,17.64
6/3/2015 3:10,42158.13,1610.7,25.47,17.65
6/3/2015 3:20,42158.14,1608.3,25.46,17.65
6/3/2015 3:30,42158.15,1605.9,25.46,17.65
6/3/2015 3:40,42158.15,1603.5,25.47,17.65
6/3/2015 3:50,42158.16,1600.6,25.47,17.65
6/3/2015 4:00,42158.17,1598.1,25.47,17.65
6/3/2015 4:10,42158.17,1595.6,25.48,17.64
6/3/2015 4:20,42158.18,1593.3,25.47,17.65
6/3/2015 4:30,42158.19,1591.3,25.48,17.64
6/3/2015 4:40,42158.19,1589.2,25.46,17.65
6/3/2015 4:50,42158.20,1587,25.47,17.65
6/3/2015 5:00,42158.21,1585.1,25.47,17.65
6/3/2015 5:10,42158.22,1583.4,25.47,17.65
6/3/2015 5:20,42158.22,1581.9,25.46,17.65
6/3/2015 5:30,42158.23,1580.5,25.46,17.65
6/3/2015 5:40,42158.24,1579.1,25.48,17.64
6/3/2015 5:50,42158.24,1577.8,25.47,17.65
6/3/2015 6:00,42158.25,1576.6,25.46,17.65
6/3/2015 6:10,42158.26,1575.6,25.47,17.64
6/3/2015 6:20,42158.26,1574.4,25.47,17.64
6/3/2015 6:30,42158.27,1573.4,25.47,17.64
6/3/2015 6:40,42158.28,1572.3,25.46,17.65
6/3/2015 6:50,42158.28,1571.6,25.46,17.65
6/3/2015 7:00,42158.29,1570.9,25.46,17.65
6/3/2015 7:10,42158.30,1570.4,25.46,17.65
6/3/2015 7:20,42158.31,1570.2,25.46,17.65
6/3/2015 7:30,42158.31,1570.2,25.45,17.64
6/3/2015 7:40,42158.32,1571.1,25.46,17.65
6/3/2015 7:50,42158.33,1572.1,25.47,17.65
6/3/2015 8:00,42158.33,1573.5,25.47,17.65
6/3/2015 8:10,42158.34,1575,25.45,17.64
6/3/2015 8:20,42158.35,1576.8,25.45,17.65
6/3/2015 8:30,42158.35,1578.7,25.46,17.65
6/3/2015 8:40,42158.36,1581,25.47,17.65
6/3/2015 8:50,42158.37,1583.4,25.46,17.65
6/3/2015 9:00,42158.38,1586.2,25.46,17.65
6/3/2015 9:10,42158.38,1589.2,25.46,17.65
6/3/2015 9:20,42158.39,1592.3,25.46,17.65
6/3/2015 9:30,42158.40,1595.3,25.46,17.65
6/3/2015 9:40,42158.40,1598.1,25.47,17.65
6/3/2015 9:50,42158.41,1601.3,25.47,17.64
6/3/2015 10:00,42158.42,1603.7,25.47,17.65
6/3/2015 10:10,42158.42,1606.9,25.48,17.64
6/3/2015 10:20,42158.43,1609.8,25.47,17.65
6/3/2015 10:30,42158.44,1613.3,25.47,17.65
6/3/2015 10:40,42158.44,1616.2,25.47,17.65
6/3/2015 10:50,42158.45,1619,25.47,17.65
6/3/2015 11:00,42158.46,1621.4,25.47,17.65
6/3/2015 11:10,42158.47,1623.6,25.46,17.65
6/3/2015 11:20,42158.47,1625.1,25.46,17.65
6/3/2015 11:30,42158.48,1626.5,25.46,17.65
6/3/2015 11:40,42158.49,1627.9,25.48,17.64
6/3/2015 11:50,42158.49,1629,25.47,17.65
6/3/2015 12:00,42158.50,1630.2,25.48,17.64
6/3/2015 12:10,42158.51,1631.4,25.48,17.64
6/3/2015 12:20,42158.51,1632.1,25.49,17.64
6/3/2015 12:30,42158.52,1633.3,25.48,17.64
6/3/2015 12:40,42158.53,1634.3,25.47,17.64
6/3/2015 12:50,42158.53,1635.7,25.48,17.64
6/3/2015 13:00,42158.54,1636.4,25.47,17.65
6/3/2015 13:10,42158.55,1637,25.47,17.65
6/3/2015 13:20,42158.56,1637.7,25.46,17.65
6/3/2015 13:30,42158.56,1637.7,25.47,17.65
6/3/2015 13:40,42158.57,1637.5,25.46,17.65
6/3/2015 13:50,42158.58,1637.2,25.47,17.65
6/3/2015 14:00,42158.58,1636.1,25.47,17.64
6/3/2015 14:10,42158.59,1635,25.46,17.65
6/3/2015 14:20,42158.60,1633.3,25.46,17.65
6/3/2015 14:30,42158.60,1631.4,25.46,17.65
6/3/2015 14:40,42158.61,1629.6,25.47,17.65
6/3/2015 14:50,42158.62,1627.5,25.47,17.65
6/3/2015 15:00,42158.63,1625.4,25.47,17.65
6/3/2015 15:10,42158.63,1623.4,25.45,17.65
6/3/2015 15:20,42158.64,1621.2,25.46,17.65
6/3/2015 15:30,42158.65,1619.3,25.47,17.65
6/3/2015 15:40,42158.65,1617.7,25.46,17.65
6/3/2015 15:50,42158.66,1615.8,25.46,17.65
6/3/2015 16:00,42158.67,1613.7,25.46,17.65
6/3/2015 16:10,42158.67,1611.2,25.46,17.65
6/3/2015 16:20,42158.68,1609.1,25.45,17.65
6/3/2015 16:30,42158.69,1606.9,25.45,17.65
6/3/2015 16:40,42158.69,1604.3,25.45,17.65
6/3/2015 16:50,42158.70,1601.8,25.46,17.65
6/3/2015 17:00,42158.71,1599.3,25.46,17.65
6/3/2015 17:10,42158.72,1596.5,25.47,17.64
6/3/2015 17:20,42158.72,1593.7,25.46,17.65
6/3/2015 17:30,42158.73,1591.1,25.46,17.65
6/3/2015 17:40,42158.74,1588.8,25.46,17.65
6/3/2015 17:50,42158.74,1586.6,25.46,17.65
6/3/2015 18:00,42158.75,1584.3,25.46,17.65
6/3/2015 18:10,42158.76,1582.4,25.46,17.65
6/3/2015 18:20,42158.76,1580.8,25.46,17.65
6/3/2015 18:30,42158.77,1579.1,25.46,17.65
6/3/2015 18:40,42158.78,1577.7,25.46,17.65
6/3/2015 18:50,42158.78,1576.5,25.46,17.65
6/3/2015 19:00,42158.79,1575.4,25.47,17.65
6/3/2015 19:10,42158.80,1574.4,25.45,17.65
6/3/2015 19:20,42158.81,1573.3,25.47,17.65
6/3/2015 19:30,42158.81,1572.6,25.47,17.65
6/3/2015 19:40,42158.82,1572,25.51,17.65
6/3/2015 19:50,42158.83,1571.6,25.47,17.65
6/3/2015 20:00,42158.83,1571.5,25.48,17.64
6/3/2015 20:10,42158.84,1571.6,25.47,17.65
6/3/2015 20:20,42158.85,1572,25.46,17.65
6/3/2015 20:30,42158.85,1573.1,25.47,17.65
6/3/2015 20:40,42158.86,1574.4,25.48,17.64
6/3/2015 20:50,42158.87,1575.9,25.48,17.64
6/3/2015 21:00,42158.88,1578.2,25.49,17.64
6/3/2015 21:10,42158.88,1580.4,25.47,17.65
6/3/2015 21:20,42158.89,1582.6,25.47,17.64
6/3/2015 21:30,42158.90,1585,25.49,17.64
6/3/2015 21:40,42158.90,1587.9,25.47,17.65
6/3/2015 21:50,42158.91,1590.8,25.49,17.64
6/3/2015 22:00,42158.92,1593.9,25.46,17.65
6/3/2015 22:10,42158.92,1596.5,25.47,17.64
6/3/2015 22:20,42158.93,1599.5,25.46,17.65
6/3/2015 22:30,42158.94,1602.2,25.48,17.64
6/3/2015 22:40,42158.94,1604.8,25.48,17.64
6/3/2015 22:50,42158.95,1607.3,25.46,17.65
6/3/2015 23:00,42158.96,1610,25.49,17.64
6/3/2015 23:10,42158.97,1612.9,25.48,17.64
6/3/2015 23:20,42158.97,1615.6,25.49,17.64
6/3/2015 23:30,42158.98,1618.2,25.48,17.64
6/3/2015 23:40,42158.99,1620.1,25.49,17.64
6/3/2015 23:50,42158.99,1621.9,25.47,17.64
6/4/2015 0:00,42159.00,1623,25.47,17.65
6/4/2015 0:10,42159.01,1624.3,25.49,17.64
6/4/2015 0:20,42159.01,1625.1,25.48,17.64
6/4/2015 0:30,42159.02,1626.1,25.47,17.65
6/4/2015 0:40,42159.03,1626.5,25.47,17.64
6/4/2015 0:50,42159.03,1627,25.47,17.65
6/4/2015 1:00,42159.04,1627.7,25.48,17.64
6/4/2015 1:10,42159.05,1628,25.47,17.65
6/4/2015 1:20,42159.06,1628.1,25.46,17.65
6/4/2015 1:30,42159.06,1628.3,25.46,17.65
6/4/2015 1:40,42159.07,1628.6,25.48,17.64
6/4/2015 1:50,42159.08,1628.4,25.47,17.65
6/4/2015 2:00,42159.08,1627.7,25.47,17.65
6/4/2015 2:10,42159.09,1627.4,25.47,17.64
6/4/2015 2:20,42159.10,1626.8,25.47,17.65
6/4/2015 2:30,42159.10,1626.2,25.47,17.64
6/4/2015 2:40,42159.11,1624.9,25.47,17.65
6/4/2015 2:50,42159.12,1624,25.49,17.64
6/4/2015 3:00,42159.13,1622.6,25.48,17.64
6/4/2015 3:10,42159.13,1620.8,25.46,17.65
6/4/2015 3:20,42159.14,1619,25.47,17.65
6/4/2015 3:30,42159.15,1617,25.47,17.64
6/4/2015 3:40,42159.15,1614.8,25.47,17.65
6/4/2015 3:50,42159.16,1612.6,25.47,17.65
6/4/2015 4:00,42159.17,1610.5,25.47,17.64
6/4/2015 4:10,42159.17,1608.1,25.46,17.65
6/4/2015 4:20,42159.18,1605.5,25.46,17.65
6/4/2015 4:30,42159.19,1603,25.47,17.65
6/4/2015 4:40,42159.19,1600.4,25.47,17.65
6/4/2015 4:50,42159.20,1597.8,25.47,17.65
6/4/2015 5:00,42159.21,1595.4,25.46,17.65
6/4/2015 5:10,42159.22,1593.3,25.47,17.65
6/4/2015 5:20,42159.22,1590.8,25.47,17.65
6/4/2015 5:30,42159.23,1588.8,25.46,17.65
6/4/2015 5:40,42159.24,1587.2,25.47,17.65
6/4/2015 5:50,42159.24,1585.2,25.46,17.65
6/4/2015 6:00,42159.25,1583.6,25.46,17.65
6/4/2015 6:10,42159.26,1582.1,25.46,17.65
6/4/2015 6:20,42159.26,1580.7,25.46,17.65
6/4/2015 6:30,42159.27,1579.4,25.47,17.64
6/4/2015 6:40,42159.28,1577.8,25.48,17.64
6/4/2015 6:50,42159.28,1576.8,25.48,17.64
6/4/2015 7:00,42159.29,1575.4,25.47,17.64
6/4/2015 7:10,42159.30,1574.4,25.48,17.64
6/4/2015 7:20,42159.31,1573.6,25.48,17.64
6/4/2015 7:30,42159.31,1572.6,25.47,17.65
6/4/2015 7:40,42159.32,1571.9,25.47,17.65
6/4/2015 7:50,42159.33,1571.3,25.48,17.64
6/4/2015 8:00,42159.33,1571.1,25.48,17.64
6/4/2015 8:10,42159.34,1571.1,25.47,17.64
6/4/2015 8:20,42159.35,1571.8,25.48,17.64
6/4/2015 8:30,42159.35,1572.7,25.47,17.64
6/4/2015 8:40,42159.36,1573.8,25.47,17.65
6/4/2015 8:50,42159.37,1575.2,25.48,17.64
6/4/2015 9:00,42159.38,1577,25.48,17.64
6/4/2015 9:10,42159.38,1578.9,25.49,17.64
6/4/2015 9:20,42159.39,1581,25.49,17.64
6/4/2015 9:30,42159.40,1583.7,25.48,17.64
6/4/2015 9:40,42159.40,1586.2,25.49,17.64
6/4/2015 9:50,42159.41,1589.3,25.47,17.65
6/4/2015 10:00,42159.42,1592.3,25.48,17.64
6/4/2015 10:10,42159.42,1595.6,25.47,17.64
6/4/2015 10:20,42159.43,1598.8,25.48,17.64
6/4/2015 10:30,42159.44,1601.7,25.49,17.64
6/4/2015 10:40,42159.44,1604.6,25.48,17.64
6/4/2015 10:50,42159.45,1607.7,25.48,17.64
6/4/2015 11:00,42159.46,1610.7,25.47,17.64
6/4/2015 11:10,42159.47,1613.9,25.48,17.64
6/4/2015 11:20,42159.47,1617,25.48,17.64
6/4/2015 11:30,42159.48,1620.1,25.47,17.64
6/4/2015 11:40,42159.49,1622.4,25.47,17.65
6/4/2015 11:50,42159.49,1624.4,25.48,17.64
6/4/2015 12:00,42159.50,1625.4,25.47,17.65
6/4/2015 12:10,42159.51,1627,25.48,17.64
6/4/2015 12:20,42159.51,1628.7,25.48,17.64
6/4/2015 12:30,42159.52,1629.7,25.48,17.64
6/4/2015 12:40,42159.53,1630.7,25.48,17.64
6/4/2015 12:50,42159.53,1631.9,25.48,17.64
6/4/2015 13:00,42159.54,1633,25.48,17.64
6/4/2015 13:10,42159.55,1634.1,25.47,17.65
6/4/2015 13:20,42159.56,1635.4,25.47,17.64
6/4/2015 13:30,42159.56,1636.6,25.47,17.65
6/4/2015 13:40,42159.57,1637.2,25.47,17.65
6/4/2015 13:50,42159.58,1638,25.47,17.64
6/4/2015 14:00,42159.58,1638.2,25.47,17.65
6/4/2015 14:10,42159.59,1638.6,25.48,17.64
6/4/2015 14:20,42159.60,1638.2,25.48,17.64
6/4/2015 14:30,42159.60,1637.5,25.47,17.65
6/4/2015 14:40,42159.61,1636.8,25.47,17.64
6/4/2015 14:50,42159.62,1635.6,25.48,17.64
6/4/2015 15:00,42159.63,1633.8,25.47,17.65
6/4/2015 15:10,42159.63,1631.6,25.48,17.64
6/4/2015 15:20,42159.64,1629.7,25.48,17.64
6/4/2015 15:30,42159.65,1627.7,25.47,17.65
6/4/2015 15:40,42159.65,1625.3,25.49,17.64
6/4/2015 15:50,42159.66,1623.3,25.48,17.64
6/4/2015 16:00,42159.67,1621.3,25.49,17.64
6/4/2015 16:10,42159.67,1619.4,25.49,17.64
6/4/2015 16:20,42159.68,1617.3,25.49,17.64
6/4/2015 16:30,42159.69,1615.4,25.49,17.64
6/4/2015 16:40,42159.69,1613.2,25.47,17.64
6/4/2015 16:50,42159.70,1611.2,25.47,17.64
6/4/2015 17:00,42159.71,1609.1,25.47,17.64
6/4/2015 17:10,42159.72,1607,25.47,17.66
6/4/2015 17:20,42159.72,1604.6,25.48,17.64
6/4/2015 17:30,42159.73,1601.8,25.46,17.65
6/4/2015 17:40,42159.74,1599.3,25.47,17.64
6/4/2015 17:50,42159.74,1596.8,25.47,17.66
6/4/2015 18:00,42159.75,1593.9,25.48,17.64
6/4/2015 18:10,42159.76,1591.6,25.47,17.64
6/4/2015 18:20,42159.76,1589,25.48,17.64
6/4/2015 18:30,42159.77,1586.9,25.47,17.64
6/4/2015 18:40,42159.78,1584.8,25.48,17.64
6/4/2015 18:50,42159.78,1582.7,25.47,17.65
6/4/2015 19:00,42159.79,1581.2,25.47,17.64
6/4/2015 19:10,42159.80,1579.6,25.47,17.65
6/4/2015 19:20,42159.81,1578.3,25.47,17.65
6/4/2015 19:30,42159.81,1577.2,25.48,17.64
6/4/2015 19:40,42159.82,1575.9,25.48,17.64
6/4/2015 19:50,42159.83,1574.8,25.46,17.65
6/4/2015 20:00,42159.83,1574.1,25.46,17.65
6/4/2015 20:10,42159.84,1573.2,25.46,17.65
6/4/2015 20:20,42159.85,1572.7,25.46,17.65
6/4/2015 20:30,42159.85,1572.3,25.46,17.65
6/4/2015 20:40,42159.86,1572.3,25.46,17.65
6/4/2015 20:50,42159.87,1572.3,25.46,17.65
6/4/2015 21:00,42159.88,1572.7,25.46,17.65
6/4/2015 21:10,42159.88,1573.8,25.47,17.65
6/4/2015 21:20,42159.89,1575,25.48,17.64
6/4/2015 21:30,42159.90,1576.6,25.48,17.64
6/4/2015 21:40,42159.90,1578.6,25.49,17.64
6/4/2015 21:50,42159.91,1580.8,25.48,17.64
6/4/2015 22:00,42159.92,1582.9,25.49,17.64
6/4/2015 22:10,42159.92,1585.3,25.48,17.64
6/4/2015 22:20,42159.93,1588.3,25.48,17.64
6/4/2015 22:30,42159.94,1590.9,25.49,17.64
6/4/2015 22:40,42159.94,1593.4,25.48,17.64
6/4/2015 22:50,42159.95,1596.1,25.47,17.65
6/4/2015 23:00,42159.96,1598.9,25.49,17.64
6/4/2015 23:10,42159.97,1601.5,25.5,17.64
6/4/2015 23:20,42159.97,1604.1,25.47,17.65
6/4/2015 23:30,42159.98,1606.6,25.47,17.64
6/4/2015 23:40,42159.99,1609.3,25.48,17.64
6/4/2015 23:50,42159.99,1611.9,25.47,17.64
6/5/2015 0:00,42160.00,1614.8,25.47,17.65
6/5/2015 0:10,42160.01,1617.2,25.47,17.65
6/5/2015 0:20,42160.01,1619.8,25.47,17.64
6/5/2015 0:30,42160.02,1621.5,25.49,17.64
6/5/2015 0:40,42160.03,1622.7,25.49,17.64
6/5/2015 0:50,42160.03,1624.2,25.48,17.64
6/5/2015 1:00,42160.04,1624.8,25.48,17.64
6/5/2015 1:10,42160.05,1625.6,25.47,17.64
6/5/2015 1:20,42160.06,1626.5,25.48,17.64
6/5/2015 1:30,42160.06,1627,25.49,17.64
6/5/2015 1:40,42160.07,1627.4,25.49,17.64
6/5/2015 1:50,42160.08,1627.6,25.5,17.64
6/5/2015 2:00,42160.08,1628.4,25.48,17.64
6/5/2015 2:10,42160.09,1628.4,25.47,17.64
6/5/2015 2:20,42160.10,1628.8,25.46,17.65
6/5/2015 2:30,42160.10,1628.9,25.47,17.65
6/5/2015 2:40,42160.11,1628.9,25.47,17.65
6/5/2015 2:50,42160.12,1628.1,25.48,17.64
6/5/2015 3:00,42160.13,1627.7,25.49,17.64
6/5/2015 3:10,42160.13,1627.3,25.48,17.64
6/5/2015 3:20,42160.14,1626.3,25.47,17.64
6/5/2015 3:30,42160.15,1625.1,25.48,17.64
6/5/2015 3:40,42160.15,1623.4,25.48,17.64
6/5/2015 3:50,42160.16,1621.6,25.47,17.65
6/5/2015 4:00,42160.17,1619.7,25.47,17.65
6/5/2015 4:10,42160.17,1617.8,25.47,17.65
6/5/2015 4:20,42160.18,1615.7,25.47,17.66
6/5/2015 4:30,42160.19,1613.3,25.47,17.64
6/5/2015 4:40,42160.19,1611.1,25.46,17.65
6/5/2015 4:50,42160.20,1608.4,25.46,17.65
6/5/2015 5:00,42160.21,1606,25.47,17.64
6/5/2015 5:10,42160.22,1603.4,25.46,17.65
6/5/2015 5:20,42160.22,1600.8,25.45,17.65
6/5/2015 5:30,42160.23,1598.1,25.46,17.65
6/5/2015 5:40,42160.24,1595.7,25.47,17.65
6/5/2015 5:50,42160.24,1593.7,25.46,17.65
6/5/2015 6:00,42160.25,1591.5,25.48,17.64
6/5/2015 6:10,42160.26,1589.5,25.46,17.65
6/5/2015 6:20,42160.26,1587.6,25.47,17.66
6/5/2015 6:30,42160.27,1585.6,25.47,17.65
6/5/2015 6:40,42160.28,1583.9,25.47,17.64
6/5/2015 6:50,42160.28,1582.2,25.48,17.64
6/5/2015 7:00,42160.29,1580.6,25.47,17.65
6/5/2015 7:10,42160.30,1579.4,25.47,17.65
6/5/2015 7:20,42160.31,1578,25.47,17.65
6/5/2015 7:30,42160.31,1576.8,25.47,17.65
6/5/2015 7:40,42160.32,1575.6,25.47,17.64
6/5/2015 7:50,42160.33,1574.8,25.48,17.64
6/5/2015 8:00,42160.33,1573.3,25.47,17.65
6/5/2015 8:10,42160.34,1573,25.48,17.64
6/5/2015 8:20,42160.35,1572.3,25.47,17.66
6/5/2015 8:30,42160.35,1571.8,25.46,17.65
6/5/2015 8:40,42160.36,1571.6,25.46,17.65
6/5/2015 8:50,42160.37,1571.6,25.47,17.64
6/5/2015 9:00,42160.38,1571.8,25.49,17.64
6/5/2015 9:10,42160.38,1572.7,25.49,17.64
6/5/2015 9:20,42160.39,1573.9,25.47,17.64
6/5/2015 9:30,42160.40,1575.5,25.47,17.65
6/5/2015 9:40,42160.40,1577.2,25.48,17.64
6/5/2015 9:50,42160.41,1579.1,25.48,17.64
6/5/2015 10:00,42160.42,1581.2,25.46,17.65
6/5/2015 10:10,42160.42,1583.6,25.45,17.65
6/5/2015 10:20,42160.43,1586.4,25.46,17.65
6/5/2015 10:30,42160.44,1589.5,25.47,17.64
6/5/2015 10:40,42160.44,1592.7,25.48,17.64
6/5/2015 10:50,42160.45,1595.8,25.48,17.64
6/5/2015 11:00,42160.46,1598.9,25.46,17.65
6/5/2015 11:10,42160.47,1602.2,25.47,17.64
6/5/2015 11:20,42160.47,1604.8,25.49,17.64
6/5/2015 11:30,42160.48,1607.8,25.48,17.64
6/5/2015 11:40,42160.49,1610.7,25.49,17.64
6/5/2015 11:50,42160.49,1613.9,25.48,17.64
6/5/2015 12:00,42160.50,1616.9,25.48,17.64
6/5/2015 12:10,42160.51,1619.9,25.48,17.64
6/5/2015 12:20,42160.51,1622.1,25.47,17.65
6/5/2015 12:30,42160.52,1624,25.48,17.64
6/5/2015 12:40,42160.53,1625.5,25.47,17.64
6/5/2015 12:50,42160.53,1627.2,25.47,17.65
6/5/2015 13:00,42160.54,1627.9,25.48,17.64
6/5/2015 13:10,42160.55,1629.4,25.48,17.64
6/5/2015 13:20,42160.56,1630.9,25.48,17.64
6/5/2015 13:30,42160.56,1631.9,25.49,17.64
6/5/2015 13:40,42160.57,1633,25.49,17.64
6/5/2015 13:50,42160.58,1633.8,25.49,17.64
6/5/2015 14:00,42160.58,1635.2,25.49,17.64
6/5/2015 14:10,42160.59,1635.9,25.47,17.64
6/5/2015 14:20,42160.60,1637,25.47,17.64
6/5/2015 14:30,42160.60,1637.8,25.48,17.64
6/5/2015 14:40,42160.61,1637.9,25.48,17.64
6/5/2015 14:50,42160.62,1638.1,25.48,17.64
6/5/2015 15:00,42160.63,1637.7,25.48,17.64
6/5/2015 15:10,42160.63,1637.2,25.47,17.65
6/5/2015 15:20,42160.64,1636.6,25.47,17.64
6/5/2015 15:30,42160.65,1635,25.46,17.65
6/5/2015 15:40,42160.65,1633.2,25.47,17.65
6/5/2015 15:50,42160.66,1630.9,25.48,17.64
6/5/2015 16:00,42160.67,1629.3,25.49,17.64
6/5/2015 16:10,42160.67,1627.3,25.47,17.65
6/5/2015 16:20,42160.68,1625.6,25.47,17.65
6/5/2015 16:30,42160.69,1623.3,25.47,17.65
6/5/2015 16:40,42160.69,1621.6,25.47,17.65
6/5/2015 16:50,42160.70,1619.9,25.46,17.65
6/5/2015 17:00,42160.71,1617.7,25.46,17.65
6/5/2015 17:10,42160.72,1616,25.46,17.65
6/5/2015 17:20,42160.72,1613.7,25.48,17.64
6/5/2015 17:30,42160.73,1611.6,25.46,17.65
6/5/2015 17:40,42160.74,1609.6,25.47,17.65
6/5/2015 17:50,42160.74,1607.4,25.46,17.65
6/5/2015 18:00,42160.75,1605.5,25.46,17.65
6/5/2015 18:10,42160.76,1602.7,25.47,17.65
6/5/2015 18:20,42160.76,1600.4,25.46,17.65
6/5/2015 18:30,42160.77,1598.1,25.46,17.65
6/5/2015 18:40,42160.78,1595.2,25.47,17.65
6/5/2015 18:50,42160.78,1592.6,25.46,17.65
6/5/2015 19:00,42160.79,1590.6,25.46,17.65
6/5/2015 19:10,42160.80,1588.6,25.47,17.65
6/5/2015 19:20,42160.81,1586.3,25.47,17.65
6/5/2015 19:30,42160.81,1584.8,25.48,17.64
6/5/2015 19:40,42160.82,1583,25.47,17.65
6/5/2015 19:50,42160.83,1581.2,25.46,17.65
6/5/2015 20:00,42160.83,1579.9,25.47,17.65
6/5/2015 20:10,42160.84,1578.2,25.47,17.64
6/5/2015 20:20,42160.85,1577.3,25.48,17.64
6/5/2015 20:30,42160.85,1576.1,25.48,17.64
6/5/2015 20:40,42160.86,1575.4,25.48,17.64
6/5/2015 20:50,42160.87,1574.7,25.48,17.64
6/5/2015 21:00,42160.88,1573.7,25.46,17.65
6/5/2015 21:10,42160.88,1573.4,25.48,17.64
6/5/2015 21:20,42160.89,1573.1,25.47,17.65
6/5/2015 21:30,42160.90,1573.1,25.47,17.65
6/5/2015 21:40,42160.90,1573.1,25.47,17.65
6/5/2015 21:50,42160.91,1573.9,25.48,17.64
6/5/2015 22:00,42160.92,1574.8,25.47,17.65
6/5/2015 22:10,42160.92,1576.5,25.48,17.64
6/5/2015 22:20,42160.93,1577.6,25.47,17.65
6/5/2015 22:30,42160.94,1580,25.48,17.64
6/5/2015 22:40,42160.94,1582.2,25.48,17.64
6/5/2015 22:50,42160.95,1584.5,25.49,17.64
6/5/2015 23:00,42160.96,1587.1,25.49,17.64
6/5/2015 23:10,42160.97,1589.9,25.49,17.64
6/5/2015 23:20,42160.97,1592.6,25.48,17.64
6/5/2015 23:30,42160.98,1595.5,25.48,17.64
6/5/2015 23:40,42160.99,1597.9,25.49,17.64
6/5/2015 23:50,42160.99,1600.3,25.49,17.64
6/6/2015 0:00,42161.00,1603.2,25.47,17.65
6/6/2015 0:10,42161.01,1605.9,25.49,17.64
6/6/2015 0:20,42161.01,1608.2,25.47,17.65
6/6/2015 0:30,42161.02,1610.7,25.48,17.64
6/6/2015 0:40,42161.03,1613.3,25.47,17.65
6/6/2015 0:50,42161.03,1615.7,25.47,17.65
6/6/2015 1:00,42161.04,1618.2,25.45,17.65
6/6/2015 1:10,42161.05,1620.1,25.46,17.65
6/6/2015 1:20,42161.06,1621.4,25.47,17.65
6/6/2015 1:30,42161.06,1622.8,25.47,17.65
6/6/2015 1:40,42161.07,1624,25.47,17.64
6/6/2015 1:50,42161.08,1625.1,25.48,17.64
6/6/2015 2:00,42161.08,1625.8,25.47,17.65
6/6/2015 2:10,42161.09,1626.3,25.48,17.64
6/6/2015 2:20,42161.10,1626.6,25.48,17.64
6/6/2015 2:30,42161.10,1627,25.48,17.64
6/6/2015 2:40,42161.11,1627,25.48,17.64
6/6/2015 2:50,42161.12,1627.4,25.47,17.64
6/6/2015 3:00,42161.13,1627.6,25.48,17.64
6/6/2015 3:10,42161.13,1627.7,25.47,17.64
6/6/2015 3:20,42161.14,1627.7,25.49,17.64
6/6/2015 3:30,42161.15,1627.6,25.49,17.64
6/6/2015 3:40,42161.15,1627,25.5,17.64
6/6/2015 3:50,42161.16,1626.2,25.48,17.64
6/6/2015 4:00,42161.17,1625.6,25.48,17.64
6/6/2015 4:10,42161.17,1624.3,25.49,17.64
6/6/2015 4:20,42161.18,1622.7,25.5,17.64
6/6/2015 4:30,42161.19,1621.3,25.49,17.64
6/6/2015 4:40,42161.19,1619.4,25.47,17.64
6/6/2015 4:50,42161.20,1617.3,25.48,17.64
6/6/2015 5:00,42161.21,1615.3,25.48,17.64
6/6/2015 5:10,42161.22,1613.2,25.48,17.64
6/6/2015 5:20,42161.22,1610.7,25.48,17.64
6/6/2015 5:30,42161.23,1608.3,25.49,17.64
6/6/2015 5:40,42161.24,1605.7,25.48,17.64
6/6/2015 5:50,42161.24,1603.2,25.48,17.64
6/6/2015 6:00,42161.25,1600.4,25.49,17.64
6/6/2015 6:10,42161.26,1598.1,25.48,17.64
6/6/2015 6:20,42161.26,1595.6,25.47,17.64
6/6/2015 6:30,42161.27,1593.4,25.47,17.65
6/6/2015 6:40,42161.28,1591.5,25.48,17.64
6/6/2015 6:50,42161.28,1589.7,25.47,17.65
6/6/2015 7:00,42161.29,1587.6,25.46,17.65
6/6/2015 7:10,42161.30,1585.9,25.48,17.64
6/6/2015 7:20,42161.31,1584.2,25.47,17.65
6/6/2015 7:30,42161.31,1582.8,25.46,17.65
6/6/2015 7:40,42161.32,1581.1,25.47,17.65
6/6/2015 7:50,42161.33,1579.8,25.48,17.64
6/6/2015 8:00,42161.33,1578.5,25.48,17.64
6/6/2015 8:10,42161.34,1577.2,25.49,17.64
6/6/2015 8:20,42161.35,1575.9,25.49,17.64
6/6/2015 8:30,42161.35,1574.8,25.48,17.64
6/6/2015 8:40,42161.36,1574.1,25.46,17.65
6/6/2015 8:50,42161.37,1573.4,25.46,17.65
6/6/2015 9:00,42161.38,1572.9,25.46,17.65
6/6/2015 9:10,42161.38,1572.3,25.47,17.64
6/6/2015 9:20,42161.39,1571.9,25.47,17.65
6/6/2015 9:30,42161.40,1572.3,25.47,17.65
6/6/2015 9:40,42161.40,1572.9,25.46,17.65
6/6/2015 9:50,42161.41,1574,25.47,17.65
6/6/2015 10:00,42161.42,1575,25.46,17.65
6/6/2015 10:10,42161.42,1576.1,25.47,17.65
6/6/2015 10:20,42161.43,1577.9,25.46,17.65
6/6/2015 10:30,42161.44,1579.9,25.47,17.65
6/6/2015 10:40,42161.44,1581.8,25.47,17.65
6/6/2015 10:50,42161.45,1584.3,25.49,17.64
6/6/2015 11:00,42161.46,1587.2,25.48,17.64
6/6/2015 11:10,42161.47,1590.3,25.48,17.64
6/6/2015 11:20,42161.47,1593,25.47,17.64
6/6/2015 11:30,42161.48,1596,25.47,17.64
6/6/2015 11:40,42161.49,1598.9,25.46,17.65
6/6/2015 11:50,42161.49,1601.8,25.48,17.64
6/6/2015 12:00,42161.50,1604.8,25.49,17.64
6/6/2015 12:10,42161.51,1608,25.49,17.64
6/6/2015 12:20,42161.51,1610.7,25.49,17.64
6/6/2015 12:30,42161.52,1613.9,25.49,17.64
6/6/2015 12:40,42161.53,1617,25.48,17.64
6/6/2015 12:50,42161.53,1619.8,25.48,17.64
6/6/2015 13:00,42161.54,1622,25.49,17.64
6/6/2015 13:10,42161.55,1623.8,25.47,17.65
6/6/2015 13:20,42161.56,1625.4,25.47,17.65
6/6/2015 13:30,42161.56,1626.8,25.48,17.64
6/6/2015 13:40,42161.57,1627.9,25.48,17.64
6/6/2015 13:50,42161.58,1629,25.49,17.64
6/6/2015 14:00,42161.58,1630,25.48,17.64
6/6/2015 14:10,42161.59,1631.3,25.47,17.65
6/6/2015 14:20,42161.60,1631.8,25.47,17.65
6/6/2015 14:30,42161.60,1633,25.47,17.64
6/6/2015 14:40,42161.61,1634.2,25.47,17.64
6/6/2015 14:50,42161.62,1635.4,25.48,17.64
6/6/2015 15:00,42161.63,1636.3,25.49,17.64
6/6/2015 15:10,42161.63,1637,25.49,17.64
6/6/2015 15:20,42161.64,1637,25.5,17.64
6/6/2015 15:30,42161.65,1637.4,25.48,17.64
6/6/2015 15:40,42161.65,1637.3,25.5,17.64
6/6/2015 15:50,42161.66,1636.8,25.49,17.64
6/6/2015 16:00,42161.67,1636,25.48,17.64
6/6/2015 16:10,42161.67,1634.5,25.48,17.64
6/6/2015 16:20,42161.68,1632.8,25.47,17.64
6/6/2015 16:30,42161.69,1631.3,25.47,17.65
6/6/2015 16:40,42161.69,1629.1,25.47,17.64
6/6/2015 16:50,42161.70,1627.6,25.47,17.64
6/6/2015 17:00,42161.71,1625.9,25.47,17.65
6/6/2015 17:10,42161.72,1623.8,25.48,17.64
6/6/2015 17:20,42161.72,1622.2,25.49,17.64
6/6/2015 17:30,42161.73,1620.5,25.48,17.64
6/6/2015 17:40,42161.74,1618.4,25.48,17.64
6/6/2015 17:50,42161.74,1616.3,25.49,17.64
6/6/2015 18:00,42161.75,1614.2,25.48,17.64
6/6/2015 18:10,42161.76,1612.4,25.47,17.65
6/6/2015 18:20,42161.76,1610.1,25.47,17.65
6/6/2015 18:30,42161.77,1608.3,25.46,17.65
6/6/2015 18:40,42161.78,1605.9,25.47,17.65
6/6/2015 18:50,42161.78,1603.2,25.48,17.64
6/6/2015 19:00,42161.79,1600.8,25.48,17.64
6/6/2015 19:10,42161.80,1598.3,25.48,17.64
6/6/2015 19:20,42161.81,1595.8,25.48,17.64
6/6/2015 19:30,42161.81,1593.3,25.48,17.64
6/6/2015 19:40,42161.82,1591,25.48,17.64
6/6/2015 19:50,42161.83,1589,25.48,17.64
6/6/2015 20:00,42161.83,1587,25.47,17.65
6/6/2015 20:10,42161.84,1585,25.48,17.64
6/6/2015 20:20,42161.85,1583.6,25.47,17.64
6/6/2015 20:30,42161.85,1582.1,25.48,17.64
6/6/2015 20:40,42161.86,1580.5,25.46,17.65
6/6/2015 20:50,42161.87,1579.3,25.46,17.65
6/6/2015 21:00,42161.88,1578.2,25.47,17.65
6/6/2015 21:10,42161.88,1577.3,25.48,17.64
6/6/2015 21:20,42161.89,1576.1,25.48,17.64
6/6/2015 21:30,42161.90,1575.5,25.47,17.65
6/6/2015 21:40,42161.90,1575,25.47,17.64
6/6/2015 21:50,42161.91,1574.6,25.48,17.64
6/6/2015 22:00,42161.92,1574.5,25.47,17.65
6/6/2015 22:10,42161.92,1574.5,25.48,17.64
6/6/2015 22:20,42161.93,1574.8,25.49,17.64
6/6/2015 22:30,42161.94,1575.9,25.48,17.64
6/6/2015 22:40,42161.94,1576.8,25.46,17.65
6/6/2015 22:50,42161.95,1578.3,25.47,17.65
6/6/2015 23:00,42161.96,1580.1,25.48,17.64
6/6/2015 23:10,42161.97,1582.1,25.46,17.65
6/6/2015 23:20,42161.97,1583.9,25.47,17.64
6/6/2015 23:30,42161.98,1586.3,25.47,17.65
6/6/2015 23:40,42161.99,1589,25.47,17.65
6/6/2015 23:50,42161.99,1591.8,25.46,17.65
6/7/2015 0:00,42162.00,1594.3,25.47,17.65
6/7/2015 0:10,42162.01,1597,25.46,17.65
6/7/2015 0:20,42162.01,1599.3,25.47,17.65
6/7/2015 0:30,42162.02,1601.8,25.47,17.64
6/7/2015 0:40,42162.03,1604.4,25.48,17.64
6/7/2015 0:50,42162.03,1606.7,25.47,17.64
6/7/2015 1:00,42162.04,1609.3,25.47,17.65
6/7/2015 1:10,42162.05,1612.1,25.47,17.64
6/7/2015 1:20,42162.06,1614.8,25.47,17.65
6/7/2015 1:30,42162.06,1617.1,25.49,17.64
6/7/2015 1:40,42162.07,1619.1,25.48,17.64
6/7/2015 1:50,42162.08,1620.6,25.49,17.64
6/7/2015 2:00,42162.08,1622,25.5,17.64
6/7/2015 2:10,42162.09,1623.1,25.49,17.64
6/7/2015 2:20,42162.10,1624.3,25.49,17.64
6/7/2015 2:30,42162.10,1625.4,25.48,17.64
6/7/2015 2:40,42162.11,1626.1,25.47,17.65
6/7/2015 2:50,42162.12,1626.7,25.47,17.64
6/7/2015 3:00,42162.13,1627.2,25.48,17.64
6/7/2015 3:10,42162.13,1627.5,25.47,17.65
6/7/2015 3:20,42162.14,1627.7,25.48,17.64
6/7/2015 3:30,42162.15,1628.1,25.48,17.64
6/7/2015 3:40,42162.15,1628.4,25.48,17.64
6/7/2015 3:50,42162.16,1628.7,25.47,17.65
6/7/2015 4:00,42162.17,1628.7,25.48,17.64
6/7/2015 4:10,42162.17,1628.3,25.47,17.64
6/7/2015 4:20,42162.18,1627.9,25.48,17.64
6/7/2015 4:30,42162.19,1627.4,25.47,17.64
6/7/2015 4:40,42162.19,1626.7,25.48,17.64
6/7/2015 4:50,42162.20,1625.8,25.49,17.64
6/7/2015 5:00,42162.21,1624.3,25.49,17.64
6/7/2015 5:10,42162.22,1622.9,25.49,17.64
6/7/2015 5:20,42162.22,1621.3,25.47,17.64
6/7/2015 5:30,42162.23,1619.5,25.48,17.64
6/7/2015 5:40,42162.24,1617.7,25.48,17.64
6/7/2015 5:50,42162.24,1615.8,25.46,17.65
6/7/2015 6:00,42162.25,1613.3,25.46,17.65
6/7/2015 6:10,42162.26,1611.1,25.48,17.64
6/7/2015 6:20,42162.26,1609,25.46,17.65
6/7/2015 6:30,42162.27,1606.8,25.48,17.64
6/7/2015 6:40,42162.28,1604.2,25.47,17.65
6/7/2015 6:50,42162.28,1601.5,25.46,17.65
6/7/2015 7:00,42162.29,1599.2,25.47,17.65
6/7/2015 7:10,42162.30,1596.8,25.47,17.64
6/7/2015 7:20,42162.31,1594.9,25.46,17.65
6/7/2015 7:30,42162.31,1592.7,25.48,17.64
6/7/2015 7:40,42162.32,1590.9,25.46,17.65
6/7/2015 7:50,42162.33,1589.2,25.48,17.64
6/7/2015 8:00,42162.33,1587.4,25.46,17.65
6/7/2015 8:10,42162.34,1586,25.47,17.65
6/7/2015 8:20,42162.35,1584.6,25.47,17.66
6/7/2015 8:30,42162.35,1583.4,25.49,17.64
6/7/2015 8:40,42162.36,1582.2,25.47,17.65
6/7/2015 8:50,42162.37,1581.1,25.47,17.65
6/7/2015 9:00,42162.38,1580.1,25.48,17.64
6/7/2015 9:10,42162.38,1579.2,25.47,17.65
6/7/2015 9:20,42162.39,1577.8,25.47,17.65
6/7/2015 9:30,42162.40,1577.3,25.46,17.65
6/7/2015 9:40,42162.40,1576.8,25.47,17.65
6/7/2015 9:50,42162.41,1576.3,25.48,17.64
6/7/2015 10:00,42162.42,1576.1,25.47,17.65
6/7/2015 10:10,42162.42,1576.6,25.47,17.65
6/7/2015 10:20,42162.43,1576.8,25.47,17.65
6/7/2015 10:30,42162.44,1577.6,25.48,17.64
6/7/2015 10:40,42162.44,1578.7,25.47,17.65
6/7/2015 10:50,42162.45,1580.1,25.48,17.64
6/7/2015 11:00,42162.46,1581.5,25.49,17.64
6/7/2015 11:10,42162.47,1583.2,25.47,17.65
6/7/2015 11:20,42162.47,1585.1,25.47,17.65
6/7/2015 11:30,42162.48,1587.3,25.48,17.64
6/7/2015 11:40,42162.49,1589.7,25.48,17.64
6/7/2015 11:50,42162.49,1591.9,25.49,17.64
6/7/2015 12:00,42162.50,1594.9,25.49,17.64
6/7/2015 12:10,42162.51,1597.4,25.48,17.64
6/7/2015 12:20,42162.51,1599.8,25.49,17.64
6/7/2015 12:30,42162.52,1602.5,25.48,17.64
6/7/2015 12:40,42162.53,1605.2,25.48,17.64
6/7/2015 12:50,42162.53,1607.8,25.48,17.64
6/7/2015 13:00,42162.54,1610.5,25.47,17.64
6/7/2015 13:10,42162.55,1613.3,25.48,17.64
6/7/2015 13:20,42162.56,1616.1,25.49,17.64
6/7/2015 13:30,42162.56,1618.3,25.48,17.64
6/7/2015 13:40,42162.57,1620.3,25.49,17.64
6/7/2015 13:50,42162.58,1621.9,25.48,17.64
6/7/2015 14:00,42162.58,1623.4,25.49,17.64
6/7/2015 14:10,42162.59,1624.8,25.47,17.64
6/7/2015 14:20,42162.60,1625.8,25.47,17.64
6/7/2015 14:30,42162.60,1627.2,25.48,17.64
6/7/2015 14:40,42162.61,1628.1,25.49,17.64
6/7/2015 14:50,42162.62,1628.9,25.47,17.65
6/7/2015 15:00,42162.63,1629.5,25.48,17.64
6/7/2015 15:10,42162.63,1630.3,25.47,17.65
6/7/2015 15:20,42162.64,1631.1,25.48,17.64
6/7/2015 15:30,42162.65,1631.8,25.47,17.65
6/7/2015 15:40,42162.65,1632.6,25.46,17.65
6/7/2015 15:50,42162.66,1633.2,25.46,17.65
6/7/2015 16:00,42162.67,1633.3,25.46,17.65
6/7/2015 16:10,42162.67,1633.6,25.47,17.64
6/7/2015 16:20,42162.68,1633.3,25.46,17.65
6/7/2015 16:30,42162.69,1632.9,25.47,17.65
6/7/2015 16:40,42162.69,1632.5,25.46,17.65
6/7/2015 16:50,42162.70,1631.6,25.46,17.65
6/7/2015 17:00,42162.71,1630.7,25.46,17.65
6/7/2015 17:10,42162.72,1629.5,25.46,17.65
6/7/2015 17:20,42162.72,1628.6,25.46,17.65
6/7/2015 17:30,42162.73,1627.2,25.46,17.65
6/7/2015 17:40,42162.74,1625.6,25.48,17.64
6/7/2015 17:50,42162.74,1624,25.47,17.65
6/7/2015 18:00,42162.75,1622.4,25.46,17.65
6/7/2015 18:10,42162.76,1620.8,25.46,17.65
6/7/2015 18:20,42162.76,1618.9,25.51,17.65
6/7/2015 18:30,42162.77,1617,25.48,17.64
6/7/2015 18:40,42162.78,1614.7,25.47,17.64
6/7/2015 18:50,42162.78,1612.8,25.48,17.64
6/7/2015 19:00,42162.79,1610.9,25.48,17.64
6/7/2015 19:10,42162.80,1608.8,25.48,17.64
6/7/2015 19:20,42162.81,1606.6,25.48,17.64
6/7/2015 19:30,42162.81,1604.1,25.49,17.64
6/7/2015 19:40,42162.82,1601.3,25.49,17.64
6/7/2015 19:50,42162.83,1599.1,25.48,17.64
6/7/2015 20:00,42162.83,1596.8,25.46,17.65
6/7/2015 20:10,42162.84,1594.4,25.48,17.64
6/7/2015 20:20,42162.85,1592.3,25.47,17.64
6/7/2015 20:30,42162.85,1590.3,25.47,17.66
6/7/2015 20:40,42162.86,1588.4,25.47,17.65
6/7/2015 20:50,42162.87,1586.7,25.47,17.65
6/7/2015 21:00,42162.88,1585.1,25.47,17.65
6/7/2015 21:10,42162.88,1583.6,25.46,17.65
6/7/2015 21:20,42162.89,1582.4,25.46,17.65
6/7/2015 21:30,42162.90,1581.3,25.47,17.65
6/7/2015 21:40,42162.90,1580.3,25.48,17.64
6/7/2015 21:50,42162.91,1579.3,25.46,17.65
6/7/2015 22:00,42162.92,1578.3,25.47,17.65
6/7/2015 22:10,42162.92,1577.6,25.47,17.65
6/7/2015 22:20,42162.93,1577.3,25.48,17.64
6/7/2015 22:30,42162.94,1576.8,25.47,17.65
6/7/2015 22:40,42162.94,1576.5,25.48,17.64
6/7/2015 22:50,42162.95,1576.5,25.46,17.65
6/7/2015 23:00,42162.96,1577,25.46,17.65
6/7/2015 23:10,42162.97,1577.3,25.46,17.65
6/7/2015 23:20,42162.97,1578.3,25.47,17.65
6/7/2015 23:30,42162.98,1579.6,25.48,17.64
6/7/2015 23:40,42162.99,1580.8,25.48,17.64
6/7/2015 23:50,42162.99,1582.8,25.47,17.66
6/8/2015 0:00,42163.00,1584.4,25.47,17.65
6/8/2015 0:10,42163.01,1586.2,25.48,17.64
6/8/2015 0:20,42163.01,1588.6,25.48,17.64
6/8/2015 0:30,42163.02,1590.9,25.47,17.64
6/8/2015 0:40,42163.03,1593.3,25.49,17.64
6/8/2015 0:50,42163.03,1595.8,25.5,17.64
6/8/2015 1:00,42163.04,1597.9,25.48,17.64
6/8/2015 1:10,42163.05,1600.4,25.48,17.64
6/8/2015 1:20,42163.06,1602.5,25.48,17.64
6/8/2015 1:30,42163.06,1604.8,25.47,17.65
6/8/2015 1:40,42163.07,1607.3,25.48,17.64
6/8/2015 1:50,42163.08,1609.7,25.47,17.64
6/8/2015 2:00,42163.08,1612.4,25.47,17.65
6/8/2015 2:10,42163.09,1614.8,25.47,17.65
6/8/2015 2:20,42163.10,1616.8,25.49,17.64
6/8/2015 2:30,42163.10,1618.5,25.47,17.64
6/8/2015 2:40,42163.11,1620.2,25.47,17.65
6/8/2015 2:50,42163.12,1621.4,25.47,17.65
6/8/2015 3:00,42163.13,1622.6,25.48,17.64
6/8/2015 3:10,42163.13,1623.6,25.48,17.64
6/8/2015 3:20,42163.14,1624.7,25.49,17.64
6/8/2015 3:30,42163.15,1625.5,25.5,17.64
6/8/2015 3:40,42163.15,1625.6,25.49,17.64
6/8/2015 3:50,42163.16,1626.5,25.48,17.64
6/8/2015 4:00,42163.17,1627,25.48,17.64
6/8/2015 4:10,42163.17,1627.2,25.49,17.64
6/8/2015 4:20,42163.18,1627.6,25.5,17.64
6/8/2015 4:30,42163.19,1627.6,25.51,17.65
6/8/2015 4:40,42163.19,1627.7,25.47,17.64
6/8/2015 4:50,42163.20,1627.6,25.49,17.64
6/8/2015 5:00,42163.21,1627,25.48,17.64
6/8/2015 5:10,42163.22,1626.9,25.49,17.64
6/8/2015 5:20,42163.22,1626.3,25.47,17.64
6/8/2015 5:30,42163.23,1625.8,25.47,17.66
6/8/2015 5:40,42163.24,1624.7,25.48,17.64
6/8/2015 5:50,42163.24,1623.5,25.47,17.66
6/8/2015 6:00,42163.25,1621.9,25.48,17.64
6/8/2015 6:10,42163.26,1620.4,25.47,17.65
6/8/2015 6:20,42163.26,1618.5,25.48,17.64
6/8/2015 6:30,42163.27,1616.5,25.49,17.64
6/8/2015 6:40,42163.28,1614.6,25.49,17.64
6/8/2015 6:50,42163.28,1612.5,25.49,17.64
6/8/2015 7:00,42163.29,1610,25.47,17.64
6/8/2015 7:10,42163.30,1607.6,25.47,17.64
6/8/2015 7:20,42163.31,1605.5,25.47,17.66
6/8/2015 7:30,42163.31,1603.1,25.48,17.64
6/8/2015 7:40,42163.32,1600.8,25.48,17.64
6/8/2015 7:50,42163.33,1598.6,25.47,17.64
6/8/2015 8:00,42163.33,1596.6,25.48,17.64
6/8/2015 8:10,42163.34,1594.7,25.48,17.64
6/8/2015 8:20,42163.35,1592.6,25.48,17.64
6/8/2015 8:30,42163.35,1591,25.47,17.66
6/8/2015 8:40,42163.36,1589.4,25.46,17.65
6/8/2015 8:50,42163.37,1588,25.46,17.65
6/8/2015 9:00,42163.38,1586.9,25.47,17.66
6/8/2015 9:10,42163.38,1585.5,25.46,17.65
6/8/2015 9:20,42163.39,1584.1,25.47,17.66
6/8/2015 9:30,42163.40,1582.9,25.46,17.65
6/8/2015 9:40,42163.40,1581.7,25.46,17.65
6/8/2015 9:50,42163.41,1580.7,25.47,17.64
6/8/2015 10:00,42163.42,1580,25.46,17.65
6/8/2015 10:10,42163.42,1579.1,25.45,17.65
6/8/2015 10:20,42163.43,1578.4,25.46,17.65
6/8/2015 10:30,42163.44,1577.9,25.46,17.65
6/8/2015 10:40,42163.44,1577.7,25.46,17.65
6/8/2015 10:50,42163.45,1577.5,25.46,17.65
6/8/2015 11:00,42163.46,1577.7,25.46,17.65
6/8/2015 11:10,42163.47,1578.2,25.46,17.65
6/8/2015 11:20,42163.47,1578.9,25.47,17.64
6/8/2015 11:30,42163.48,1580,25.47,17.64
6/8/2015 11:40,42163.49,1581.2,25.49,17.64
6/8/2015 11:50,42163.49,1582.9,25.49,17.64
6/8/2015 12:00,42163.50,1584.6,25.49,17.64
6/8/2015 12:10,42163.51,1586.4,25.48,17.64
6/8/2015 12:20,42163.51,1588.5,25.47,17.64
6/8/2015 12:30,42163.52,1590.8,25.48,17.64
6/8/2015 12:40,42163.53,1593.1,25.48,17.64
6/8/2015 12:50,42163.53,1595.3,25.47,17.64
6/8/2015 13:00,42163.54,1597.7,25.48,17.64
6/8/2015 13:10,42163.55,1600.1,25.48,17.64
6/8/2015 13:20,42163.56,1602.5,25.47,17.65
6/8/2015 13:30,42163.56,1605.3,25.47,17.66
6/8/2015 13:40,42163.57,1607.6,25.47,17.64
6/8/2015 13:50,42163.58,1610.5,25.48,17.64
6/8/2015 14:00,42163.58,1613.2,25.48,17.64
6/8/2015 14:10,42163.59,1615.4,25.47,17.64
6/8/2015 14:20,42163.60,1617.3,25.46,17.65
6/8/2015 14:30,42163.60,1619.1,25.46,17.65
6/8/2015 14:40,42163.61,1620.8,25.47,17.64
6/8/2015 14:50,42163.62,1622.3,25.47,17.65
6/8/2015 15:00,42163.63,1623.6,25.47,17.64
6/8/2015 15:10,42163.63,1624.7,25.47,17.65
6/8/2015 15:20,42163.64,1625.5,25.46,17.65
6/8/2015 15:30,42163.65,1626.3,25.47,17.65
6/8/2015 15:40,42163.65,1626.7,25.46,17.65
6/8/2015 15:50,42163.66,1627.4,25.46,17.65
6/8/2015 16:00,42163.67,1627.9,25.48,17.64
6/8/2015 16:10,42163.67,1628.4,25.48,17.64
6/8/2015 16:20,42163.68,1629.1,25.49,17.64
6/8/2015 16:30,42163.69,1629.5,25.47,17.64
6/8/2015 16:40,42163.69,1629.8,25.48,17.64
6/8/2015 16:50,42163.70,1630.3,25.47,17.65
6/8/2015 17:00,42163.71,1630.2,25.47,17.64
6/8/2015 17:10,42163.72,1630.1,25.47,17.65
6/8/2015 17:20,42163.72,1630,25.46,17.65
6/8/2015 17:30,42163.73,1629.9,25.47,17.65
6/8/2015 17:40,42163.74,1629.4,25.47,17.65
6/8/2015 17:50,42163.74,1628.8,25.48,17.64
6/8/2015 18:00,42163.75,1627.9,25.47,17.65
6/8/2015 18:10,42163.76,1627,25.47,17.66
6/8/2015 18:20,42163.76,1626.2,25.48,17.64
6/8/2015 18:30,42163.77,1624.8,25.47,17.64
6/8/2015 18:40,42163.78,1623.6,25.49,17.64
6/8/2015 18:50,42163.78,1621.9,25.49,17.64
6/8/2015 19:00,42163.79,1620.2,25.47,17.65
6/8/2015 19:10,42163.80,1618.6,25.48,17.64
6/8/2015 19:20,42163.81,1616.5,25.49,17.64
6/8/2015 19:30,42163.81,1614.9,25.48,17.64
6/8/2015 19:40,42163.82,1612.6,25.46,17.65
6/8/2015 19:50,42163.83,1610.5,25.47,17.65
6/8/2015 20:00,42163.83,1608.3,25.47,17.64
6/8/2015 20:10,42163.84,1605.9,25.46,17.65
6/8/2015 20:20,42163.85,1603.4,25.47,17.64
6/8/2015 20:30,42163.85,1601.3,25.46,17.65
6/8/2015 20:40,42163.86,1599.3,25.46,17.65
6/8/2015 20:50,42163.87,1597,25.46,17.65
6/8/2015 21:00,42163.88,1594.9,25.45,17.65
6/8/2015 21:10,42163.88,1593,25.46,17.65
6/8/2015 21:20,42163.89,1591,25.47,17.65
6/8/2015 21:30,42163.90,1589.7,25.47,17.66
6/8/2015 21:40,42163.90,1588.1,25.46,17.65
6/8/2015 21:50,42163.91,1586.9,25.47,17.65
6/8/2015 22:00,42163.92,1585.7,25.46,17.65
6/8/2015 22:10,42163.92,1584.5,25.47,17.64
6/8/2015 22:20,42163.93,1583.3,25.46,17.65
6/8/2015 22:30,42163.94,1582.2,25.46,17.65
6/8/2015 22:40,42163.94,1581,25.47,17.64
6/8/2015 22:50,42163.95,1580.3,25.46,17.65
6/8/2015 23:00,42163.96,1579.6,25.46,17.65
6/8/2015 23:10,42163.97,1578.9,25.47,17.65
6/8/2015 23:20,42163.97,1578.7,25.46,17.65
6/8/2015 23:30,42163.98,1578.7,25.46,17.65
6/8/2015 23:40,42163.99,1578.6,25.46,17.65
6/8/2015 23:50,42163.99,1579.4,25.47,17.65
6/9/2015 0:00,42164.00,1580.1,25.47,17.65
6/9/2015 0:10,42164.01,1581.1,25.47,17.66
6/9/2015 0:20,42164.01,1582.2,25.48,17.64
6/9/2015 0:30,42164.02,1583.7,25.47,17.65
6/9/2015 0:40,42164.03,1585.1,25.47,17.65
6/9/2015 0:50,42164.03,1587.1,25.47,17.64
6/9/2015 1:00,42164.04,1589,25.49,17.64
6/9/2015 1:10,42164.05,1591.2,25.47,17.65
6/9/2015 1:20,42164.06,1593.4,25.47,17.65
6/9/2015 1:30,42164.06,1595.8,25.46,17.65
6/9/2015 1:40,42164.07,1598.1,25.47,17.65
6/9/2015 1:50,42164.08,1600,25.48,17.64
6/9/2015 2:00,42164.08,1602.1,25.47,17.65
6/9/2015 2:10,42164.09,1604.5,25.48,17.64
6/9/2015 2:20,42164.10,1606.7,25.46,17.65
6/9/2015 2:30,42164.10,1609,25.47,17.64
6/9/2015 2:40,42164.11,1611.4,25.47,17.65
6/9/2015 2:50,42164.12,1613.4,25.48,17.64
6/9/2015 3:00,42164.13,1615.4,25.49,17.64
6/9/2015 3:10,42164.13,1617,25.49,17.64
6/9/2015 3:20,42164.14,1618.7,25.49,17.64
6/9/2015 3:30,42164.15,1620,25.48,17.64
6/9/2015 3:40,42164.15,1621.5,25.47,17.64
6/9/2015 3:50,42164.16,1622.4,25.47,17.64
6/9/2015 4:00,42164.17,1623.3,25.46,17.65
6/9/2015 4:10,42164.17,1624.1,25.47,17.64
6/9/2015 4:20,42164.18,1625,25.49,17.64
6/9/2015 4:30,42164.19,1625.3,25.48,17.64
6/9/2015 4:40,42164.19,1626.1,25.47,17.65
6/9/2015 4:50,42164.20,1626.3,25.47,17.64
6/9/2015 5:00,42164.21,1626.5,25.48,17.64
6/9/2015 5:10,42164.22,1626.6,25.47,17.65
6/9/2015 5:20,42164.22,1627,25.47,17.65
6/9/2015 5:30,42164.23,1626.8,25.47,17.65
6/9/2015 5:40,42164.24,1626.8,25.47,17.65
6/9/2015 5:50,42164.24,1626.3,25.47,17.65
6/9/2015 6:00,42164.25,1625.8,25.47,17.65
6/9/2015 6:10,42164.26,1625.2,25.47,17.65
6/9/2015 6:20,42164.26,1624.7,25.47,17.66
6/9/2015 6:30,42164.27,1623.8,25.49,17.64
6/9/2015 6:40,42164.28,1622.4,25.48,17.64
6/9/2015 6:50,42164.28,1620.8,25.49,17.64
6/9/2015 7:00,42164.29,1619.2,25.49,17.64
6/9/2015 7:10,42164.30,1617.5,25.49,17.64
6/9/2015 7:20,42164.31,1615.6,25.48,17.64
6/9/2015 7:30,42164.31,1613.5,25.47,17.64
6/9/2015 7:40,42164.32,1611.4,25.48,17.64
6/9/2015 7:50,42164.33,1609.3,25.48,17.64
6/9/2015 8:00,42164.33,1607,25.47,17.65
6/9/2015 8:10,42164.34,1605.2,25.48,17.64
6/9/2015 8:20,42164.35,1603.1,25.47,17.64
6/9/2015 8:30,42164.35,1601.5,25.47,17.64
6/9/2015 8:40,42164.36,1599.6,25.48,17.64
6/9/2015 8:50,42164.37,1597.7,25.48,17.64
6/9/2015 9:00,42164.38,1595.9,25.47,17.65
6/9/2015 9:10,42164.38,1594.4,25.47,17.64
6/9/2015 9:20,42164.39,1592.8,25.49,17.64
6/9/2015 9:30,42164.40,1591.5,25.47,17.65
6/9/2015 9:40,42164.40,1590.6,25.46,17.65
6/9/2015 9:50,42164.41,1589.2,25.46,17.65
6/9/2015 10:00,42164.42,1588.1,25.46,17.65
6/9/2015 10:10,42164.42,1586.9,25.46,17.65
6/9/2015 10:20,42164.43,1585.7,25.48,17.64
6/9/2015 10:30,42164.44,1584.9,25.47,17.65
6/9/2015 10:40,42164.44,1583.6,25.47,17.64
6/9/2015 10:50,42164.45,1582.9,25.46,17.65
6/9/2015 11:00,42164.46,1582.2,25.48,17.64
6/9/2015 11:10,42164.47,1581.9,25.46,17.65
6/9/2015 11:20,42164.47,1581.4,25.46,17.65
6/9/2015 11:30,42164.48,1581,25.46,17.65
6/9/2015 11:40,42164.49,1580.8,25.46,17.65
6/9/2015 11:50,42164.49,1580.7,25.45,17.65
6/9/2015 12:00,42164.50,1581.2,25.47,17.64
6/9/2015 12:10,42164.51,1581.7,25.46,17.65
6/9/2015 12:20,42164.51,1582.8,25.47,17.65
6/9/2015 12:30,42164.52,1583.8,25.46,17.65
6/9/2015 12:40,42164.53,1584.9,25.47,17.65
6/9/2015 12:50,42164.53,1586.6,25.46,17.65
6/9/2015 13:00,42164.54,1588.1,25.48,17.64
6/9/2015 13:10,42164.55,1590,25.47,17.65
6/9/2015 13:20,42164.56,1591.6,25.48,17.64
6/9/2015 13:30,42164.56,1593.5,25.48,17.64
6/9/2015 13:40,42164.57,1595.7,25.47,17.66
6/9/2015 13:50,42164.58,1597.5,25.48,17.64
6/9/2015 14:00,42164.58,1599.5,25.49,17.64
6/9/2015 14:10,42164.59,1601.5,25.5,17.64
6/9/2015 14:20,42164.60,1603.8,25.5,17.64
6/9/2015 14:30,42164.60,1606.2,25.49,17.64
6/9/2015 14:40,42164.61,1608.6,25.49,17.64
6/9/2015 14:50,42164.62,1610.9,25.48,17.64
6/9/2015 15:00,42164.63,1613,25.47,17.64
6/9/2015 15:10,42164.63,1615.1,25.47,17.64
6/9/2015 15:20,42164.64,1616.7,25.47,17.65
6/9/2015 15:30,42164.65,1618.3,25.47,17.65
6/9/2015 15:40,42164.65,1619.7,25.47,17.65
6/9/2015 15:50,42164.66,1621.2,25.47,17.65
6/9/2015 16:00,42164.67,1622,25.47,17.64
6/9/2015 16:10,42164.67,1623.1,25.48,17.64
6/9/2015 16:20,42164.68,1623.8,25.48,17.64
6/9/2015 16:30,42164.69,1624.7,25.49,17.64
6/9/2015 16:40,42164.69,1624.8,25.5,17.65
6/9/2015 16:50,42164.70,1625.6,25.5,17.64
6/9/2015 17:00,42164.71,1626,25.5,17.64
6/9/2015 17:10,42164.72,1626.3,25.48,17.64
6/9/2015 17:20,42164.72,1627,25.47,17.65
6/9/2015 17:30,42164.73,1626.9,25.48,17.64
6/9/2015 17:40,42164.74,1627.2,25.47,17.65
6/9/2015 17:50,42164.74,1627.7,25.47,17.66
6/9/2015 18:00,42164.75,1627.4,25.47,17.64
6/9/2015 18:10,42164.76,1627.5,25.48,17.64
6/9/2015 18:20,42164.76,1627.2,25.49,17.64
6/9/2015 18:30,42164.77,1627.2,25.49,17.64
6/9/2015 18:40,42164.78,1626.9,25.5,17.65
6/9/2015 18:50,42164.78,1626.2,25.49,17.64
6/9/2015 19:00,42164.79,1625.6,25.48,17.64
6/9/2015 19:10,42164.80,1624.4,25.48,17.64
6/9/2015 19:20,42164.81,1623.1,25.47,17.66
6/9/2015 19:30,42164.81,1621.7,25.48,17.64
6/9/2015 19:40,42164.82,1620,25.47,17.65
6/9/2015 19:50,42164.83,1619,25.47,17.65
6/9/2015 20:00,42164.83,1617.1,25.48,17.64
6/9/2015 20:10,42164.84,1615.1,25.49,17.64
6/9/2015 20:20,42164.85,1612.8,25.49,17.64
6/9/2015 20:30,42164.85,1611.1,25.48,17.64
6/9/2015 20:40,42164.86,1609.4,25.47,17.65
6/9/2015 20:50,42164.87,1607.1,25.47,17.64
6/9/2015 21:00,42164.88,1605.1,25.48,17.64
6/9/2015 21:10,42164.88,1603.2,25.47,17.65
6/9/2015 21:20,42164.89,1600.8,25.47,17.64
6/9/2015 21:30,42164.90,1598.8,25.49,17.64
6/9/2015 21:40,42164.90,1596.7,25.48,17.64
6/9/2015 21:50,42164.91,1595.3,25.47,17.64
6/9/2015 22:00,42164.92,1593.5,25.46,17.65
6/9/2015 22:10,42164.92,1592,25.47,17.65
6/9/2015 22:20,42164.93,1590.1,25.47,17.65
6/9/2015 22:30,42164.94,1589.2,25.48,17.64
6/9/2015 22:40,42164.94,1587.6,25.49,17.64
6/9/2015 22:50,42164.95,1586.4,25.48,17.64
6/9/2015 23:00,42164.96,1585.5,25.48,17.64
6/9/2015 23:10,42164.97,1584.4,25.47,17.65
6/9/2015 23:20,42164.97,1583.2,25.47,17.66
6/9/2015 23:30,42164.98,1582.3,25.48,17.64
6/9/2015 23:40,42164.99,1581.4,25.49,17.64
6/9/2015 23:50,42164.99,1580.8,25.49,17.64
6/10/2015 0:00,42165.00,1580.1,25.46,17.65
6/10/2015 0:10,42165.01,1579.6,25.48,17.64
6/10/2015 0:20,42165.01,1579.3,25.47,17.64
6/10/2015 0:30,42165.02,1579.3,25.48,17.64
6/10/2015 0:40,42165.03,1579.3,25.48,17.64
6/10/2015 0:50,42165.03,1580,25.49,17.64
6/10/2015 1:00,42165.04,1580.5,25.47,17.64
6/10/2015 1:10,42165.05,1581.7,25.47,17.64
6/10/2015 1:20,42165.06,1582.8,25.47,17.65
6/10/2015 1:30,42165.06,1584.5,25.46,17.65
6/10/2015 1:40,42165.07,1586,25.48,17.64
6/10/2015 1:50,42165.08,1587.6,25.46,17.65
6/10/2015 2:00,42165.08,1589.7,25.47,17.65
6/10/2015 2:10,42165.09,1591.5,25.48,17.64
6/10/2015 2:20,42165.10,1593.6,25.48,17.64
6/10/2015 2:30,42165.10,1595.9,25.47,17.65
6/10/2015 2:40,42165.11,1597.9,25.48,17.64
6/10/2015 2:50,42165.12,1599.6,25.48,17.64
6/10/2015 3:00,42165.13,1601.8,25.47,17.65
6/10/2015 3:10,42165.13,1603.7,25.47,17.65
6/10/2015 3:20,42165.14,1605.9,25.5,17.64
6/10/2015 3:30,42165.15,1608.4,25.48,17.64
6/10/2015 3:40,42165.15,1610.4,25.47,17.64
6/10/2015 3:50,42165.16,1612.5,25.48,17.64
6/10/2015 4:00,42165.17,1614,25.49,17.64
6/10/2015 4:10,42165.17,1615.8,25.48,17.64
6/10/2015 4:20,42165.18,1617.4,25.48,17.64
6/10/2015 4:30,42165.19,1618.9,25.49,17.64
6/10/2015 4:40,42165.19,1620.1,25.49,17.64
6/10/2015 4:50,42165.20,1621.2,25.49,17.64
6/10/2015 5:00,42165.21,1622.2,25.49,17.64
6/10/2015 5:10,42165.22,1623.1,25.49,17.64
6/10/2015 5:20,42165.22,1624,25.49,17.64
6/10/2015 5:30,42165.23,1625.5,25.5,17.65
6/10/2015 5:40,42165.24,1626.1,25.48,17.64
6/10/2015 5:50,42165.24,1626,25.5,17.64
6/10/2015 6:00,42165.25,1625.6,25.5,17.65
6/10/2015 6:10,42165.26,1626.2,25.49,17.64
6/10/2015 6:20,42165.26,1626.9,25.48,17.64
6/10/2015 6:30,42165.27,1626.8,25.48,17.64
6/10/2015 6:40,42165.28,1626.9,25.5,17.64
6/10/2015 6:50,42165.28,1626.8,25.48,17.64
6/10/2015 7:00,42165.29,1626.8,25.47,17.65
6/10/2015 7:10,42165.30,1626.5,25.47,17.64
6/10/2015 7:20,42165.31,1626.2,25.47,17.64
6/10/2015 7:30,42165.31,1626,25.48,17.64
6/10/2015 7:40,42165.32,1625.1,25.48,17.64
6/10/2015 7:50,42165.33,1623.8,25.47,17.65
6/10/2015 8:00,42165.33,1622,25.48,17.64
6/10/2015 8:10,42165.34,1620.6,25.49,17.64
6/10/2015 8:20,42165.35,1619,25.48,17.64
6/10/2015 8:30,42165.35,1617.1,25.49,17.64
6/10/2015 8:40,42165.36,1615.4,25.49,17.64
6/10/2015 8:50,42165.37,1613.7,25.49,17.64
6/10/2015 9:00,42165.38,1612.1,25.49,17.64
6/10/2015 9:10,42165.38,1610,25.48,17.64
6/10/2015 9:20,42165.39,1608,25.48,17.64
6/10/2015 9:30,42165.40,1606.1,25.48,17.64
6/10/2015 9:40,42165.40,1604.1,25.49,17.64
6/10/2015 9:50,42165.41,1602.4,25.48,17.64
6/10/2015 10:00,42165.42,1600.6,25.49,17.64
6/10/2015 10:10,42165.42,1599,25.48,17.64
6/10/2015 10:20,42165.43,1597.2,25.47,17.64
6/10/2015 10:30,42165.44,1595.4,25.46,17.65
6/10/2015 10:40,42165.44,1594.3,25.47,17.66
6/10/2015 10:50,42165.45,1592.6,25.48,17.64
6/10/2015 11:00,42165.46,1591.3,25.49,17.64
6/10/2015 11:10,42165.47,1590,25.47,17.65
6/10/2015 11:20,42165.47,1589.2,25.46,17.65
6/10/2015 11:30,42165.48,1588.1,25.46,17.65
6/10/2015 11:40,42165.49,1587,25.47,17.65
6/10/2015 11:50,42165.49,1586,25.48,17.64
6/10/2015 12:00,42165.50,1585.5,25.48,17.64
6/10/2015 12:10,42165.51,1584.8,25.49,17.64
6/10/2015 12:20,42165.51,1584.1,25.48,17.64
6/10/2015 12:30,42165.52,1583.5,25.47,17.65
6/10/2015 12:40,42165.53,1583.4,25.48,17.64
6/10/2015 12:50,42165.53,1583.1,25.48,17.64
6/10/2015 13:00,42165.54,1583.1,25.48,17.64
6/10/2015 13:10,42165.55,1583.4,25.49,17.64
6/10/2015 13:20,42165.56,1584.4,25.48,17.64
6/10/2015 13:30,42165.56,1585.2,25.49,17.64
6/10/2015 13:40,42165.57,1586,25.48,17.64
6/10/2015 13:50,42165.58,1587.1,25.49,17.64
6/10/2015 14:00,42165.58,1588.8,25.49,17.64
6/10/2015 14:10,42165.59,1590.5,25.48,17.64
6/10/2015 14:20,42165.60,1592.1,25.49,17.64
6/10/2015 14:30,42165.60,1593.7,25.47,17.64
6/10/2015 14:40,42165.61,1595.6,25.48,17.64
6/10/2015 14:50,42165.62,1597.4,25.49,17.64
6/10/2015 15:00,42165.63,1599.3,25.48,17.64
6/10/2015 15:10,42165.63,1600.8,25.48,17.64
6/10/2015 15:20,42165.64,1602.9,25.46,17.65
6/10/2015 15:30,42165.65,1604.8,25.49,17.64
6/10/2015 15:40,42165.65,1607.1,25.5,17.64
6/10/2015 15:50,42165.66,1609.3,25.5,17.64
6/10/2015 16:00,42165.67,1611.2,25.49,17.64
6/10/2015 16:10,42165.67,1613.3,25.48,17.64
6/10/2015 16:20,42165.68,1615,25.48,17.64
6/10/2015 16:30,42165.69,1616.7,25.48,17.64
6/10/2015 16:40,42165.69,1618.2,25.48,17.64
6/10/2015 16:50,42165.70,1619.6,25.48,17.64
6/10/2015 17:00,42165.71,1620.8,25.49,17.64
6/10/2015 17:10,42165.72,1622,25.49,17.64
6/10/2015 17:20,42165.72,1623.3,25.47,17.64
6/10/2015 17:30,42165.73,1624.3,25.48,17.64
6/10/2015 17:40,42165.74,1625,25.49,17.64
6/10/2015 17:50,42165.74,1625.5,25.49,17.64
6/10/2015 18:00,42165.75,1626.2,25.5,17.64
6/10/2015 18:10,42165.76,1626.5,25.5,17.65
6/10/2015 18:20,42165.76,1627.2,25.48,17.64
6/10/2015 18:30,42165.77,1627.4,25.49,17.64
6/10/2015 18:40,42165.78,1627.6,25.49,17.64
6/10/2015 18:50,42165.78,1627.6,25.49,17.64
6/10/2015 19:00,42165.79,1627.6,25.47,17.64
6/10/2015 19:10,42165.80,1627.7,25.46,17.65
6/10/2015 19:20,42165.81,1627.7,25.46,17.65
6/10/2015 19:30,42165.81,1627.7,25.47,17.65
6/10/2015 19:40,42165.82,1627,25.47,17.65
6/10/2015 19:50,42165.83,1626.3,25.47,17.64
6/10/2015 20:00,42165.83,1625.8,25.48,17.64
6/10/2015 20:10,42165.84,1625,25.46,17.65
6/10/2015 20:20,42165.85,1623.6,25.46,17.65
6/10/2015 20:30,42165.85,1622.4,25.47,17.64
6/10/2015 20:40,42165.86,1621,25.46,17.65
6/10/2015 20:50,42165.87,1619.3,25.47,17.65
6/10/2015 21:00,42165.88,1617.4,25.47,17.65
6/10/2015 21:10,42165.88,1615.6,25.48,17.64
6/10/2015 21:20,42165.89,1613.7,25.46,17.65
6/10/2015 21:30,42165.90,1611.6,25.46,17.65
6/10/2015 21:40,42165.90,1609.8,25.47,17.65
6/10/2015 21:50,42165.91,1607.6,25.48,17.64
6/10/2015 22:00,42165.92,1605.7,25.49,17.64
6/10/2015 22:10,42165.92,1603.7,25.48,17.64
6/10/2015 22:20,42165.93,1601.6,25.47,17.65
6/10/2015 22:30,42165.94,1599.9,25.47,17.65
6/10/2015 22:40,42165.94,1598.1,25.47,17.64
6/10/2015 22:50,42165.95,1596.5,25.47,17.64
6/10/2015 23:00,42165.96,1594.7,25.49,17.64
6/10/2015 23:10,42165.97,1593.2,25.46,17.65
6/10/2015 23:20,42165.97,1591.7,25.47,17.65
6/10/2015 23:30,42165.98,1590.4,25.46,17.65
6/10/2015 23:40,42165.99,1589.2,25.46,17.65
6/10/2015 23:50,42165.99,1587.6,25.46,17.65
6/11/2015 0:00,42166.00,1586.5,25.47,17.66
6/11/2015 0:10,42166.01,1585.5,25.48,17.64
6/11/2015 0:20,42166.01,1584.3,25.48,17.64
6/11/2015 0:30,42166.02,1583.4,25.47,17.64
6/11/2015 0:40,42166.03,1582.8,25.47,17.65
6/11/2015 0:50,42166.03,1581.8,25.47,17.66
6/11/2015 1:00,42166.04,1581.2,25.47,17.64
6/11/2015 1:10,42166.05,1581,25.48,17.64
6/11/2015 1:20,42166.06,1580.8,25.48,17.64
6/11/2015 1:30,42166.06,1580.7,25.48,17.64
6/11/2015 1:40,42166.07,1581,25.48,17.64
6/11/2015 1:50,42166.08,1581.4,25.48,17.64
6/11/2015 2:00,42166.08,1582.2,25.47,17.64
6/11/2015 2:10,42166.09,1582.8,25.47,17.65
6/11/2015 2:20,42166.10,1584.1,25.47,17.65
6/11/2015 2:30,42166.10,1585.3,25.48,17.64
6/11/2015 2:40,42166.11,1586.9,25.48,17.64
6/11/2015 2:50,42166.12,1588.5,25.5,17.64
6/11/2015 3:00,42166.13,1590.1,25.48,17.64
6/11/2015 3:10,42166.13,1591.8,25.48,17.64
6/11/2015 3:20,42166.14,1593.6,25.48,17.64
6/11/2015 3:30,42166.15,1595.3,25.49,17.64
6/11/2015 3:40,42166.15,1597,25.5,17.64
6/11/2015 3:50,42166.16,1599.1,25.47,17.64
6/11/2015 4:00,42166.17,1601.1,25.47,17.64
6/11/2015 4:10,42166.17,1603.1,25.48,17.64
6/11/2015 4:20,42166.18,1605.1,25.48,17.64
6/11/2015 4:30,42166.19,1607.3,25.48,17.64
6/11/2015 4:40,42166.19,1609.3,25.48,17.64
6/11/2015 4:50,42166.20,1611.4,25.48,17.64
6/11/2015 5:00,42166.21,1613.6,25.47,17.66
6/11/2015 5:10,42166.22,1615.1,25.47,17.64
6/11/2015 5:20,42166.22,1617,25.49,17.64
6/11/2015 5:30,42166.23,1618.4,25.48,17.64
6/11/2015 5:40,42166.24,1619.9,25.49,17.64
6/11/2015 5:50,42166.24,1621,25.49,17.64
6/11/2015 6:00,42166.25,1622,25.5,17.65
6/11/2015 6:10,42166.26,1622.9,25.5,17.64
6/11/2015 6:20,42166.26,1624,25.49,17.64
6/11/2015 6:30,42166.27,1624.7,25.48,17.64
6/11/2015 6:40,42166.28,1625.3,25.47,17.64
6/11/2015 6:50,42166.28,1625.9,25.48,17.64
6/11/2015 7:00,42166.29,1626.5,25.48,17.64
6/11/2015 7:10,42166.30,1626.5,25.49,17.64
6/11/2015 7:20,42166.31,1627,25.49,17.64
6/11/2015 7:30,42166.31,1627.2,25.48,17.64
6/11/2015 7:40,42166.32,1627.2,25.47,17.64
6/11/2015 7:50,42166.33,1627.2,25.47,17.64
6/11/2015 8:00,42166.33,1627.2,25.46,17.65
6/11/2015 8:10,42166.34,1627,25.47,17.64
6/11/2015 8:20,42166.35,1627,25.47,17.65
6/11/2015 8:30,42166.35,1626.3,25.47,17.64
6/11/2015 8:40,42166.36,1625.8,25.47,17.64
6/11/2015 8:50,42166.37,1625.6,25.47,17.65
6/11/2015 9:00,42166.38,1624.5,25.47,17.65
6/11/2015 9:10,42166.38,1623.5,25.47,17.65
6/11/2015 9:20,42166.39,1622.3,25.47,17.65
6/11/2015 9:30,42166.40,1621,25.48,17.64
6/11/2015 9:40,42166.40,1619.1,25.48,17.64
6/11/2015 9:50,42166.41,1617.5,25.49,17.64
6/11/2015 10:00,42166.42,1615.4,25.49,17.64
6/11/2015 10:10,42166.42,1613.9,25.48,17.64
6/11/2015 10:20,42166.43,1611.9,25.47,17.64
6/11/2015 10:30,42166.44,1610.5,25.49,17.64
6/11/2015 10:40,42166.44,1608.8,25.48,17.64
6/11/2015 10:50,42166.45,1607,25.48,17.64
6/11/2015 11:00,42166.46,1605,25.47,17.64
6/11/2015 11:10,42166.47,1603.4,25.49,17.64
6/11/2015 11:20,42166.47,1601.7,25.47,17.64
6/11/2015 11:30,42166.48,1600.1,25.48,17.64
6/11/2015 11:40,42166.49,1598.6,25.47,17.64
6/11/2015 11:50,42166.49,1596.8,25.47,17.64
6/11/2015 12:00,42166.50,1595.4,25.47,17.64
6/11/2015 12:10,42166.51,1594.4,25.48,17.64
6/11/2015 12:20,42166.51,1592.8,25.46,17.65
6/11/2015 12:30,42166.52,1591.5,25.47,17.65
6/11/2015 12:40,42166.53,1590.4,25.46,17.65
6/11/2015 12:50,42166.53,1589.4,25.48,17.64
6/11/2015 13:00,42166.54,1588.4,25.47,17.65
6/11/2015 13:10,42166.55,1587.7,25.48,17.64
6/11/2015 13:20,42166.56,1587.1,25.48,17.64
6/11/2015 13:30,42166.56,1586.4,25.47,17.64
6/11/2015 13:40,42166.57,1586,25.47,17.65
6/11/2015 13:50,42166.58,1585.5,25.48,17.64
6/11/2015 14:00,42166.58,1585.3,25.48,17.64
6/11/2015 14:10,42166.59,1585.1,25.47,17.65
6/11/2015 14:20,42166.60,1585.5,25.48,17.64
6/11/2015 14:30,42166.60,1585.7,25.48,17.64
6/11/2015 14:40,42166.61,1585.9,25.49,17.64
6/11/2015 14:50,42166.62,1586.7,25.48,17.64
6/11/2015 15:00,42166.63,1587.4,25.47,17.64
6/11/2015 15:10,42166.63,1588.7,25.48,17.64
6/11/2015 15:20,42166.64,1589.9,25.49,17.64
6/11/2015 15:30,42166.65,1591.1,25.49,17.64
6/11/2015 15:40,42166.65,1592.3,25.48,17.64
6/11/2015 15:50,42166.66,1593.8,25.48,17.64
6/11/2015 16:00,42166.67,1595.1,25.47,17.64
6/11/2015 16:10,42166.67,1596.5,25.48,17.64
6/11/2015 16:20,42166.68,1598.2,25.49,17.64
6/11/2015 16:30,42166.69,1600,25.49,17.64
6/11/2015 16:40,42166.69,1601.8,25.49,17.64
6/11/2015 16:50,42166.70,1603.9,25.48,17.64
6/11/2015 17:00,42166.71,1606.4,25.47,17.64
6/11/2015 17:10,42166.72,1608.6,25.48,17.64
6/11/2015 17:20,42166.72,1611.2,25.49,17.64
6/11/2015 17:30,42166.73,1613.3,25.48,17.64
6/11/2015 17:40,42166.74,1615.3,25.48,17.64
6/11/2015 17:50,42166.74,1617,25.48,17.64
6/11/2015 18:00,42166.75,1618.5,25.47,17.64
6/11/2015 18:10,42166.76,1619.6,25.47,17.64
6/11/2015 18:20,42166.76,1621,25.49,17.64
6/11/2015 18:30,42166.77,1622.6,25.49,17.64
6/11/2015 18:40,42166.78,1623.3,25.5,17.64
6/11/2015 18:50,42166.78,1623.8,25.49,17.64
6/11/2015 19:00,42166.79,1624.1,25.49,17.64
6/11/2015 19:10,42166.80,1624.7,25.49,17.64
6/11/2015 19:20,42166.81,1625.6,25.49,17.64
6/11/2015 19:30,42166.81,1626.3,25.51,17.65
6/11/2015 19:40,42166.82,1626.7,25.49,17.64
6/11/2015 19:50,42166.83,1626.9,25.5,17.65
6/11/2015 20:00,42166.83,1626.5,25.5,17.64
6/11/2015 20:10,42166.84,1626.5,25.48,17.64
6/11/2015 20:20,42166.85,1626.8,25.48,17.64
6/11/2015 20:30,42166.85,1626.5,25.5,17.64
6/11/2015 20:40,42166.86,1627,25.5,17.64
6/11/2015 20:50,42166.87,1627,25.5,17.65
6/11/2015 21:00,42166.88,1626.7,25.51,17.65
6/11/2015 21:10,42166.88,1626.5,25.48,17.64
6/11/2015 21:20,42166.89,1625.6,25.48,17.64
6/11/2015 21:30,42166.90,1625,25.49,17.64
6/11/2015 21:40,42166.90,1624.1,25.49,17.64
6/11/2015 21:50,42166.91,1623.6,25.5,17.65
6/11/2015 22:00,42166.92,1622.2,25.5,17.65
6/11/2015 22:10,42166.92,1620.5,25.5,17.65
6/11/2015 22:20,42166.93,1618.5,25.5,17.64
6/11/2015 22:30,42166.94,1617.1,25.51,17.65
6/11/2015 22:40,42166.94,1614.9,25.5,17.64
6/11/2015 22:50,42166.95,1612.6,25.5,17.65
6/11/2015 23:00,42166.96,1610.2,25.5,17.65
6/11/2015 23:10,42166.97,1607.4,25.49,17.64
6/11/2015 23:20,42166.97,1605.2,25.49,17.64
6/11/2015 23:30,42166.98,1603.2,25.48,17.64
6/11/2015 23:40,42166.99,1601,25.48,17.64
6/11/2015 23:50,42166.99,1599.1,25.48,17.64
6/12/2015 0:00,42167.00,1597.2,25.49,17.64
6/12/2015 0:10,42167.01,1595.3,25.49,17.64
6/12/2015 0:20,42167.01,1593.7,25.5,17.64
6/12/2015 0:30,42167.02,1591.9,25.48,17.64
6/12/2015 0:40,42167.03,1590.8,25.48,17.64
6/12/2015 0:50,42167.03,1589.2,25.48,17.64
6/12/2015 1:00,42167.04,1588.3,25.48,17.64
6/12/2015 1:10,42167.05,1586.7,25.48,17.64
6/12/2015 1:20,42167.06,1585.5,25.49,17.64
6/12/2015 1:30,42167.06,1584.8,25.47,17.64
6/12/2015 1:40,42167.07,1583.9,25.48,17.64
6/12/2015 1:50,42167.08,1583,25.47,17.66
6/12/2015 2:00,42167.08,1582.2,25.48,17.64
6/12/2015 2:10,42167.09,1581.7,25.48,17.64
6/12/2015 2:20,42167.10,1581,25.48,17.64
6/12/2015 2:30,42167.10,1580.8,25.47,17.65
6/12/2015 2:40,42167.11,1580.5,25.47,17.64
6/12/2015 2:50,42167.12,1580.5,25.47,17.64
6/12/2015 3:00,42167.13,1581.2,25.49,17.64
6/12/2015 3:10,42167.13,1581.9,25.48,17.64
6/12/2015 3:20,42167.14,1583.1,25.48,17.64
6/12/2015 3:30,42167.15,1584.8,25.48,17.64
6/12/2015 3:40,42167.15,1586.2,25.47,17.64
6/12/2015 3:50,42167.16,1588.1,25.48,17.64
6/12/2015 4:00,42167.17,1589.7,25.49,17.64
6/12/2015 4:10,42167.17,1591.6,25.48,17.64
6/12/2015 4:20,42167.18,1593.5,25.49,17.64
6/12/2015 4:30,42167.19,1595.4,25.49,17.64
6/12/2015 4:40,42167.19,1596.8,25.49,17.64
6/12/2015 4:50,42167.20,1598.5,25.52,17.65
6/12/2015 5:00,42167.21,1600.4,25.47,17.64
6/12/2015 5:10,42167.22,1602.3,25.48,17.64
6/12/2015 5:20,42167.22,1604.8,25.48,17.64
6/12/2015 5:30,42167.23,1606.7,25.48,17.64
6/12/2015 5:40,42167.24,1609,25.48,17.64
6/12/2015 5:50,42167.24,1611.2,25.48,17.64
6/12/2015 6:00,42167.25,1613.3,25.48,17.64
6/12/2015 6:10,42167.26,1615.6,25.48,17.64
6/12/2015 6:20,42167.26,1617.3,25.48,17.64
6/12/2015 6:30,42167.27,1619.1,25.48,17.64
6/12/2015 6:40,42167.28,1620.7,25.48,17.64
6/12/2015 6:50,42167.28,1622.4,25.49,17.64
6/12/2015 7:00,42167.29,1624,25.48,17.64
6/12/2015 7:10,42167.30,1625.1,25.49,17.64
6/12/2015 7:20,42167.31,1626.5,25.49,17.64
6/12/2015 7:30,42167.31,1627.6,25.49,17.64
6/12/2015 7:40,42167.32,1628.4,25.48,17.64
6/12/2015 7:50,42167.33,1629,25.48,17.64
6/12/2015 8:00,42167.33,1629.3,25.48,17.64
6/12/2015 8:10,42167.34,1629.8,25.49,17.64
6/12/2015 8:20,42167.35,1630.2,25.49,17.64
6/12/2015 8:30,42167.35,1630.4,25.49,17.64
6/12/2015 8:40,42167.36,1630.4,25.48,17.64
6/12/2015 8:50,42167.37,1630.5,25.48,17.64
6/12/2015 9:00,42167.38,1630.7,25.47,17.64
6/12/2015 9:10,42167.38,1630.7,25.47,17.64
6/12/2015 9:20,42167.39,1630.7,25.49,17.64
6/12/2015 9:30,42167.40,1630.7,25.49,17.64
6/12/2015 9:40,42167.40,1630.5,25.49,17.64
6/12/2015 9:50,42167.41,1630.2,25.49,17.64
6/12/2015 10:00,42167.42,1629.7,25.5,17.64
6/12/2015 10:10,42167.42,1628.6,25.5,17.64
6/12/2015 10:20,42167.43,1627.7,25.48,17.64
6/12/2015 10:30,42167.44,1626.5,25.48,17.64
6/12/2015 10:40,42167.44,1625.2,25.48,17.64
6/12/2015 10:50,42167.45,1623.8,25.48,17.64
6/12/2015 11:00,42167.46,1622.2,25.47,17.64
6/12/2015 11:10,42167.47,1620.6,25.48,17.64
6/12/2015 11:20,42167.47,1618.7,25.48,17.64
6/12/2015 11:30,42167.48,1617,25.49,17.64
6/12/2015 11:40,42167.49,1615.3,25.49,17.64
6/12/2015 11:50,42167.49,1613,25.5,17.64
6/12/2015 12:00,42167.50,1610.9,25.51,17.65
6/12/2015 12:10,42167.51,1608.7,25.48,17.64
6/12/2015 12:20,42167.51,1606.7,25.49,17.64
6/12/2015 12:30,42167.52,1604.5,25.48,17.64
6/12/2015 12:40,42167.53,1602.4,25.49,17.64
6/12/2015 12:50,42167.53,1600.6,25.48,17.64
6/12/2015 13:00,42167.54,1598.8,25.49,17.64
6/12/2015 13:10,42167.55,1596.8,25.49,17.64
6/12/2015 13:20,42167.56,1595.4,25.5,17.65
6/12/2015 13:30,42167.56,1593.7,25.49,17.64
6/12/2015 13:40,42167.57,1592.6,25.48,17.64
6/12/2015 13:50,42167.58,1591.3,25.47,17.65
6/12/2015 14:00,42167.58,1590.4,25.49,17.64
6/12/2015 14:10,42167.59,1589.4,25.48,17.64
6/12/2015 14:20,42167.60,1588.5,25.49,17.64
6/12/2015 14:30,42167.60,1587.6,25.48,17.64
6/12/2015 14:40,42167.61,1586.7,25.48,17.64
6/12/2015 14:50,42167.62,1586,25.47,17.66
6/12/2015 15:00,42167.63,1585.2,25.47,17.64
6/12/2015 15:10,42167.63,1584.8,25.48,17.64
6/12/2015 15:20,42167.64,1584.1,25.49,17.64
6/12/2015 15:30,42167.65,1583.9,25.49,17.64
6/12/2015 15:40,42167.65,1583.9,25.48,17.64
6/12/2015 15:50,42167.66,1583.9,25.49,17.64
6/12/2015 16:00,42167.67,1584.6,25.5,17.65
6/12/2015 16:10,42167.67,1585.3,25.48,17.64
6/12/2015 16:20,42167.68,1586.2,25.5,17.64
6/12/2015 16:30,42167.69,1587.1,25.49,17.64
6/12/2015 16:40,42167.69,1588.7,25.49,17.64
6/12/2015 16:50,42167.70,1590.4,25.49,17.64
6/12/2015 17:00,42167.71,1591.9,25.48,17.64
6/12/2015 17:10,42167.72,1593.7,25.48,17.64
6/12/2015 17:20,42167.72,1595.8,25.48,17.64
6/12/2015 17:30,42167.73,1597.5,25.49,17.64
6/12/2015 17:40,42167.74,1599.5,25.5,17.64
6/12/2015 17:50,42167.74,1601.1,25.48,17.64
6/12/2015 18:00,42167.75,1602.9,25.48,17.64
6/12/2015 18:10,42167.76,1605,25.49,17.64
6/12/2015 18:20,42167.76,1606.9,25.5,17.64
6/12/2015 18:30,42167.77,1609.3,25.5,17.64
6/12/2015 18:40,42167.78,1611.2,25.5,17.64
6/12/2015 18:50,42167.78,1613.3,25.49,17.64
6/12/2015 19:00,42167.79,1615.4,25.49,17.64
6/12/2015 19:10,42167.80,1617,25.48,17.64
6/12/2015 19:20,42167.81,1618.8,25.48,17.64
6/12/2015 19:30,42167.81,1620.5,25.48,17.64
6/12/2015 19:40,42167.82,1622,25.48,17.64
6/12/2015 19:50,42167.83,1623.3,25.48,17.64
6/12/2015 20:00,42167.83,1624.3,25.46,17.65
6/12/2015 20:10,42167.84,1625,25.48,17.64
6/12/2015 20:20,42167.85,1625.6,25.47,17.64
6/12/2015 20:30,42167.85,1626.3,25.47,17.64
6/12/2015 20:40,42167.86,1626.9,25.48,17.64
6/12/2015 20:50,42167.87,1627.7,25.48,17.64
6/12/2015 21:00,42167.88,1627.7,25.49,17.64
6/12/2015 21:10,42167.88,1627.9,25.48,17.64
6/12/2015 21:20,42167.89,1627.7,25.49,17.64
6/12/2015 21:30,42167.90,1627.9,25.5,17.64
6/12/2015 21:40,42167.90,1627.9,25.48,17.64
6/12/2015 21:50,42167.91,1627.7,25.49,17.64
6/12/2015 22:00,42167.92,1627.2,25.48,17.64
6/12/2015 22:10,42167.92,1626.7,25.47,17.64
6/12/2015 22:20,42167.93,1626.1,25.48,17.64
6/12/2015 22:30,42167.94,1625.2,25.47,17.65
6/12/2015 22:40,42167.94,1623.4,25.47,17.64
6/12/2015 22:50,42167.95,1622.2,25.48,17.64
6/12/2015 23:00,42167.96,1620.6,25.47,17.66
6/12/2015 23:10,42167.97,1618.9,25.48,17.64
6/12/2015 23:20,42167.97,1617,25.48,17.64
6/12/2015 23:30,42167.98,1614.9,25.48,17.64
6/12/2015 23:40,42167.99,1612.8,25.49,17.64
6/12/2015 23:50,42167.99,1611.1,25.49,17.64
6/13/2015 0:00,42168.00,1609.1,25.49,17.64
6/13/2015 0:10,42168.01,1607.1,25.48,17.64
6/13/2015 0:20,42168.01,1605.1,25.47,17.65
6/13/2015 0:30,42168.02,1602.7,25.48,17.64
6/13/2015 0:40,42168.03,1600.4,25.47,17.65
6/13/2015 0:50,42168.03,1598.5,25.47,17.65
6/13/2015 1:00,42168.04,1596.5,25.47,17.64
6/13/2015 1:10,42168.05,1595,25.47,17.65
6/13/2015 1:20,42168.06,1592.9,25.47,17.65
6/13/2015 1:30,42168.06,1591.5,25.48,17.64
6/13/2015 1:40,42168.07,1590.1,25.47,17.66
6/13/2015 1:50,42168.08,1588.5,25.47,17.64
6/13/2015 2:00,42168.08,1587.1,25.47,17.64
6/13/2015 2:10,42168.09,1586,25.47,17.66
6/13/2015 2:20,42168.10,1584.6,25.48,17.64
6/13/2015 2:30,42168.10,1583.5,25.48,17.64
6/13/2015 2:40,42168.11,1582.4,25.5,17.65
6/13/2015 2:50,42168.12,1581.5,25.49,17.64
6/13/2015 3:00,42168.13,1580.3,25.47,17.64
6/13/2015 3:10,42168.13,1579.9,25.47,17.66
6/13/2015 3:20,42168.14,1579.3,25.46,17.65
6/13/2015 3:30,42168.15,1578.5,25.47,17.65
6/13/2015 3:40,42168.15,1578.2,25.48,17.64
6/13/2015 3:50,42168.16,1577.9,25.47,17.64
6/13/2015 4:00,42168.17,1578.2,25.47,17.65
6/13/2015 4:10,42168.17,1578,25.48,17.64
6/13/2015 4:20,42168.18,1578.7,25.47,17.64
6/13/2015 4:30,42168.19,1579.4,25.47,17.65
6/13/2015 4:40,42168.19,1580.5,25.47,17.64
6/13/2015 4:50,42168.20,1581.5,25.47,17.64
6/13/2015 5:00,42168.21,1582.7,25.47,17.65
6/13/2015 5:10,42168.22,1584.3,25.48,17.64
6/13/2015 5:20,42168.22,1585.7,25.47,17.64
6/13/2015 5:30,42168.23,1587.6,25.48,17.64
6/13/2015 5:40,42168.24,1589.8,25.48,17.64
6/13/2015 5:50,42168.24,1591.5,25.47,17.65
6/13/2015 6:00,42168.25,1593.7,25.49,17.64
6/13/2015 6:10,42168.26,1595.8,25.48,17.64
6/13/2015 6:20,42168.26,1598.1,25.48,17.64
6/13/2015 6:30,42168.27,1600.1,25.5,17.64
6/13/2015 6:40,42168.28,1602.5,25.49,17.64
6/13/2015 6:50,42168.28,1605,25.47,17.64
6/13/2015 7:00,42168.29,1607.5,25.47,17.66
6/13/2015 7:10,42168.30,1609.8,25.48,17.64
6/13/2015 7:20,42168.31,1612.5,25.47,17.64
6/13/2015 7:30,42168.31,1614.4,25.48,17.64
6/13/2015 7:40,42168.32,1616.4,25.48,17.64
6/13/2015 7:50,42168.33,1618,25.48,17.64
6/13/2015 8:00,42168.33,1619.9,25.48,17.64
6/13/2015 8:10,42168.34,1621.6,25.48,17.64
6/13/2015 8:20,42168.35,1623.1,25.48,17.64
6/13/2015 8:30,42168.35,1624.5,25.48,17.64
6/13/2015 8:40,42168.36,1625.5,25.49,17.64
6/13/2015 8:50,42168.37,1626.2,25.49,17.64
6/13/2015 9:00,42168.38,1627.2,25.49,17.64
6/13/2015 9:10,42168.38,1627.7,25.5,17.64
6/13/2015 9:20,42168.39,1628.4,25.49,17.64
6/13/2015 9:30,42168.40,1629,25.49,17.64
6/13/2015 9:40,42168.40,1629.3,25.48,17.64
6/13/2015 9:50,42168.41,1629.7,25.47,17.64
6/13/2015 10:00,42168.42,1629.8,25.46,17.65
6/13/2015 10:10,42168.42,1629.9,25.47,17.65
6/13/2015 10:20,42168.43,1630.3,25.47,17.66
6/13/2015 10:30,42168.44,1630,25.47,17.64
6/13/2015 10:40,42168.44,1629.8,25.47,17.64
6/13/2015 10:50,42168.45,1629.7,25.48,17.64
6/13/2015 11:00,42168.46,1629.2,25.48,17.64
6/13/2015 11:10,42168.47,1629,25.48,17.64
6/13/2015 11:20,42168.47,1628.4,25.47,17.66
6/13/2015 11:30,42168.48,1627,25.48,17.64
6/13/2015 11:40,42168.49,1626.3,25.48,17.64
6/13/2015 11:50,42168.49,1624.8,25.48,17.64
6/13/2015 12:00,42168.50,1623.7,25.47,17.65
6/13/2015 12:10,42168.51,1621.9,25.47,17.66
6/13/2015 12:20,42168.51,1620,25.47,17.66
6/13/2015 12:30,42168.52,1618.3,25.47,17.66
6/13/2015 12:40,42168.53,1616.5,25.48,17.64
6/13/2015 12:50,42168.53,1614.4,25.48,17.64
6/13/2015 13:00,42168.54,1612.5,25.48,17.64
6/13/2015 13:10,42168.55,1610.5,25.48,17.64
6/13/2015 13:20,42168.56,1608.3,25.49,17.64
6/13/2015 13:30,42168.56,1606.3,25.47,17.66
6/13/2015 13:40,42168.57,1603.9,25.47,17.64
6/13/2015 13:50,42168.58,1601.7,25.48,17.64
6/13/2015 14:00,42168.58,1599.6,25.47,17.64
6/13/2015 14:10,42168.59,1598.1,25.47,17.64
6/13/2015 14:20,42168.60,1595.8,25.48,17.64
6/13/2015 14:30,42168.60,1593.7,25.47,17.64
6/13/2015 14:40,42168.61,1591.8,25.48,17.64
6/13/2015 14:50,42168.62,1590.4,25.48,17.64
6/13/2015 15:00,42168.63,1589,25.49,17.64
6/13/2015 15:10,42168.63,1587.4,25.48,17.64
6/13/2015 15:20,42168.64,1586.2,25.47,17.64
6/13/2015 15:30,42168.65,1585.3,25.48,17.64
6/13/2015 15:40,42168.65,1584.1,25.49,17.64
6/13/2015 15:50,42168.66,1583.4,25.48,17.64
6/13/2015 16:00,42168.67,1582.8,25.48,17.64
6/13/2015 16:10,42168.67,1581.5,25.48,17.64
6/13/2015 16:20,42168.68,1580.8,25.48,17.64
6/13/2015 16:30,42168.69,1580.1,25.48,17.64
6/13/2015 16:40,42168.69,1580,25.49,17.64
6/13/2015 16:50,42168.70,1579.6,25.48,17.64
6/13/2015 17:00,42168.71,1579.9,25.48,17.64
6/13/2015 17:10,42168.72,1580.1,25.48,17.64
6/13/2015 17:20,42168.72,1580.6,25.48,17.64
6/13/2015 17:30,42168.73,1581,25.49,17.64
6/13/2015 17:40,42168.74,1582.4,25.47,17.64
6/13/2015 17:50,42168.74,1583.6,25.48,17.64
6/13/2015 18:00,42168.75,1585,25.48,17.64
6/13/2015 18:10,42168.76,1586.6,25.49,17.64
6/13/2015 18:20,42168.76,1588.7,25.47,17.64
6/13/2015 18:30,42168.77,1590.6,25.48,17.64
6/13/2015 18:40,42168.78,1592.5,25.48,17.64
6/13/2015 18:50,42168.78,1594.7,25.48,17.64
6/13/2015 19:00,42168.79,1596.7,25.48,17.64
6/13/2015 19:10,42168.80,1598.8,25.48,17.64
6/13/2015 19:20,42168.81,1601,25.47,17.64
6/13/2015 19:30,42168.81,1603.2,25.47,17.65
6/13/2015 19:40,42168.82,1605.5,25.47,17.64
6/13/2015 19:50,42168.83,1608,25.48,17.64
6/13/2015 20:00,42168.83,1610.2,25.48,17.64
6/13/2015 20:10,42168.84,1612.6,25.49,17.64
6/13/2015 20:20,42168.85,1614.7,25.49,17.64
6/13/2015 20:30,42168.85,1616.8,25.49,17.64
6/13/2015 20:40,42168.86,1618.5,25.49,17.64
6/13/2015 20:50,42168.87,1620.2,25.48,17.64
6/13/2015 21:00,42168.88,1621.7,25.48,17.64
6/13/2015 21:10,42168.88,1623.1,25.48,17.64
6/13/2015 21:20,42168.89,1624,25.48,17.64
6/13/2015 21:30,42168.90,1625,25.47,17.64
6/13/2015 21:40,42168.90,1625.5,25.49,17.64
6/13/2015 21:50,42168.91,1626,25.49,17.64
6/13/2015 22:00,42168.92,1626.5,25.48,17.64
6/13/2015 22:10,42168.92,1627,25.48,17.64
6/13/2015 22:20,42168.93,1627,25.49,17.64
6/13/2015 22:30,42168.94,1627.4,25.48,17.64
6/13/2015 22:40,42168.94,1627.4,25.47,17.64
6/13/2015 22:50,42168.95,1627.4,25.49,17.64
6/13/2015 23:00,42168.96,1627,25.49,17.64
6/13/2015 23:10,42168.97,1626.9,25.49,17.64
6/13/2015 23:20,42168.97,1626.3,25.49,17.64
6/13/2015 23:30,42168.98,1625.6,25.5,17.64
6/13/2015 23:40,42168.99,1624.8,25.5,17.64
6/13/2015 23:50,42168.99,1623.7,25.48,17.64
6/14/2015 0:00,42169.00,1622.2,25.5,17.64
6/14/2015 0:10,42169.01,1620.6,25.49,17.64
6/14/2015 0:20,42169.01,1618.9,25.47,17.64
6/14/2015 0:30,42169.02,1617.2,25.48,17.64
6/14/2015 0:40,42169.03,1615.1,25.49,17.64
6/14/2015 0:50,42169.03,1612.8,25.49,17.64
6/14/2015 1:00,42169.04,1611.1,25.49,17.64
6/14/2015 1:10,42169.05,1609,25.5,17.64
6/14/2015 1:20,42169.06,1606.6,25.48,17.64
6/14/2015 1:30,42169.06,1604.8,25.48,17.64
6/14/2015 1:40,42169.07,1602.7,25.48,17.64
6/14/2015 1:50,42169.08,1600.4,25.49,17.64
6/14/2015 2:00,42169.08,1598.5,25.48,17.64
6/14/2015 2:10,42169.09,1596.3,25.48,17.64
6/14/2015 2:20,42169.10,1594.4,25.46,17.65
6/14/2015 2:30,42169.10,1592.6,25.47,17.65
6/14/2015 2:40,42169.11,1590.5,25.47,17.65
6/14/2015 2:50,42169.12,1589,25.47,17.66
6/14/2015 3:00,42169.13,1587.4,25.48,17.64
6/14/2015 3:10,42169.13,1585.9,25.49,17.64
6/14/2015 3:20,42169.14,1584.8,25.49,17.64
6/14/2015 3:30,42169.15,1583.4,25.47,17.64
6/14/2015 3:40,42169.15,1582.2,25.48,17.64
6/14/2015 3:50,42169.16,1581.3,25.48,17.64
6/14/2015 4:00,42169.17,1580.1,25.47,17.65
6/14/2015 4:10,42169.17,1579.3,25.48,17.64
6/14/2015 4:20,42169.18,1578.2,25.46,17.65
6/14/2015 4:30,42169.19,1577.5,25.47,17.65
6/14/2015 4:40,42169.19,1576.9,25.47,17.66
6/14/2015 4:50,42169.20,1576.6,25.47,17.65
6/14/2015 5:00,42169.21,1576.1,25.48,17.64
6/14/2015 5:10,42169.22,1575.9,25.49,17.64
6/14/2015 5:20,42169.22,1576.5,25.5,17.64
6/14/2015 5:30,42169.23,1576.6,25.49,17.64
6/14/2015 5:40,42169.24,1577.7,25.48,17.64
6/14/2015 5:50,42169.24,1579.1,25.48,17.64
6/14/2015 6:00,42169.25,1580.5,25.48,17.64
6/14/2015 6:10,42169.26,1582.1,25.48,17.64
6/14/2015 6:20,42169.26,1583.8,25.48,17.64
6/14/2015 6:30,42169.27,1585.7,25.48,17.64
6/14/2015 6:40,42169.28,1587.9,25.48,17.64
6/14/2015 6:50,42169.28,1590.1,25.5,17.65
6/14/2015 7:00,42169.29,1592.1,25.5,17.65
6/14/2015 7:10,42169.30,1594.6,25.51,17.65
6/14/2015 7:20,42169.31,1597,25.49,17.64
6/14/2015 7:30,42169.31,1599.3,25.49,17.64
6/14/2015 7:40,42169.32,1601.8,25.49,17.64
6/14/2015 7:50,42169.33,1604.3,25.5,17.64
6/14/2015 8:00,42169.33,1606.7,25.49,17.64
6/14/2015 8:10,42169.34,1609.7,25.5,17.65
6/14/2015 8:20,42169.35,1612.5,25.5,17.64
6/14/2015 8:30,42169.35,1614.9,25.49,17.64
6/14/2015 8:40,42169.36,1617.8,25.48,17.64
6/14/2015 8:50,42169.37,1619.8,25.5,17.65
6/14/2015 9:00,42169.38,1621.7,25.51,17.65
6/14/2015 9:10,42169.38,1623.6,25.5,17.65
6/14/2015 9:20,42169.39,1624.8,25.5,17.64
6/14/2015 9:30,42169.40,1626.2,25.49,17.64
6/14/2015 9:40,42169.40,1627.3,25.48,17.64
6/14/2015 9:50,42169.41,1628.1,25.48,17.64
6/14/2015 10:00,42169.42,1628.7,25.47,17.65
6/14/2015 10:10,42169.42,1629.1,25.48,17.64
6/14/2015 10:20,42169.43,1629.5,25.49,17.64
6/14/2015 10:30,42169.44,1630,25.49,17.64
6/14/2015 10:40,42169.44,1630.3,25.48,17.64
6/14/2015 10:50,42169.45,1630.7,25.49,17.64
6/14/2015 11:00,42169.46,1631.1,25.5,17.65
6/14/2015 11:10,42169.47,1631.1,25.49,17.64
6/14/2015 11:20,42169.47,1631.6,25.49,17.64
6/14/2015 11:30,42169.48,1631.4,25.51,17.65
6/14/2015 11:40,42169.49,1631.2,25.51,17.65
6/14/2015 11:50,42169.49,1631.1,25.51,17.65
6/14/2015 12:00,42169.50,1630.5,25.5,17.65
6/14/2015 12:10,42169.51,1629.9,25.48,17.64
6/14/2015 12:20,42169.51,1629.4,25.48,17.64
6/14/2015 12:30,42169.52,1628.4,25.48,17.64
6/14/2015 12:40,42169.53,1627,25.49,17.64
6/14/2015 12:50,42169.53,1625.6,25.48,17.64
6/14/2015 13:00,42169.54,1623.8,25.49,17.64
6/14/2015 13:10,42169.55,1621.5,25.5,17.65
6/14/2015 13:20,42169.56,1619.9,25.5,17.65
6/14/2015 13:30,42169.56,1618,25.49,17.64
6/14/2015 13:40,42169.57,1616,25.48,17.64
6/14/2015 13:50,42169.58,1613.9,25.49,17.64
6/14/2015 14:00,42169.58,1611.8,25.5,17.65
6/14/2015 14:10,42169.59,1609.3,25.48,17.64
6/14/2015 14:20,42169.60,1606.7,25.47,17.64
6/14/2015 14:30,42169.60,1604.6,25.48,17.64
6/14/2015 14:40,42169.61,1601.8,25.47,17.66
6/14/2015 14:50,42169.62,1599.5,25.47,17.64
6/14/2015 15:00,42169.63,1597,25.46,17.65
6/14/2015 15:10,42169.63,1594.8,25.47,17.65
6/14/2015 15:20,42169.64,1592.6,25.48,17.64
6/14/2015 15:30,42169.65,1590.6,25.48,17.64
6/14/2015 15:40,42169.65,1588.3,25.49,17.64
6/14/2015 15:50,42169.66,1586.7,25.47,17.66
6/14/2015 16:00,42169.67,1584.8,25.48,17.64
6/14/2015 16:10,42169.67,1583,25.47,17.65
6/14/2015 16:20,42169.68,1581.7,25.48,17.64
6/14/2015 16:30,42169.69,1580.3,25.48,17.64
6/14/2015 16:40,42169.69,1579.3,25.49,17.64
6/14/2015 16:50,42169.70,1578.4,25.48,17.64
6/14/2015 17:00,42169.71,1577.9,25.48,17.64
6/14/2015 17:10,42169.72,1576.8,25.47,17.64
6/14/2015 17:20,42169.72,1576.6,25.48,17.64
6/14/2015 17:30,42169.73,1575.8,25.47,17.64
6/14/2015 17:40,42169.74,1575.4,25.48,17.64
6/14/2015 17:50,42169.74,1575.8,25.49,17.64
6/14/2015 18:00,42169.75,1575.9,25.49,17.64
6/14/2015 18:10,42169.76,1576.6,25.48,17.64
6/14/2015 18:20,42169.76,1577.5,25.48,17.64
6/14/2015 18:30,42169.77,1579,25.47,17.66
6/14/2015 18:40,42169.78,1580.5,25.48,17.64
6/14/2015 18:50,42169.78,1582.4,25.48,17.64
6/14/2015 19:00,42169.79,1584.1,25.48,17.64
6/14/2015 19:10,42169.80,1586.4,25.49,17.64
6/14/2015 19:20,42169.81,1588.7,25.48,17.64
6/14/2015 19:30,42169.81,1591.2,25.48,17.64
6/14/2015 19:40,42169.82,1593.6,25.48,17.64
6/14/2015 19:50,42169.83,1596.3,25.49,17.64
6/14/2015 20:00,42169.83,1598.6,25.5,17.65
6/14/2015 20:10,42169.84,1601,25.5,17.64
6/14/2015 20:20,42169.85,1603.6,25.51,17.65
6/14/2015 20:30,42169.85,1606,25.5,17.64
6/14/2015 20:40,42169.86,1608.6,25.48,17.64
6/14/2015 20:50,42169.87,1611.1,25.48,17.64
6/14/2015 21:00,42169.88,1613.9,25.48,17.64
6/14/2015 21:10,42169.88,1616.5,25.48,17.64
6/14/2015 21:20,42169.89,1618.5,25.49,17.64
6/14/2015 21:30,42169.90,1620.6,25.49,17.64
6/14/2015 21:40,42169.90,1622.4,25.5,17.65
6/14/2015 21:50,42169.91,1624.1,25.5,17.65
6/14/2015 22:00,42169.92,1625.5,25.51,17.65
6/14/2015 22:10,42169.92,1626.5,25.5,17.65
6/14/2015 22:20,42169.93,1627,25.5,17.65
6/14/2015 22:30,42169.94,1627.7,25.49,17.64
6/14/2015 22:40,42169.94,1628.6,25.49,17.64
6/14/2015 22:50,42169.95,1628.8,25.48,17.64
6/14/2015 23:00,42169.96,1629.1,25.49,17.64
6/14/2015 23:10,42169.97,1629.3,25.49,17.64
6/14/2015 23:20,42169.97,1629.7,25.49,17.64
6/14/2015 23:30,42169.98,1629.7,25.49,17.64
6/14/2015 23:40,42169.99,1629.5,25.48,17.64
6/14/2015 23:50,42169.99,1629.5,25.48,17.64
6/15/2015 0:00,42170.00,1629,25.48,17.64
6/15/2015 0:10,42170.01,1628.8,25.48,17.64
6/15/2015 0:20,42170.01,1627.9,25.48,17.64
6/15/2015 0:30,42170.02,1627.2,25.48,17.64
6/15/2015 0:40,42170.03,1626.2,25.49,17.64
6/15/2015 0:50,42170.03,1624.7,25.48,17.64
6/15/2015 1:00,42170.04,1623.1,25.48,17.64
6/15/2015 1:10,42170.05,1621.3,25.48,17.64
6/15/2015 1:20,42170.06,1619.7,25.48,17.64
6/15/2015 1:30,42170.06,1617.3,25.49,17.64
6/15/2015 1:40,42170.07,1615.6,25.49,17.64
6/15/2015 1:50,42170.08,1613.2,25.49,17.64
6/15/2015 2:00,42170.08,1610.7,25.5,17.65
6/15/2015 2:10,42170.09,1608.1,25.5,17.64
6/15/2015 2:20,42170.10,1605.9,25.49,17.64
6/15/2015 2:30,42170.10,1603.4,25.5,17.65
6/15/2015 2:40,42170.11,1600.6,25.49,17.65
6/15/2015 2:50,42170.12,1598.4,25.5,17.65
6/15/2015 3:00,42170.13,1596.5,25.5,17.65
6/15/2015 3:10,42170.13,1594.2,25.49,17.64
6/15/2015 3:20,42170.14,1592.3,25.47,17.64
6/15/2015 3:30,42170.15,1590.5,25.47,17.66
6/15/2015 3:40,42170.15,1588.1,25.48,17.64
6/15/2015 3:50,42170.16,1586.2,25.48,17.64
6/15/2015 4:00,42170.17,1584.5,25.49,17.64
6/15/2015 4:10,42170.17,1583,25.47,17.66
6/15/2015 4:20,42170.18,1581.7,25.47,17.64
6/15/2015 4:30,42170.19,1580.8,25.48,17.64
6/15/2015 4:40,42170.19,1579.4,25.48,17.64
6/15/2015 4:50,42170.20,1578.7,25.47,17.65
6/15/2015 5:00,42170.21,1577.3,25.47,17.66
6/15/2015 5:10,42170.22,1576.4,25.47,17.66
6/15/2015 5:20,42170.22,1575.9,25.47,17.64
6/15/2015 5:30,42170.23,1575.2,25.46,17.65
6/15/2015 5:40,42170.24,1574.7,25.47,17.65
6/15/2015 5:50,42170.24,1574.7,25.47,17.65
6/15/2015 6:00,42170.25,1574.7,25.47,17.65
6/15/2015 6:10,42170.26,1574.8,25.47,17.64
6/15/2015 6:20,42170.26,1575.4,25.47,17.64
6/15/2015 6:30,42170.27,1576.6,25.48,17.64
6/15/2015 6:40,42170.28,1578,25.48,17.64
6/15/2015 6:50,42170.28,1579.6,25.47,17.65
6/15/2015 7:00,42170.29,1581.5,25.47,17.66
6/15/2015 7:10,42170.30,1583.3,25.46,17.65
6/15/2015 7:20,42170.31,1585.6,25.47,17.66
6/15/2015 7:30,42170.31,1587.8,25.47,17.64
6/15/2015 7:40,42170.32,1590.4,25.48,17.64
6/15/2015 7:50,42170.33,1593,25.48,17.64
6/15/2015 8:00,42170.33,1595.6,25.48,17.64
6/15/2015 8:10,42170.34,1598.4,25.48,17.64
6/15/2015 8:20,42170.35,1601.3,25.48,17.64
6/15/2015 8:30,42170.35,1603.9,25.48,17.64
6/15/2015 8:40,42170.36,1606.7,25.48,17.64
6/15/2015 8:50,42170.37,1609.6,25.48,17.64
6/15/2015 9:00,42170.38,1612.8,25.48,17.64
6/15/2015 9:10,42170.38,1615.6,25.48,17.64
6/15/2015 9:20,42170.39,1618.4,25.48,17.64
6/15/2015 9:30,42170.40,1620.8,25.48,17.64
6/15/2015 9:40,42170.40,1622.9,25.49,17.64
6/15/2015 9:50,42170.41,1624.3,25.49,17.64
6/15/2015 10:00,42170.42,1625.8,25.51,17.65
6/15/2015 10:10,42170.42,1627.2,25.49,17.64
6/15/2015 10:20,42170.43,1628.3,25.5,17.64
6/15/2015 10:30,42170.44,1629.5,25.5,17.65
6/15/2015 10:40,42170.44,1630.5,25.5,17.65
6/15/2015 10:50,42170.45,1631.2,25.49,17.64
6/15/2015 11:00,42170.46,1631.8,25.49,17.64
6/15/2015 11:10,42170.47,1633,25.49,17.64
6/15/2015 11:20,42170.47,1634.2,25.49,17.64
6/15/2015 11:30,42170.48,1635.2,25.48,17.64
6/15/2015 11:40,42170.49,1635.7,25.49,17.64
6/15/2015 11:50,42170.49,1636.3,25.49,17.64
6/15/2015 12:00,42170.50,1636.7,25.48,17.64
6/15/2015 12:10,42170.51,1636.6,25.49,17.64
6/15/2015 12:20,42170.51,1637.1,25.5,17.65
6/15/2015 12:30,42170.52,1637.5,25.49,17.64
6/15/2015 12:40,42170.53,1636.6,25.49,17.64
6/15/2015 12:50,42170.53,1635.7,25.48,17.64
6/15/2015 13:00,42170.54,1634.3,25.48,17.64
6/15/2015 13:10,42170.55,1632.8,25.49,17.64
6/15/2015 13:20,42170.56,1631.1,25.49,17.65
6/15/2015 13:30,42170.56,1629.7,25.49,17.64
6/15/2015 13:40,42170.57,1628.2,25.48,17.64
6/15/2015 13:50,42170.58,1626,25.49,17.64
6/15/2015 14:00,42170.58,1624.1,25.47,17.64
6/15/2015 14:10,42170.59,1622.2,25.48,17.64
6/15/2015 14:20,42170.60,1619.9,25.47,17.64
6/15/2015 14:30,42170.60,1618.2,25.47,17.64
6/15/2015 14:40,42170.61,1616.2,25.47,17.66
6/15/2015 14:50,42170.62,1614.2,25.47,17.64
6/15/2015 15:00,42170.63,1611.9,25.48,17.64
6/15/2015 15:10,42170.63,1609.8,25.49,17.64
6/15/2015 15:20,42170.64,1607.4,25.49,17.64
6/15/2015 15:30,42170.65,1604.6,25.48,17.64
6/15/2015 15:40,42170.65,1602,25.48,17.64
6/15/2015 15:50,42170.66,1599.3,25.47,17.64
6/15/2015 16:00,42170.67,1596.5,25.48,17.64
6/15/2015 16:10,42170.67,1594.1,25.47,17.66
6/15/2015 16:20,42170.68,1592.1,25.48,17.64
6/15/2015 16:30,42170.69,1590.1,25.47,17.66
6/15/2015 16:40,42170.69,1587.7,25.48,17.64
6/15/2015 16:50,42170.70,1585.7,25.48,17.64
6/15/2015 17:00,42170.71,1583.9,25.48,17.64
6/15/2015 17:10,42170.72,1582.1,25.48,17.64
6/15/2015 17:20,42170.72,1580.5,25.47,17.64
6/15/2015 17:30,42170.73,1579.4,25.48,17.64
6/15/2015 17:40,42170.74,1578.3,25.48,17.64
6/15/2015 17:50,42170.74,1577.5,25.48,17.64
6/15/2015 18:00,42170.75,1576.3,25.47,17.64
6/15/2015 18:10,42170.76,1575.4,25.47,17.66
6/15/2015 18:20,42170.76,1574.8,25.49,17.64
6/15/2015 18:30,42170.77,1574.4,25.49,17.64
6/15/2015 18:40,42170.78,1574.1,25.5,17.65
6/15/2015 18:50,42170.78,1574.4,25.48,17.64
6/15/2015 19:00,42170.79,1574.8,25.48,17.64
6/15/2015 19:10,42170.80,1575.4,25.48,17.64
6/15/2015 19:20,42170.81,1576.6,25.48,17.64
6/15/2015 19:30,42170.81,1578.2,25.49,17.64
6/15/2015 19:40,42170.82,1580.3,25.48,17.64
6/15/2015 19:50,42170.83,1582.5,25.48,17.64
6/15/2015 20:00,42170.83,1584.8,25.48,17.64
6/15/2015 20:10,42170.84,1587.3,25.48,17.64
6/15/2015 20:20,42170.85,1589.7,25.47,17.66
6/15/2015 20:30,42170.85,1592.1,25.47,17.64
6/15/2015 20:40,42170.86,1595.1,25.48,17.64
6/15/2015 20:50,42170.87,1597.7,25.49,17.64
6/15/2015 21:00,42170.88,1600.6,25.49,17.64
6/15/2015 21:10,42170.88,1603.2,25.48,17.64
6/15/2015 21:20,42170.89,1605.7,25.49,17.64
6/15/2015 21:30,42170.90,1608.3,25.5,17.65
6/15/2015 21:40,42170.90,1611.1,25.51,17.65
6/15/2015 21:50,42170.91,1614,25.5,17.65
6/15/2015 22:00,42170.92,1616.8,25.5,17.64
6/15/2015 22:10,42170.92,1619.1,25.49,17.64
6/15/2015 22:20,42170.93,1621.4,25.48,17.64
6/15/2015 22:30,42170.94,1623.1,25.5,17.64
6/15/2015 22:40,42170.94,1624.5,25.48,17.64
6/15/2015 22:50,42170.95,1625.8,25.49,17.64
6/15/2015 23:00,42170.96,1626.9,25.49,17.64
6/15/2015 23:10,42170.97,1627.9,25.49,17.64
6/15/2015 23:20,42170.97,1628.4,25.48,17.64
6/15/2015 23:30,42170.98,1629.2,25.48,17.64
6/15/2015 23:40,42170.99,1629.5,25.48,17.64
6/15/2015 23:50,42170.99,1630,25.49,17.64
6/16/2015 0:00,42171.00,1630.2,25.48,17.64
6/16/2015 0:10,42171.01,1630.4,25.48,17.64
6/16/2015 0:20,42171.01,1630.3,25.48,17.64
6/16/2015 0:30,42171.02,1630.4,25.48,17.64
6/16/2015 0:40,42171.03,1630.1,25.48,17.64
6/16/2015 0:50,42171.03,1629.7,25.48,17.64
6/16/2015 1:00,42171.04,1629,25.49,17.64
6/16/2015 1:10,42171.05,1628.4,25.48,17.64
6/16/2015 1:20,42171.06,1627.4,25.48,17.64
6/16/2015 1:30,42171.06,1626.3,25.48,17.64
6/16/2015 1:40,42171.07,1624.7,25.49,17.64
6/16/2015 1:50,42171.08,1623.4,25.48,17.64
6/16/2015 2:00,42171.08,1622.2,25.49,17.64
6/16/2015 2:10,42171.09,1620.5,25.48,17.64
6/16/2015 2:20,42171.10,1618.2,25.49,17.64
6/16/2015 2:30,42171.10,1616,25.49,17.64
6/16/2015 2:40,42171.11,1613.9,25.47,17.64
6/16/2015 2:50,42171.12,1611.2,25.48,17.64
6/16/2015 3:00,42171.13,1608.9,25.48,17.64
6/16/2015 3:10,42171.13,1606.2,25.49,17.64
6/16/2015 3:20,42171.14,1603.6,25.5,17.65
6/16/2015 3:30,42171.15,1600.8,25.49,17.64
6/16/2015 3:40,42171.15,1598.6,25.49,17.64
6/16/2015 3:50,42171.16,1596.3,25.49,17.64
6/16/2015 4:00,42171.17,1593.9,25.48,17.64
6/16/2015 4:10,42171.17,1591.6,25.47,17.64
6/16/2015 4:20,42171.18,1589.5,25.48,17.64
6/16/2015 4:30,42171.19,1587.3,25.48,17.64
6/16/2015 4:40,42171.19,1585.5,25.48,17.64
6/16/2015 4:50,42171.20,1583.9,25.48,17.64
6/16/2015 5:00,42171.21,1582.2,25.49,17.64
6/16/2015 5:10,42171.22,1580.8,25.49,17.64
6/16/2015 5:20,42171.22,1579.4,25.48,17.64
6/16/2015 5:30,42171.23,1578.4,25.48,17.64
6/16/2015 5:40,42171.24,1577.3,25.47,17.64
6/16/2015 5:50,42171.24,1576.5,25.47,17.64
6/16/2015 6:00,42171.25,1575.4,25.48,17.64
6/16/2015 6:10,42171.26,1574.4,25.48,17.64
6/16/2015 6:20,42171.26,1573.9,25.48,17.64
6/16/2015 6:30,42171.27,1573.5,25.48,17.64
6/16/2015 6:40,42171.28,1573.2,25.49,17.64
6/16/2015 6:50,42171.28,1573.2,25.49,17.64
6/16/2015 7:00,42171.29,1573.9,25.49,17.64
6/16/2015 7:10,42171.30,1575.1,25.5,17.65
6/16/2015 7:20,42171.31,1576.3,25.48,17.64
6/16/2015 7:30,42171.31,1577.7,25.49,17.64
6/16/2015 7:40,42171.32,1579.4,25.5,17.64
6/16/2015 7:50,42171.33,1581.5,25.48,17.64
6/16/2015 8:00,42171.33,1583.6,25.5,17.64
6/16/2015 8:10,42171.34,1586,25.49,17.64
6/16/2015 8:20,42171.35,1589,25.48,17.64
6/16/2015 8:30,42171.35,1592.3,25.47,17.64
6/16/2015 8:40,42171.36,1595.6,25.48,17.64
6/16/2015 8:50,42171.37,1598.6,25.49,17.64
6/16/2015 9:00,42171.38,1601.7,25.49,17.64
6/16/2015 9:10,42171.38,1604.6,25.5,17.65
6/16/2015 9:20,42171.39,1607.8,25.5,17.65
6/16/2015 9:30,42171.40,1611.1,25.49,17.64
6/16/2015 9:40,42171.40,1614.2,25.49,17.64
6/16/2015 9:50,42171.41,1617.3,25.49,17.64
6/16/2015 10:00,42171.42,1620.6,25.49,17.64
6/16/2015 10:10,42171.42,1623.6,25.49,17.64
6/16/2015 10:20,42171.43,1626.2,25.5,17.64
6/16/2015 10:30,42171.44,1627.9,25.49,17.64
6/16/2015 10:40,42171.44,1629.7,25.49,17.64
6/16/2015 10:50,42171.45,1631.1,25.49,17.64
6/16/2015 11:00,42171.46,1632.4,25.48,17.64
6/16/2015 11:10,42171.47,1634,25.48,17.64
6/16/2015 11:20,42171.47,1635.4,25.5,17.65
6/16/2015 11:30,42171.48,1636.4,25.49,17.64
6/16/2015 11:40,42171.49,1637.9,25.48,17.64
6/16/2015 11:50,42171.49,1639.4,25.48,17.64
6/16/2015 12:00,42171.50,1640.8,25.48,17.64
6/16/2015 12:10,42171.51,1641.8,25.49,17.64
6/16/2015 12:20,42171.51,1642.7,25.49,17.65
6/16/2015 12:30,42171.52,1643.2,25.49,17.64
6/16/2015 12:40,42171.53,1643.7,25.49,17.64
6/16/2015 12:50,42171.53,1644.3,25.5,17.65
6/16/2015 13:00,42171.54,1644.1,25.51,17.65
6/16/2015 13:10,42171.55,1643.7,25.49,17.65
6/16/2015 13:20,42171.56,1642.9,25.49,17.64
6/16/2015 13:30,42171.56,1641.3,25.51,17.65
6/16/2015 13:40,42171.57,1639.4,25.5,17.65
6/16/2015 13:50,42171.58,1637.1,25.5,17.65
6/16/2015 14:00,42171.58,1634.3,25.49,17.64
6/16/2015 14:10,42171.59,1632.1,25.48,17.64
6/16/2015 14:20,42171.60,1630.2,25.48,17.64
6/16/2015 14:30,42171.60,1628.1,25.49,17.64
6/16/2015 14:40,42171.61,1626,25.49,17.64
6/16/2015 14:50,42171.62,1624.4,25.48,17.64
6/16/2015 15:00,42171.63,1622.4,25.49,17.64
6/16/2015 15:10,42171.63,1620.3,25.49,17.64
6/16/2015 15:20,42171.64,1618.4,25.49,17.65
6/16/2015 15:30,42171.65,1616.3,25.5,17.65
6/16/2015 15:40,42171.65,1614.4,25.5,17.65
6/16/2015 15:50,42171.66,1612.1,25.49,17.64
6/16/2015 16:00,42171.67,1609.5,25.5,17.65
6/16/2015 16:10,42171.67,1607.3,25.47,17.64
6/16/2015 16:20,42171.68,1604.6,25.48,17.64
6/16/2015 16:30,42171.69,1601.8,25.48,17.64
6/16/2015 16:40,42171.69,1599.3,25.48,17.64
6/16/2015 16:50,42171.70,1596.7,25.49,17.64
6/16/2015 17:00,42171.71,1594,25.47,17.64
6/16/2015 17:10,42171.72,1591.7,25.48,17.64
6/16/2015 17:20,42171.72,1589.4,25.49,17.64
6/16/2015 17:30,42171.73,1587.4,25.5,17.65
6/16/2015 17:40,42171.74,1585.3,25.49,17.64
6/16/2015 17:50,42171.74,1583.6,25.48,17.64
6/16/2015 18:00,42171.75,1582.1,25.48,17.64
6/16/2015 18:10,42171.76,1580.7,25.47,17.64
6/16/2015 18:20,42171.76,1579.3,25.48,17.64
6/16/2015 18:30,42171.77,1578.2,25.47,17.66
6/16/2015 18:40,42171.78,1577.5,25.47,17.66
6/16/2015 18:50,42171.78,1576.4,25.47,17.66
6/16/2015 19:00,42171.79,1575.7,25.47,17.66
6/16/2015 19:10,42171.80,1575.1,25.46,17.65
6/16/2015 19:20,42171.81,1575.1,25.47,17.64
6/16/2015 19:30,42171.81,1574.8,25.48,17.64
6/16/2015 19:40,42171.82,1575,25.47,17.66
6/16/2015 19:50,42171.83,1575.4,25.48,17.64
6/16/2015 20:00,42171.83,1576.5,25.47,17.64
6/16/2015 20:10,42171.84,1578,25.47,17.64
6/16/2015 20:20,42171.85,1579.7,25.47,17.66
6/16/2015 20:30,42171.85,1581.7,25.48,17.64
6/16/2015 20:40,42171.86,1584.1,25.47,17.64
6/16/2015 20:50,42171.87,1586.4,25.48,17.64
6/16/2015 21:00,42171.88,1589.3,25.47,17.66
6/16/2015 21:10,42171.88,1592.1,25.48,17.64
6/16/2015 21:20,42171.89,1594.9,25.48,17.64
6/16/2015 21:30,42171.90,1597.9,25.47,17.64
6/16/2015 21:40,42171.90,1600.6,25.49,17.64
6/16/2015 21:50,42171.91,1603.6,25.48,17.64
6/16/2015 22:00,42171.92,1606.4,25.49,17.64
6/16/2015 22:10,42171.92,1609.1,25.48,17.64
6/16/2015 22:20,42171.93,1611.6,25.49,17.64
6/16/2015 22:30,42171.94,1614.2,25.5,17.64
6/16/2015 22:40,42171.94,1617,25.48,17.64
6/16/2015 22:50,42171.95,1619.8,25.49,17.64
6/16/2015 23:00,42171.96,1622,25.5,17.65
6/16/2015 23:10,42171.97,1624.1,25.49,17.64
6/16/2015 23:20,42171.97,1625.9,25.48,17.64
6/16/2015 23:30,42171.98,1627,25.49,17.64
6/16/2015 23:40,42171.99,1628.1,25.5,17.65
6/16/2015 23:50,42171.99,1628.8,25.48,17.64
6/17/2015 0:00,42172.00,1629.7,25.48,17.64
6/17/2015 0:10,42172.01,1630.3,25.48,17.64
6/17/2015 0:20,42172.01,1630.9,25.48,17.64
6/17/2015 0:30,42172.02,1631.2,25.48,17.64
6/17/2015 0:40,42172.03,1631.8,25.47,17.64
6/17/2015 0:50,42172.03,1631.8,25.47,17.64
6/17/2015 1:00,42172.04,1632,25.48,17.64
6/17/2015 1:10,42172.05,1632.3,25.48,17.64
6/17/2015 1:20,42172.06,1631.9,25.48,17.64
6/17/2015 1:30,42172.06,1631.8,25.47,17.64
6/17/2015 1:40,42172.07,1631.4,25.49,17.64
6/17/2015 1:50,42172.08,1630.5,25.47,17.64
6/17/2015 2:00,42172.08,1629.7,25.48,17.64
6/17/2015 2:10,42172.09,1628.9,25.48,17.64
6/17/2015 2:20,42172.10,1627.6,25.47,17.64
6/17/2015 2:30,42172.10,1626,25.47,17.64
6/17/2015 2:40,42172.11,1624.5,25.49,17.64
6/17/2015 2:50,42172.12,1622.8,25.48,17.64
6/17/2015 3:00,42172.13,1620.7,25.48,17.64
6/17/2015 3:10,42172.13,1618.5,25.49,17.64
6/17/2015 3:20,42172.14,1616.3,25.49,17.64
6/17/2015 3:30,42172.15,1613.9,25.49,17.64
6/17/2015 3:40,42172.15,1611.6,25.48,17.64
6/17/2015 3:50,42172.16,1609,25.48,17.64
6/17/2015 4:00,42172.17,1606.6,25.48,17.64
6/17/2015 4:10,42172.17,1603.8,25.48,17.64
6/17/2015 4:20,42172.18,1601,25.49,17.64
6/17/2015 4:30,42172.19,1598.4,25.48,17.64
6/17/2015 4:40,42172.19,1596.1,25.47,17.64
6/17/2015 4:50,42172.20,1593.7,25.48,17.64
6/17/2015 5:00,42172.21,1591.3,25.47,17.65
6/17/2015 5:10,42172.22,1589.4,25.48,17.64
6/17/2015 5:20,42172.22,1587.4,25.48,17.64
6/17/2015 5:30,42172.23,1585.7,25.48,17.64
6/17/2015 5:40,42172.24,1583.9,25.47,17.64
6/17/2015 5:50,42172.24,1582.4,25.49,17.64
6/17/2015 6:00,42172.25,1581.4,25.49,17.64
6/17/2015 6:10,42172.26,1580.1,25.5,17.65
6/17/2015 6:20,42172.26,1578.7,25.49,17.64
6/17/2015 6:30,42172.27,1577.7,25.49,17.64
6/17/2015 6:40,42172.28,1576.5,25.49,17.64
6/17/2015 6:50,42172.28,1575.9,25.48,17.64
6/17/2015 7:00,42172.29,1575,25.5,17.65
6/17/2015 7:10,42172.30,1574.4,25.5,17.65
6/17/2015 7:20,42172.31,1574.4,25.49,17.65
6/17/2015 7:30,42172.31,1574.4,25.48,17.64
6/17/2015 7:40,42172.32,1574.6,25.49,17.64
6/17/2015 7:50,42172.33,1575.4,25.49,17.64
6/17/2015 8:00,42172.33,1576.6,25.48,17.64
6/17/2015 8:10,42172.34,1578.2,25.48,17.64
6/17/2015 8:20,42172.35,1579.8,25.49,17.64
6/17/2015 8:30,42172.35,1582,25.47,17.66
6/17/2015 8:40,42172.36,1583.9,25.48,17.64
6/17/2015 8:50,42172.37,1586.6,25.48,17.64
6/17/2015 9:00,42172.38,1589.4,25.48,17.64
6/17/2015 9:10,42172.38,1592.1,25.49,17.64
6/17/2015 9:20,42172.39,1595.1,25.48,17.64
6/17/2015 9:30,42172.40,1598.6,25.49,17.64
6/17/2015 9:40,42172.40,1601.5,25.5,17.64
6/17/2015 9:50,42172.41,1604.3,25.5,17.65
6/17/2015 10:00,42172.42,1607.8,25.49,17.64
6/17/2015 10:10,42172.42,1610.4,25.5,17.64
6/17/2015 10:20,42172.43,1613.7,25.49,17.64
6/17/2015 10:30,42172.44,1616.7,25.5,17.65
6/17/2015 10:40,42172.44,1619.9,25.5,17.64
6/17/2015 10:50,42172.45,1622.4,25.51,17.65
6/17/2015 11:00,42172.46,1625,25.5,17.64
6/17/2015 11:10,42172.47,1626.6,25.52,17.65
6/17/2015 11:20,42172.47,1628.6,25.52,17.66
6/17/2015 11:30,42172.48,1629.7,25.51,17.65
6/17/2015 11:40,42172.49,1631.1,25.5,17.65
6/17/2015 11:50,42172.49,1632.1,25.49,17.65
6/17/2015 12:00,42172.50,1633.8,25.5,17.65
6/17/2015 12:10,42172.51,1635.2,25.49,17.64
6/17/2015 12:20,42172.51,1636.6,25.49,17.64
6/17/2015 12:30,42172.52,1637.8,25.5,17.65
6/17/2015 12:40,42172.53,1639.1,25.51,17.65
6/17/2015 12:50,42172.53,1640.3,25.49,17.64
6/17/2015 13:00,42172.54,1641.2,25.49,17.64
6/17/2015 13:10,42172.55,1641.8,25.49,17.64
6/17/2015 13:20,42172.56,1642.5,25.5,17.64
6/17/2015 13:30,42172.56,1642.9,25.5,17.65
6/17/2015 13:40,42172.57,1643,25.48,17.64
6/17/2015 13:50,42172.58,1642.7,25.5,17.65
6/17/2015 14:00,42172.58,1641.6,25.49,17.64
6/17/2015 14:10,42172.59,1640.8,25.49,17.64
6/17/2015 14:20,42172.60,1638.9,25.49,17.64
6/17/2015 14:30,42172.60,1636.8,25.5,17.65
6/17/2015 14:40,42172.61,1634.2,25.5,17.65
6/17/2015 14:50,42172.62,1632.1,25.51,17.65
6/17/2015 15:00,42172.63,1630.2,25.5,17.65
6/17/2015 15:10,42172.63,1627.9,25.52,17.65
6/17/2015 15:20,42172.64,1626,25.51,17.65
6/17/2015 15:30,42172.65,1624.1,25.49,17.64
6/17/2015 15:40,42172.65,1622.6,25.5,17.65
6/17/2015 15:50,42172.66,1620.8,25.5,17.65
6/17/2015 16:00,42172.67,1618.7,25.5,17.65
6/17/2015 16:10,42172.67,1616.7,25.49,17.64
6/17/2015 16:20,42172.68,1614.9,25.48,17.64
6/17/2015 16:30,42172.69,1612.9,25.48,17.64
6/17/2015 16:40,42172.69,1610.7,25.48,17.64
6/17/2015 16:50,42172.70,1608.3,25.49,17.64
6/17/2015 17:00,42172.71,1605.9,25.48,17.64
6/17/2015 17:10,42172.72,1603.5,25.48,17.64
6/17/2015 17:20,42172.72,1600.4,25.49,17.64
6/17/2015 17:30,42172.73,1598.1,25.48,17.64
6/17/2015 17:40,42172.74,1595.3,25.48,17.64
6/17/2015 17:50,42172.74,1593,25.48,17.64
6/17/2015 18:00,42172.75,1590.8,25.48,17.64
6/17/2015 18:10,42172.76,1588.7,25.48,17.64
6/17/2015 18:20,42172.76,1586.7,25.48,17.64
6/17/2015 18:30,42172.77,1585.1,25.48,17.64
6/17/2015 18:40,42172.78,1583.4,25.49,17.64
6/17/2015 18:50,42172.78,1581.9,25.49,17.64
6/17/2015 19:00,42172.79,1580.5,25.49,17.64
6/17/2015 19:10,42172.80,1579.4,25.48,17.64
6/17/2015 19:20,42172.81,1578.4,25.48,17.64
6/17/2015 19:30,42172.81,1577.5,25.48,17.64
6/17/2015 19:40,42172.82,1576.6,25.49,17.64
6/17/2015 19:50,42172.83,1576.1,25.49,17.64
6/17/2015 20:00,42172.83,1575.9,25.49,17.64
6/17/2015 20:10,42172.84,1575.9,25.48,17.64
6/17/2015 20:20,42172.85,1576.1,25.48,17.64
6/17/2015 20:30,42172.85,1576.3,25.48,17.64
6/17/2015 20:40,42172.86,1577.2,25.47,17.64
6/17/2015 20:50,42172.87,1578.7,25.48,17.64
6/17/2015 21:00,42172.88,1580.1,25.49,17.64
6/17/2015 21:10,42172.88,1582.1,25.48,17.64
6/17/2015 21:20,42172.89,1584.3,25.48,17.64
6/17/2015 21:30,42172.90,1586.6,25.49,17.64
6/17/2015 21:40,42172.90,1589.1,25.48,17.64
6/17/2015 21:50,42172.91,1592.1,25.47,17.64
6/17/2015 22:00,42172.92,1594.9,25.48,17.64
6/17/2015 22:10,42172.92,1597.9,25.49,17.64
6/17/2015 22:20,42172.93,1600.6,25.49,17.64
6/17/2015 22:30,42172.94,1603.7,25.48,17.64
6/17/2015 22:40,42172.94,1606.4,25.49,17.64
6/17/2015 22:50,42172.95,1609.1,25.48,17.64
6/17/2015 23:00,42172.96,1611.9,25.48,17.64
6/17/2015 23:10,42172.97,1614.6,25.48,17.64
6/17/2015 23:20,42172.97,1617.1,25.48,17.64
6/17/2015 23:30,42172.98,1619.8,25.49,17.64
6/17/2015 23:40,42172.99,1622.2,25.49,17.64
6/17/2015 23:50,42172.99,1624.3,25.5,17.65
6/18/2015 0:00,42173.00,1625.8,25.5,17.65
6/18/2015 0:10,42173.01,1627,25.5,17.65
6/18/2015 0:20,42173.01,1628.1,25.5,17.65
6/18/2015 0:30,42173.02,1629,25.49,17.64
6/18/2015 0:40,42173.03,1629.8,25.49,17.64
6/18/2015 0:50,42173.03,1630.4,25.49,17.64
6/18/2015 1:00,42173.04,1631.1,25.48,17.64
6/18/2015 1:10,42173.05,1631.6,25.5,17.65
6/18/2015 1:20,42173.06,1631.9,25.5,17.65
6/18/2015 1:30,42173.06,1632.5,25.49,17.64
6/18/2015 1:40,42173.07,1632.5,25.5,17.65
6/18/2015 1:50,42173.08,1632.5,25.48,17.64
6/18/2015 2:00,42173.08,1632.5,25.49,17.64
6/18/2015 2:10,42173.09,1632.4,25.48,17.64
6/18/2015 2:20,42173.10,1632,25.48,17.64
6/18/2015 2:30,42173.10,1631.2,25.48,17.64
6/18/2015 2:40,42173.11,1630.5,25.49,17.64
6/18/2015 2:50,42173.12,1629.5,25.49,17.64
6/18/2015 3:00,42173.13,1628.4,25.49,17.64
6/18/2015 3:10,42173.13,1626.9,25.49,17.64
6/18/2015 3:20,42173.14,1625.3,25.49,17.64
6/18/2015 3:30,42173.15,1623.4,25.5,17.65
6/18/2015 3:40,42173.15,1621.5,25.5,17.65
6/18/2015 3:50,42173.16,1619.8,25.49,17.64
6/18/2015 4:00,42173.17,1617.5,25.49,17.64
6/18/2015 4:10,42173.17,1615.4,25.49,17.64
6/18/2015 4:20,42173.18,1612.9,25.48,17.64
6/18/2015 4:30,42173.19,1610.4,25.47,17.64
6/18/2015 4:40,42173.19,1607.8,25.48,17.64
6/18/2015 4:50,42173.20,1605.3,25.48,17.64
6/18/2015 5:00,42173.21,1602.5,25.47,17.64
6/18/2015 5:10,42173.22,1600,25.48,17.64
6/18/2015 5:20,42173.22,1597.4,25.49,17.64
6/18/2015 5:30,42173.23,1595.1,25.49,17.64
6/18/2015 5:40,42173.24,1593,25.49,17.64
6/18/2015 5:50,42173.24,1591.3,25.49,17.64
6/18/2015 6:00,42173.25,1589.7,25.48,17.64
6/18/2015 6:10,42173.26,1587.8,25.49,17.64
6/18/2015 6:20,42173.26,1586.2,25.49,17.64
6/18/2015 6:30,42173.27,1584.8,25.49,17.64
6/18/2015 6:40,42173.28,1583.4,25.48,17.64
6/18/2015 6:50,42173.28,1582.4,25.48,17.64
6/18/2015 7:00,42173.29,1581,25.48,17.64
6/18/2015 7:10,42173.30,1580.1,25.48,17.64
6/18/2015 7:20,42173.31,1578.9,25.49,17.64
6/18/2015 7:30,42173.31,1578.2,25.48,17.64
6/18/2015 7:40,42173.32,1577.3,25.49,17.64
6/18/2015 7:50,42173.33,1576.8,25.47,17.66
6/18/2015 8:00,42173.33,1576.5,25.48,17.64
6/18/2015 8:10,42173.34,1576.3,25.47,17.64
6/18/2015 8:20,42173.35,1576.9,25.47,17.66
6/18/2015 8:30,42173.35,1577.7,25.48,17.64
6/18/2015 8:40,42173.36,1578.9,25.48,17.64
6/18/2015 8:50,42173.37,1580.3,25.48,17.64
6/18/2015 9:00,42173.38,1581.7,25.49,17.64
6/18/2015 9:10,42173.38,1583.9,25.49,17.64
6/18/2015 9:20,42173.39,1586,25.48,17.64
6/18/2015 9:30,42173.40,1588.3,25.48,17.64
6/18/2015 9:40,42173.40,1591.1,25.48,17.64
6/18/2015 9:50,42173.41,1594,25.48,17.64
6/18/2015 10:00,42173.42,1597,25.49,17.64
6/18/2015 10:10,42173.42,1600.1,25.48,17.64
6/18/2015 10:20,42173.43,1603.1,25.49,17.64
6/18/2015 10:30,42173.44,1605.7,25.49,17.64
6/18/2015 10:40,42173.44,1608.6,25.5,17.65
6/18/2015 10:50,42173.45,1611.4,25.5,17.65
6/18/2015 11:00,42173.46,1614.6,25.5,17.65
6/18/2015 11:10,42173.47,1617.5,25.51,17.65
6/18/2015 11:20,42173.47,1620.6,25.51,17.65
6/18/2015 11:30,42173.48,1623.3,25.5,17.65
6/18/2015 11:40,42173.49,1625.3,25.49,17.64
6/18/2015 11:50,42173.49,1627.2,25.48,17.64
6/18/2015 12:00,42173.50,1628.6,25.5,17.64
6/18/2015 12:10,42173.51,1630,25.5,17.65
6/18/2015 12:20,42173.51,1631.1,25.5,17.65
6/18/2015 12:30,42173.52,1632.3,25.49,17.64
6/18/2015 12:40,42173.53,1633.6,25.49,17.64
6/18/2015 12:50,42173.53,1634.9,25.49,17.64
6/18/2015 13:00,42173.54,1636.1,25.49,17.64
6/18/2015 13:10,42173.55,1637.5,25.5,17.65
6/18/2015 13:20,42173.56,1638.9,25.51,17.65
6/18/2015 13:30,42173.56,1640.1,25.48,17.64
6/18/2015 13:40,42173.57,1641.2,25.49,17.64
6/18/2015 13:50,42173.58,1642.1,25.48,17.64
6/18/2015 14:00,42173.58,1642.7,25.49,17.64
6/18/2015 14:10,42173.59,1642.9,25.5,17.65
6/18/2015 14:20,42173.60,1643.1,25.48,17.64
6/18/2015 14:30,42173.60,1643,25.49,17.64
6/18/2015 14:40,42173.61,1642.7,25.49,17.64
6/18/2015 14:50,42173.62,1642,25.5,17.65
6/18/2015 15:00,42173.63,1640.8,25.5,17.65
6/18/2015 15:10,42173.63,1638.7,25.51,17.65
6/18/2015 15:20,42173.64,1636.4,25.52,17.65
6/18/2015 15:30,42173.65,1634.5,25.52,17.65
6/18/2015 15:40,42173.65,1632.5,25.52,17.65
6/18/2015 15:50,42173.66,1630.5,25.49,17.65
6/18/2015 16:00,42173.67,1628.3,25.49,17.64
6/18/2015 16:10,42173.67,1626.5,25.49,17.64
6/18/2015 16:20,42173.68,1624.8,25.49,17.65
6/18/2015 16:30,42173.69,1623.1,25.49,17.64
6/18/2015 16:40,42173.69,1621.2,25.49,17.64
6/18/2015 16:50,42173.70,1619.3,25.48,17.64
6/18/2015 17:00,42173.71,1617.5,25.48,17.64
6/18/2015 17:10,42173.72,1615.4,25.48,17.64
6/18/2015 17:20,42173.72,1613.7,25.48,17.64
6/18/2015 17:30,42173.73,1611.8,25.48,17.64
6/18/2015 17:40,42173.74,1609.5,25.48,17.64
6/18/2015 17:50,42173.74,1607.3,25.47,17.66
6/18/2015 18:00,42173.75,1604.5,25.48,17.64
6/18/2015 18:10,42173.76,1602,25.47,17.64
6/18/2015 18:20,42173.76,1599.3,25.48,17.64
6/18/2015 18:30,42173.77,1596.7,25.48,17.64
6/18/2015 18:40,42173.78,1594.2,25.48,17.64
6/18/2015 18:50,42173.78,1592.2,25.48,17.64
6/18/2015 19:00,42173.79,1590.1,25.48,17.64
6/18/2015 19:10,42173.80,1587.8,25.48,17.64
6/18/2015 19:20,42173.81,1586.6,25.48,17.64
6/18/2015 19:30,42173.81,1584.8,25.49,17.64
6/18/2015 19:40,42173.82,1583.7,25.48,17.64
6/18/2015 19:50,42173.83,1582.8,25.48,17.64
6/18/2015 20:00,42173.83,1581.7,25.48,17.64
6/18/2015 20:10,42173.84,1580.7,25.48,17.64
6/18/2015 20:20,42173.85,1580.1,25.48,17.64
6/18/2015 20:30,42173.85,1579.6,25.48,17.64
6/18/2015 20:40,42173.86,1579.6,25.48,17.64
6/18/2015 20:50,42173.87,1579.4,25.49,17.64
6/18/2015 21:00,42173.88,1579.8,25.48,17.64
6/18/2015 21:10,42173.88,1580.7,25.49,17.64
6/18/2015 21:20,42173.89,1581.7,25.49,17.64
6/18/2015 21:30,42173.90,1583.1,25.49,17.64
6/18/2015 21:40,42173.90,1584.8,25.5,17.65
6/18/2015 21:50,42173.91,1586.9,25.49,17.64
6/18/2015 22:00,42173.92,1588.8,25.49,17.64
6/18/2015 22:10,42173.92,1591.3,25.49,17.64
6/18/2015 22:20,42173.93,1593.7,25.49,17.64
6/18/2015 22:30,42173.94,1596.5,25.49,17.64
6/18/2015 22:40,42173.94,1599.3,25.49,17.64
6/18/2015 22:50,42173.95,1602,25.48,17.64
6/18/2015 23:00,42173.96,1604.5,25.49,17.64
6/18/2015 23:10,42173.97,1607.1,25.49,17.64
6/18/2015 23:20,42173.97,1609.8,25.48,17.64
6/18/2015 23:30,42173.98,1612.1,25.49,17.64
6/18/2015 23:40,42173.99,1614.6,25.48,17.64
6/18/2015 23:50,42173.99,1617.3,25.48,17.64
6/19/2015 0:00,42174.00,1619.9,25.48,17.64
6/19/2015 0:10,42174.01,1622.6,25.49,17.64
6/19/2015 0:20,42174.01,1624.5,25.49,17.64
6/19/2015 0:30,42174.02,1626.3,25.49,17.64
6/19/2015 0:40,42174.03,1627.4,25.5,17.65
6/19/2015 0:50,42174.03,1628.6,25.48,17.64
6/19/2015 1:00,42174.04,1629.7,25.49,17.64
6/19/2015 1:10,42174.05,1630.2,25.5,17.65
6/19/2015 1:20,42174.06,1631.1,25.49,17.64
6/19/2015 1:30,42174.06,1631.6,25.5,17.65
6/19/2015 1:40,42174.07,1632.1,25.5,17.65
6/19/2015 1:50,42174.08,1632.6,25.5,17.65
6/19/2015 2:00,42174.08,1633.1,25.48,17.64
6/19/2015 2:10,42174.09,1633.6,25.48,17.64
6/19/2015 2:20,42174.10,1633.8,25.49,17.64
6/19/2015 2:30,42174.10,1634.1,25.48,17.64
6/19/2015 2:40,42174.11,1633.8,25.49,17.64
6/19/2015 2:50,42174.12,1633.5,25.49,17.64
6/19/2015 3:00,42174.13,1633.2,25.48,17.64
6/19/2015 3:10,42174.13,1632.5,25.49,17.64
6/19/2015 3:20,42174.14,1631.8,25.48,17.64
6/19/2015 3:30,42174.15,1630.7,25.48,17.64
6/19/2015 3:40,42174.15,1629.7,25.48,17.64
6/19/2015 3:50,42174.16,1628.3,25.48,17.64
6/19/2015 4:00,42174.17,1626.7,25.48,17.64
6/19/2015 4:10,42174.17,1625,25.48,17.64
6/19/2015 4:20,42174.18,1623.1,25.48,17.64
6/19/2015 4:30,42174.19,1621.3,25.49,17.64
6/19/2015 4:40,42174.19,1619.2,25.49,17.64
6/19/2015 4:50,42174.20,1617.1,25.48,17.64
6/19/2015 5:00,42174.21,1614.7,25.48,17.64
6/19/2015 5:10,42174.22,1612.8,25.48,17.64
6/19/2015 5:20,42174.22,1610.5,25.48,17.64
6/19/2015 5:30,42174.23,1608,25.48,17.64
6/19/2015 5:40,42174.24,1605.5,25.49,17.64
6/19/2015 5:50,42174.24,1602.9,25.5,17.65
6/19/2015 6:00,42174.25,1600.4,25.5,17.65
6/19/2015 6:10,42174.26,1598.1,25.51,17.65
6/19/2015 6:20,42174.26,1596,25.49,17.64
6/19/2015 6:30,42174.27,1593.7,25.48,17.64
6/19/2015 6:40,42174.28,1591.9,25.48,17.64
6/19/2015 6:50,42174.28,1590,25.48,17.64
6/19/2015 7:00,42174.29,1588.1,25.49,17.64
6/19/2015 7:10,42174.30,1586.6,25.49,17.64
6/19/2015 7:20,42174.31,1585.2,25.48,17.64
6/19/2015 7:30,42174.31,1584.1,25.47,17.64
6/19/2015 7:40,42174.32,1583.1,25.48,17.64
6/19/2015 7:50,42174.33,1582.2,25.48,17.64
6/19/2015 8:00,42174.33,1581.3,25.48,17.64
6/19/2015 8:10,42174.34,1580.3,25.48,17.64
6/19/2015 8:20,42174.35,1580.5,25.48,17.64
6/19/2015 8:30,42174.35,1580.3,25.48,17.64
6/19/2015 8:40,42174.36,1580.1,25.49,17.64
6/19/2015 8:50,42174.37,1580.3,25.48,17.64
6/19/2015 9:00,42174.38,1581,25.49,17.64
6/19/2015 9:10,42174.38,1582.4,25.48,17.64
6/19/2015 9:20,42174.39,1583.6,25.48,17.64
6/19/2015 9:30,42174.40,1585.3,25.48,17.64
6/19/2015 9:40,42174.40,1587.4,25.48,17.64
6/19/2015 9:50,42174.41,1589.5,25.49,17.64
6/19/2015 10:00,42174.42,1591.6,25.48,17.64
6/19/2015 10:10,42174.42,1594.7,25.48,17.64
6/19/2015 10:20,42174.43,1597.3,25.48,17.64
6/19/2015 10:30,42174.44,1600.1,25.49,17.64
6/19/2015 10:40,42174.44,1603.4,25.48,17.64
6/19/2015 10:50,42174.45,1606.8,25.48,17.64
6/19/2015 11:00,42174.46,1609.5,25.48,17.64
6/19/2015 11:10,42174.47,1612.3,25.48,17.64
6/19/2015 11:20,42174.47,1615.5,25.48,17.64
6/19/2015 11:30,42174.48,1618.4,25.49,17.64
6/19/2015 11:40,42174.49,1621.5,25.48,17.64
6/19/2015 11:50,42174.49,1624.3,25.49,17.64
6/19/2015 12:00,42174.50,1626.7,25.49,17.64
6/19/2015 12:10,42174.51,1628.8,25.49,17.64
6/19/2015 12:20,42174.51,1630.2,25.49,17.64
6/19/2015 12:30,42174.52,1631.2,25.5,17.65
6/19/2015 12:40,42174.53,1632.6,25.5,17.64
6/19/2015 12:50,42174.53,1634,25.5,17.65
6/19/2015 13:00,42174.54,1635,25.51,17.65
6/19/2015 13:10,42174.55,1636.6,25.51,17.65
6/19/2015 13:20,42174.56,1637.8,25.5,17.65
6/19/2015 13:30,42174.56,1639.5,25.48,17.64
6/19/2015 13:40,42174.57,1641,25.48,17.64
6/19/2015 13:50,42174.58,1642.2,25.49,17.64
6/19/2015 14:00,42174.58,1643.4,25.49,17.64
6/19/2015 14:10,42174.59,1644.6,25.49,17.64
6/19/2015 14:20,42174.60,1645.7,25.48,17.64
6/19/2015 14:30,42174.60,1646.4,25.49,17.64
6/19/2015 14:40,42174.61,1647.2,25.49,17.64
6/19/2015 14:50,42174.62,1647.6,25.49,17.64
6/19/2015 15:00,42174.63,1648,25.48,17.64
6/19/2015 15:10,42174.63,1647.6,25.48,17.64
6/19/2015 15:20,42174.64,1647.4,25.49,17.64
6/19/2015 15:30,42174.65,1646.4,25.48,17.64
6/19/2015 15:40,42174.65,1645,25.48,17.64
6/19/2015 15:50,42174.66,1643,25.5,17.64
6/19/2015 16:00,42174.67,1641,25.5,17.65
6/19/2015 16:10,42174.67,1638.4,25.49,17.64
6/19/2015 16:20,42174.68,1636.3,25.5,17.65
6/19/2015 16:30,42174.69,1634,25.5,17.65
6/19/2015 16:40,42174.69,1631.8,25.51,17.65
6/19/2015 16:50,42174.70,1629.3,25.51,17.65
6/19/2015 17:00,42174.71,1627.4,25.49,17.64
6/19/2015 17:10,42174.72,1625.8,25.49,17.64
6/19/2015 17:20,42174.72,1623.8,25.49,17.64
6/19/2015 17:30,42174.73,1622.2,25.48,17.64
6/19/2015 17:40,42174.74,1620.3,25.49,17.64
6/19/2015 17:50,42174.74,1618.4,25.49,17.64
6/19/2015 18:00,42174.75,1616.7,25.49,17.64
6/19/2015 18:10,42174.76,1614.4,25.49,17.64
6/19/2015 18:20,42174.76,1612.5,25.49,17.64
6/19/2015 18:30,42174.77,1610.4,25.49,17.64
6/19/2015 18:40,42174.78,1608,25.49,17.64
6/19/2015 18:50,42174.78,1605.3,25.5,17.65
6/19/2015 19:00,42174.79,1602.7,25.5,17.65
6/19/2015 19:10,42174.80,1600.6,25.49,17.64
6/19/2015 19:20,42174.81,1598.2,25.48,17.64
6/19/2015 19:30,42174.81,1595.8,25.48,17.64
6/19/2015 19:40,42174.82,1593.6,25.48,17.64
6/19/2015 19:50,42174.83,1591.9,25.48,17.64
6/19/2015 20:00,42174.83,1590.1,25.49,17.64
6/19/2015 20:10,42174.84,1588.5,25.48,17.64
6/19/2015 20:20,42174.85,1586.9,25.48,17.64
6/19/2015 20:30,42174.85,1585.7,25.48,17.64
6/19/2015 20:40,42174.86,1584.6,25.48,17.64
6/19/2015 20:50,42174.87,1583.9,25.47,17.64
6/19/2015 21:00,42174.88,1583.6,25.48,17.64
6/19/2015 21:10,42174.88,1583.4,25.47,17.64
6/19/2015 21:20,42174.89,1583.1,25.48,17.64
6/19/2015 21:30,42174.90,1583.3,25.49,17.64
6/19/2015 21:40,42174.90,1583.8,25.49,17.64
6/19/2015 21:50,42174.91,1584.6,25.47,17.64
6/19/2015 22:00,42174.92,1585.9,25.49,17.64
6/19/2015 22:10,42174.92,1587.6,25.48,17.64
6/19/2015 22:20,42174.93,1589,25.49,17.65
6/19/2015 22:30,42174.94,1591,25.48,17.64
6/19/2015 22:40,42174.94,1593.3,25.49,17.64
6/19/2015 22:50,42174.95,1595.6,25.49,17.64
6/19/2015 23:00,42174.96,1598.2,25.49,17.64
6/19/2015 23:10,42174.97,1600.8,25.48,17.64
6/19/2015 23:20,42174.97,1603.9,25.48,17.64
6/19/2015 23:30,42174.98,1606.6,25.49,17.64
6/19/2015 23:40,42174.99,1609.1,25.48,17.64
6/19/2015 23:50,42174.99,1612.1,25.48,17.64
6/20/2015 0:00,42175.00,1614.7,25.48,17.64
6/20/2015 0:10,42175.01,1617.1,25.49,17.64
6/20/2015 0:20,42175.01,1619.8,25.49,17.64
6/20/2015 0:30,42175.02,1622.6,25.48,17.64
6/20/2015 0:40,42175.03,1624.9,25.48,17.64
6/20/2015 0:50,42175.03,1626.9,25.47,17.64
6/20/2015 1:00,42175.04,1628.4,25.49,17.64
6/20/2015 1:10,42175.05,1629.3,25.48,17.64
6/20/2015 1:20,42175.06,1630.6,25.48,17.64
6/20/2015 1:30,42175.06,1631.4,25.48,17.64
6/20/2015 1:40,42175.07,1632.3,25.48,17.64
6/20/2015 1:50,42175.08,1633,25.49,17.64
6/20/2015 2:00,42175.08,1634.2,25.49,17.64
6/20/2015 2:10,42175.09,1635,25.49,17.64
6/20/2015 2:20,42175.10,1635.6,25.49,17.64
6/20/2015 2:30,42175.10,1636.8,25.49,17.64
6/20/2015 2:40,42175.11,1637.7,25.49,17.64
6/20/2015 2:50,42175.12,1638.4,25.49,17.64
6/20/2015 3:00,42175.13,1639.1,25.49,17.64
6/20/2015 3:10,42175.13,1639.6,25.49,17.64
6/20/2015 3:20,42175.14,1639.2,25.49,17.64
6/20/2015 3:30,42175.15,1639.1,25.5,17.65
6/20/2015 3:40,42175.15,1638.5,25.5,17.65
6/20/2015 3:50,42175.16,1637.7,25.5,17.65
6/20/2015 4:00,42175.17,1636.8,25.49,17.64
6/20/2015 4:10,42175.17,1635.6,25.49,17.64
6/20/2015 4:20,42175.18,1634.2,25.49,17.64
6/20/2015 4:30,42175.19,1632.9,25.48,17.64
6/20/2015 4:40,42175.19,1631.4,25.49,17.64
6/20/2015 4:50,42175.20,1630,25.49,17.64
6/20/2015 5:00,42175.21,1628.6,25.48,17.64
6/20/2015 5:10,42175.22,1626.9,25.49,17.64
6/20/2015 5:20,42175.22,1625.1,25.48,17.64
6/20/2015 5:30,42175.23,1623.6,25.48,17.64
6/20/2015 5:40,42175.24,1621.6,25.48,17.64
6/20/2015 5:50,42175.24,1619.2,25.48,17.64
6/20/2015 6:00,42175.25,1617.8,25.48,17.64
6/20/2015 6:10,42175.26,1616,25.48,17.64
6/20/2015 6:20,42175.26,1613.9,25.48,17.64
6/20/2015 6:30,42175.27,1611.6,25.48,17.64
6/20/2015 6:40,42175.28,1609.1,25.49,17.64
6/20/2015 6:50,42175.28,1606.6,25.48,17.64
6/20/2015 7:00,42175.29,1604.3,25.49,17.64
6/20/2015 7:10,42175.30,1602,25.48,17.64
6/20/2015 7:20,42175.31,1599.6,25.48,17.64
6/20/2015 7:30,42175.31,1597.8,25.48,17.64
6/20/2015 7:40,42175.32,1595.8,25.49,17.64
6/20/2015 7:50,42175.33,1594,25.5,17.65
6/20/2015 8:00,42175.33,1592.8,25.5,17.65
6/20/2015 8:10,42175.34,1591.3,25.5,17.65
6/20/2015 8:20,42175.35,1590.1,25.48,17.64
6/20/2015 8:30,42175.35,1589.2,25.48,17.64
6/20/2015 8:40,42175.36,1588.3,25.48,17.64
6/20/2015 8:50,42175.37,1587.9,25.48,17.64
6/20/2015 9:00,42175.38,1587.3,25.5,17.65
6/20/2015 9:10,42175.38,1587.1,25.5,17.65
6/20/2015 9:20,42175.39,1586.7,25.5,17.65
6/20/2015 9:30,42175.40,1587.4,25.5,17.65
6/20/2015 9:40,42175.40,1588,25.51,17.65
6/20/2015 9:50,42175.41,1588.7,25.51,17.65
6/20/2015 10:00,42175.42,1590.5,25.48,17.64
6/20/2015 10:10,42175.42,1591.8,25.49,17.64
6/20/2015 10:20,42175.43,1593.9,25.49,17.64
6/20/2015 10:30,42175.44,1595.8,25.49,17.64
6/20/2015 10:40,42175.44,1598.2,25.49,17.64
6/20/2015 10:50,42175.45,1600.6,25.48,17.64
6/20/2015 11:00,42175.46,1603.1,25.49,17.64
6/20/2015 11:10,42175.47,1605.9,25.49,17.64
6/20/2015 11:20,42175.47,1608.9,25.48,17.64
6/20/2015 11:30,42175.48,1611.8,25.49,17.64
6/20/2015 11:40,42175.49,1614.2,25.49,17.65
6/20/2015 11:50,42175.49,1616.7,25.49,17.64
6/20/2015 12:00,42175.50,1619.4,25.49,17.64
6/20/2015 12:10,42175.51,1622.2,25.5,17.65
6/20/2015 12:20,42175.51,1625.1,25.5,17.65
6/20/2015 12:30,42175.52,1627.2,25.51,17.65
6/20/2015 12:40,42175.53,1629.3,25.51,17.65
6/20/2015 12:50,42175.53,1630.9,25.49,17.65
6/20/2015 13:00,42175.54,1632.8,25.49,17.64
6/20/2015 13:10,42175.55,1633.2,25.48,17.64
6/20/2015 13:20,42175.56,1634.3,25.49,17.64
6/20/2015 13:30,42175.56,1635.4,25.49,17.64
6/20/2015 13:40,42175.57,1636.4,25.5,17.65
6/20/2015 13:50,42175.58,1638,25.5,17.65
6/20/2015 14:00,42175.58,1639.2,25.49,17.65
6/20/2015 14:10,42175.59,1641.3,25.5,17.65
6/20/2015 14:20,42175.60,1642.3,25.49,17.64
6/20/2015 14:30,42175.60,1644,25.48,17.64
6/20/2015 14:40,42175.61,1645.3,25.48,17.64
6/20/2015 14:50,42175.62,1646.4,25.48,17.64
6/20/2015 15:00,42175.63,1647.2,25.49,17.64
6/20/2015 15:10,42175.63,1647.8,25.48,17.64
6/20/2015 15:20,42175.64,1648.6,25.48,17.64
6/20/2015 15:30,42175.65,1648.8,25.49,17.64
6/20/2015 15:40,42175.65,1649,25.5,17.64
6/20/2015 15:50,42175.66,1648.8,25.49,17.64
6/20/2015 16:00,42175.67,1648.1,25.49,17.64
6/20/2015 16:10,42175.67,1647.2,25.49,17.64
6/20/2015 16:20,42175.68,1645.3,25.49,17.64
6/20/2015 16:30,42175.69,1643.4,25.5,17.65
6/20/2015 16:40,42175.69,1641.5,25.49,17.64
6/20/2015 16:50,42175.70,1639.3,25.48,17.64
6/20/2015 17:00,42175.71,1637.1,25.49,17.64
6/20/2015 17:10,42175.72,1635.2,25.49,17.64
6/20/2015 17:20,42175.72,1633.2,25.49,17.64
6/20/2015 17:30,42175.73,1631.2,25.5,17.65
6/20/2015 17:40,42175.74,1629.5,25.5,17.65
6/20/2015 17:50,42175.74,1627.7,25.5,17.65
6/20/2015 18:00,42175.75,1626,25.49,17.65
6/20/2015 18:10,42175.76,1624.3,25.5,17.65
6/20/2015 18:20,42175.76,1622.4,25.49,17.64
6/20/2015 18:30,42175.77,1620.5,25.5,17.65
6/20/2015 18:40,42175.78,1618.9,25.5,17.65
6/20/2015 18:50,42175.78,1617.2,25.48,17.64
6/20/2015 19:00,42175.79,1615.1,25.48,17.64
6/20/2015 19:10,42175.80,1613,25.48,17.64
6/20/2015 19:20,42175.81,1610.7,25.49,17.64
6/20/2015 19:30,42175.81,1608.6,25.49,17.64
6/20/2015 19:40,42175.82,1606,25.49,17.64
6/20/2015 19:50,42175.83,1603.8,25.49,17.65
6/20/2015 20:00,42175.83,1601.3,25.49,17.64
6/20/2015 20:10,42175.84,1599.3,25.48,17.64
6/20/2015 20:20,42175.85,1597.3,25.48,17.64
6/20/2015 20:30,42175.85,1595.3,25.48,17.64
6/20/2015 20:40,42175.86,1593.3,25.49,17.64
6/20/2015 20:50,42175.87,1591.9,25.49,17.64
6/20/2015 21:00,42175.88,1590.6,25.49,17.64
6/20/2015 21:10,42175.88,1589.2,25.49,17.65
6/20/2015 21:20,42175.89,1588.1,25.49,17.64
6/20/2015 21:30,42175.90,1587.9,25.48,17.64
6/20/2015 21:40,42175.90,1587.4,25.48,17.64
6/20/2015 21:50,42175.91,1587.2,25.48,17.64
6/20/2015 22:00,42175.92,1586.7,25.49,17.64
6/20/2015 22:10,42175.92,1586.7,25.48,17.64
6/20/2015 22:20,42175.93,1587.4,25.48,17.64
6/20/2015 22:30,42175.94,1588.7,25.48,17.64
6/20/2015 22:40,42175.94,1590,25.48,17.64
6/20/2015 22:50,42175.95,1591.5,25.49,17.64
6/20/2015 23:00,42175.96,1593.3,25.48,17.64
6/20/2015 23:10,42175.97,1595.5,25.48,17.64
6/20/2015 23:20,42175.97,1597.5,25.48,17.64
6/20/2015 23:30,42175.98,1599.6,25.49,17.64
6/20/2015 23:40,42175.99,1602,25.49,17.64
6/20/2015 23:50,42175.99,1604.8,25.48,17.64
6/21/2015 0:00,42176.00,1607.7,25.48,17.64
6/21/2015 0:10,42176.01,1610.1,25.48,17.64
6/21/2015 0:20,42176.01,1612.5,25.49,17.64
6/21/2015 0:30,42176.02,1615.1,25.49,17.64
6/21/2015 0:40,42176.03,1617.5,25.49,17.64
6/21/2015 0:50,42176.03,1620.1,25.5,17.64
6/21/2015 1:00,42176.04,1622.9,25.49,17.64
6/21/2015 1:10,42176.05,1625.1,25.49,17.64
6/21/2015 1:20,42176.06,1627.4,25.48,17.64
6/21/2015 1:30,42176.06,1629.1,25.49,17.64
6/21/2015 1:40,42176.07,1630.5,25.48,17.64
6/21/2015 1:50,42176.08,1631.4,25.49,17.64
6/21/2015 2:00,42176.08,1632.3,25.5,17.65
6/21/2015 2:10,42176.09,1633.3,25.51,17.65
6/21/2015 2:20,42176.10,1634,25.5,17.65
6/21/2015 2:30,42176.10,1634.9,25.51,17.65
6/21/2015 2:40,42176.11,1635.7,25.51,17.65
6/21/2015 2:50,42176.12,1635.9,25.5,17.65
6/21/2015 3:00,42176.13,1636.8,25.49,17.64
6/21/2015 3:10,42176.13,1637.5,25.5,17.65
6/21/2015 3:20,42176.14,1638.4,25.5,17.65
6/21/2015 3:30,42176.15,1638.9,25.5,17.65
6/21/2015 3:40,42176.15,1639.1,25.49,17.64
6/21/2015 3:50,42176.16,1639.2,25.49,17.64
6/21/2015 4:00,42176.17,1639.4,25.49,17.65
6/21/2015 4:10,42176.17,1638.9,25.5,17.65
6/21/2015 4:20,42176.18,1638.5,25.49,17.64
6/21/2015 4:30,42176.19,1637.5,25.49,17.64
6/21/2015 4:40,42176.19,1636.4,25.49,17.64
6/21/2015 4:50,42176.20,1635.2,25.49,17.64
6/21/2015 5:00,42176.21,1634.5,25.49,17.64
6/21/2015 5:10,42176.22,1633.2,25.49,17.64
6/21/2015 5:20,42176.22,1631.9,25.49,17.64
6/21/2015 5:30,42176.23,1630.4,25.5,17.65
6/21/2015 5:40,42176.24,1628.6,25.49,17.64
6/21/2015 5:50,42176.24,1627,25.48,17.64
6/21/2015 6:00,42176.25,1625.1,25.48,17.64
6/21/2015 6:10,42176.26,1623.4,25.49,17.64
6/21/2015 6:20,42176.26,1621.7,25.49,17.64
6/21/2015 6:30,42176.27,1619.6,25.48,17.64
6/21/2015 6:40,42176.28,1617.5,25.49,17.64
6/21/2015 6:50,42176.28,1615.5,25.48,17.64
6/21/2015 7:00,42176.29,1613.3,25.49,17.65
6/21/2015 7:10,42176.30,1610.7,25.49,17.64
6/21/2015 7:20,42176.31,1608.3,25.48,17.64
6/21/2015 7:30,42176.31,1606,25.48,17.64
6/21/2015 7:40,42176.32,1603.8,25.47,17.64
6/21/2015 7:50,42176.33,1601.7,25.48,17.64
6/21/2015 8:00,42176.33,1599.6,25.48,17.64
6/21/2015 8:10,42176.34,1597.5,25.48,17.64
6/21/2015 8:20,42176.35,1596,25.49,17.64
6/21/2015 8:30,42176.35,1594.4,25.48,17.64
6/21/2015 8:40,42176.36,1593,25.49,17.64
6/21/2015 8:50,42176.37,1591.9,25.48,17.64
6/21/2015 9:00,42176.38,1590.8,25.48,17.64
6/21/2015 9:10,42176.38,1590.1,25.49,17.64
6/21/2015 9:20,42176.39,1589.5,25.49,17.64
6/21/2015 9:30,42176.40,1589.4,25.49,17.64
6/21/2015 9:40,42176.40,1588.8,25.49,17.64
6/21/2015 9:50,42176.41,1589,25.49,17.64
6/21/2015 10:00,42176.42,1589.4,25.48,17.64
6/21/2015 10:10,42176.42,1590.4,25.49,17.64
6/21/2015 10:20,42176.43,1591.7,25.48,17.64
6/21/2015 10:30,42176.44,1592.8,25.49,17.64
6/21/2015 10:40,42176.44,1594.4,25.48,17.64
6/21/2015 10:50,42176.45,1596.1,25.49,17.64
6/21/2015 11:00,42176.46,1598.2,25.48,17.64
6/21/2015 11:10,42176.47,1600.7,25.48,17.64
6/21/2015 11:20,42176.47,1603.2,25.48,17.64
6/21/2015 11:30,42176.48,1605.7,25.48,17.64
6/21/2015 11:40,42176.49,1608,25.48,17.64
6/21/2015 11:50,42176.49,1610.5,25.48,17.64
6/21/2015 12:00,42176.50,1613.7,25.48,17.64
6/21/2015 12:10,42176.51,1616.7,25.49,17.64
6/21/2015 12:20,42176.51,1619.2,25.48,17.64
6/21/2015 12:30,42176.52,1621.9,25.49,17.64
6/21/2015 12:40,42176.53,1624.5,25.49,17.65
6/21/2015 12:50,42176.53,1626.7,25.49,17.64
6/21/2015 13:00,42176.54,1629.1,25.49,17.64
6/21/2015 13:10,42176.55,1630.7,25.49,17.64
6/21/2015 13:20,42176.56,1632.3,25.49,17.64
6/21/2015 13:30,42176.56,1633.5,25.49,17.64
6/21/2015 13:40,42176.57,1634.5,25.49,17.64
6/21/2015 13:50,42176.58,1635.4,25.5,17.65
6/21/2015 14:00,42176.58,1636.4,25.49,17.64
6/21/2015 14:10,42176.59,1637.8,25.49,17.64
6/21/2015 14:20,42176.60,1638.9,25.5,17.65
6/21/2015 14:30,42176.60,1640.5,25.49,17.64
6/21/2015 14:40,42176.61,1641.8,25.49,17.64
6/21/2015 14:50,42176.62,1643.4,25.49,17.64
6/21/2015 15:00,42176.63,1645,25.49,17.64
6/21/2015 15:10,42176.63,1646.7,25.49,17.65
6/21/2015 15:20,42176.64,1646.9,25.49,17.64
6/21/2015 15:30,42176.65,1648,25.48,17.64
6/21/2015 15:40,42176.65,1649,25.49,17.65
6/21/2015 15:50,42176.66,1649.9,25.5,17.65
6/21/2015 16:00,42176.67,1650,25.51,17.65
6/21/2015 16:10,42176.67,1650.7,25.49,17.65
6/21/2015 16:20,42176.68,1650.5,25.5,17.65
6/21/2015 16:30,42176.69,1650.1,25.49,17.65
6/21/2015 16:40,42176.69,1649.5,25.49,17.65
6/21/2015 16:50,42176.70,1649,25.49,17.64
6/21/2015 17:00,42176.71,1647.6,25.49,17.64
6/21/2015 17:10,42176.72,1646.2,25.49,17.65
6/21/2015 17:20,42176.72,1644.4,25.5,17.65
6/21/2015 17:30,42176.73,1642,25.51,17.65
6/21/2015 17:40,42176.74,1639.6,25.49,17.65
6/21/2015 17:50,42176.74,1637.5,25.49,17.64
6/21/2015 18:00,42176.75,1635.4,25.49,17.64
6/21/2015 18:10,42176.76,1633.6,25.49,17.64
6/21/2015 18:20,42176.76,1632.3,25.49,17.64
6/21/2015 18:30,42176.77,1630.5,25.49,17.65
6/21/2015 18:40,42176.78,1629.1,25.49,17.65
6/21/2015 18:50,42176.78,1627.6,25.49,17.64
6/21/2015 19:00,42176.79,1626.3,25.48,17.64
6/21/2015 19:10,42176.80,1624.5,25.49,17.64
6/21/2015 19:20,42176.81,1622.9,25.49,17.64
6/21/2015 19:30,42176.81,1620.8,25.49,17.64
6/21/2015 19:40,42176.82,1619.4,25.5,17.65
6/21/2015 19:50,42176.83,1617.7,25.51,17.65
6/21/2015 20:00,42176.83,1615.6,25.5,17.65
6/21/2015 20:10,42176.84,1613.3,25.49,17.65
6/21/2015 20:20,42176.85,1610.9,25.48,17.64
6/21/2015 20:30,42176.85,1608.6,25.48,17.64
6/21/2015 20:40,42176.86,1606.2,25.48,17.64
6/21/2015 20:50,42176.87,1603.9,25.48,17.64
6/21/2015 21:00,42176.88,1601.7,25.48,17.64
6/21/2015 21:10,42176.88,1600,25.48,17.64
6/21/2015 21:20,42176.89,1598.4,25.48,17.64
6/21/2015 21:30,42176.90,1596.8,25.48,17.64
6/21/2015 21:40,42176.90,1595.4,25.49,17.64
6/21/2015 21:50,42176.91,1594,25.49,17.64
6/21/2015 22:00,42176.92,1593.3,25.48,17.64
6/21/2015 22:10,42176.92,1592.6,25.48,17.64
6/21/2015 22:20,42176.93,1591.9,25.48,17.64
6/21/2015 22:30,42176.94,1591.9,25.48,17.64
6/21/2015 22:40,42176.94,1591.8,25.49,17.64
6/21/2015 22:50,42176.95,1592.5,25.49,17.64
6/21/2015 23:00,42176.96,1593.3,25.49,17.64
6/21/2015 23:10,42176.97,1594.5,25.48,17.64
6/21/2015 23:20,42176.97,1596,25.48,17.64
6/21/2015 23:30,42176.98,1597.6,25.48,17.64
6/21/2015 23:40,42176.99,1599.3,25.48,17.64
6/21/2015 23:50,42176.99,1601.1,25.49,17.64
6/22/2015 0:00,42177.00,1603.5,25.48,17.64
6/22/2015 0:10,42177.01,1605.5,25.49,17.64
6/22/2015 0:20,42177.01,1607.8,25.5,17.65
6/22/2015 0:30,42177.02,1610.2,25.49,17.64
6/22/2015 0:40,42177.03,1612.6,25.49,17.65
6/22/2015 0:50,42177.03,1614.7,25.5,17.65
6/22/2015 1:00,42177.04,1616.8,25.5,17.65
6/22/2015 1:10,42177.05,1619.8,25.49,17.65
6/22/2015 1:20,42177.06,1622.6,25.5,17.65
6/22/2015 1:30,42177.06,1624.7,25.49,17.64
6/22/2015 1:40,42177.07,1626.9,25.5,17.65
6/22/2015 1:50,42177.08,1628.8,25.5,17.65
6/22/2015 2:00,42177.08,1630.4,25.49,17.64
6/22/2015 2:10,42177.09,1631.6,25.5,17.65
6/22/2015 2:20,42177.10,1632.6,25.5,17.65
6/22/2015 2:30,42177.10,1633.5,25.51,17.65
6/22/2015 2:40,42177.11,1634.3,25.51,17.65
6/22/2015 2:50,42177.12,1635,25.51,17.65
6/22/2015 3:00,42177.13,1635.4,25.51,17.65
6/22/2015 3:10,42177.13,1636.1,25.51,17.65
6/22/2015 3:20,42177.14,1636.6,25.5,17.65
6/22/2015 3:30,42177.15,1637.5,25.5,17.65
6/22/2015 3:40,42177.15,1638,25.5,17.65
6/22/2015 3:50,42177.16,1638.5,25.5,17.65
6/22/2015 4:00,42177.17,1638.5,25.49,17.64
6/22/2015 4:10,42177.17,1638.8,25.48,17.64
6/22/2015 4:20,42177.18,1638.7,25.49,17.64
6/22/2015 4:30,42177.19,1638.7,25.49,17.64
6/22/2015 4:40,42177.19,1638.1,25.48,17.64
6/22/2015 4:50,42177.20,1637.3,25.5,17.65
6/22/2015 5:00,42177.21,1636.3,25.49,17.65
6/22/2015 5:10,42177.22,1635.7,25.49,17.64
6/22/2015 5:20,42177.22,1634.9,25.49,17.65
6/22/2015 5:30,42177.23,1634.2,25.5,17.65
6/22/2015 5:40,42177.24,1632.8,25.5,17.65
6/22/2015 5:50,42177.24,1631.4,25.49,17.65
6/22/2015 6:00,42177.25,1629.8,25.49,17.65
6/22/2015 6:10,42177.26,1628.3,25.49,17.64
6/22/2015 6:20,42177.26,1626.7,25.49,17.64
6/22/2015 6:30,42177.27,1625,25.49,17.64
6/22/2015 6:40,42177.28,1623.5,25.48,17.64
6/22/2015 6:50,42177.28,1621.5,25.49,17.64
6/22/2015 7:00,42177.29,1619.5,25.48,17.64
6/22/2015 7:10,42177.30,1617.5,25.49,17.64
6/22/2015 7:20,42177.31,1615.6,25.49,17.64
6/22/2015 7:30,42177.31,1613.2,25.49,17.64
6/22/2015 7:40,42177.32,1610.9,25.5,17.65
6/22/2015 7:50,42177.33,1608.6,25.5,17.65
6/22/2015 8:00,42177.33,1606.2,25.5,17.65
6/22/2015 8:10,42177.34,1604.1,25.51,17.65
6/22/2015 8:20,42177.35,1602.4,25.49,17.65
6/22/2015 8:30,42177.35,1600.4,25.51,17.65
6/22/2015 8:40,42177.36,1598.9,25.51,17.65
6/22/2015 8:50,42177.37,1597.5,25.49,17.65
6/22/2015 9:00,42177.38,1596.1,25.51,17.65
6/22/2015 9:10,42177.38,1595.1,25.5,17.65
6/22/2015 9:20,42177.39,1594,25.49,17.65
6/22/2015 9:30,42177.40,1593.3,25.49,17.64
6/22/2015 9:40,42177.40,1592.6,25.5,17.65
6/22/2015 9:50,42177.41,1592.5,25.49,17.64
6/22/2015 10:00,42177.42,1592.6,25.49,17.64
6/22/2015 10:10,42177.42,1592.6,25.48,17.64
6/22/2015 10:20,42177.43,1592.6,25.48,17.64
6/22/2015 10:30,42177.44,1592.8,25.49,17.65
6/22/2015 10:40,42177.44,1593.3,25.49,17.64
6/22/2015 10:50,42177.45,1594.1,25.48,17.64
6/22/2015 11:00,42177.46,1595,25.48,17.64
6/22/2015 11:10,42177.47,1596.1,25.48,17.64
6/22/2015 11:20,42177.47,1597.6,25.48,17.64
6/22/2015 11:30,42177.48,1599.2,25.48,17.64
6/22/2015 11:40,42177.49,1601,25.48,17.64
6/22/2015 11:50,42177.49,1602.7,25.49,17.64
6/22/2015 12:00,42177.50,1605.1,25.48,17.64
6/22/2015 12:10,42177.51,1607.1,25.48,17.64
6/22/2015 12:20,42177.51,1609.5,25.49,17.64
6/22/2015 12:30,42177.52,1611.8,25.48,17.64
6/22/2015 12:40,42177.53,1614,25.49,17.65
6/22/2015 12:50,42177.53,1616.5,25.49,17.64
6/22/2015 13:00,42177.54,1619.1,25.5,17.65
6/22/2015 13:10,42177.55,1621.3,25.51,17.65
6/22/2015 13:20,42177.56,1623.8,25.5,17.65
6/22/2015 13:30,42177.56,1625.8,25.51,17.65
6/22/2015 13:40,42177.57,1627.9,25.51,17.65
6/22/2015 13:50,42177.58,1629.1,25.51,17.65
6/22/2015 14:00,42177.58,1630.9,25.5,17.65
6/22/2015 14:10,42177.59,1631.9,25.5,17.65
6/22/2015 14:20,42177.60,1632.6,25.5,17.65
6/22/2015 14:30,42177.60,1633.3,25.49,17.64
6/22/2015 14:40,42177.61,1633.6,25.49,17.64
6/22/2015 14:50,42177.62,1634.5,25.5,17.65
6/22/2015 15:00,42177.63,1635.2,25.49,17.64
6/22/2015 15:10,42177.63,1635.7,25.49,17.64
6/22/2015 15:20,42177.64,1636.6,25.49,17.64
6/22/2015 15:30,42177.65,1637.5,25.49,17.64
6/22/2015 15:40,42177.65,1638.4,25.49,17.64
6/22/2015 15:50,42177.66,1639.1,25.48,17.64
6/22/2015 16:00,42177.67,1639.4,25.49,17.64
6/22/2015 16:10,42177.67,1640.1,25.49,17.64
6/22/2015 16:20,42177.68,1640.2,25.48,17.64
6/22/2015 16:30,42177.69,1639.9,25.49,17.64
6/22/2015 16:40,42177.69,1639.2,25.51,17.65
6/22/2015 16:50,42177.70,1638.9,25.5,17.65
6/22/2015 17:00,42177.71,1638.4,25.5,17.65
6/22/2015 17:10,42177.72,1638,25.49,17.64
6/22/2015 17:20,42177.72,1637,25.49,17.64
6/22/2015 17:30,42177.73,1636.1,25.5,17.65
6/22/2015 17:40,42177.74,1634.9,25.49,17.64
6/22/2015 17:50,42177.74,1633.6,25.5,17.65
6/22/2015 18:00,42177.75,1632.3,25.5,17.65
6/22/2015 18:10,42177.76,1631.1,25.49,17.65
6/22/2015 18:20,42177.76,1629.5,25.49,17.65
6/22/2015 18:30,42177.77,1627.9,25.5,17.65
6/22/2015 18:40,42177.78,1626.2,25.49,17.65
6/22/2015 18:50,42177.78,1624.7,25.48,17.64
6/22/2015 19:00,42177.79,1622.9,25.49,17.64
6/22/2015 19:10,42177.80,1621.4,25.48,17.64
6/22/2015 19:20,42177.81,1619.6,25.49,17.64
6/22/2015 19:30,42177.81,1617.8,25.48,17.64
6/22/2015 19:40,42177.82,1615.6,25.49,17.64
6/22/2015 19:50,42177.83,1613.3,25.49,17.64
6/22/2015 20:00,42177.83,1611.1,25.49,17.64
6/22/2015 20:10,42177.84,1608.8,25.49,17.64
6/22/2015 20:20,42177.85,1606.6,25.48,17.64
6/22/2015 20:30,42177.85,1604.3,25.5,17.65
6/22/2015 20:40,42177.86,1602.2,25.49,17.64
6/22/2015 20:50,42177.87,1600.1,25.5,17.65
6/22/2015 21:00,42177.88,1598.2,25.49,17.65
6/22/2015 21:10,42177.88,1596.8,25.48,17.64
6/22/2015 21:20,42177.89,1595.3,25.49,17.64
6/22/2015 21:30,42177.90,1594,25.48,17.64
6/22/2015 21:40,42177.90,1592.6,25.49,17.65
6/22/2015 21:50,42177.91,1591.6,25.5,17.65
6/22/2015 22:00,42177.92,1590.9,25.5,17.65
6/22/2015 22:10,42177.92,1590.1,25.5,17.65
6/22/2015 22:20,42177.93,1589.5,25.49,17.64
6/22/2015 22:30,42177.94,1589.1,25.48,17.64
6/22/2015 22:40,42177.94,1588.5,25.49,17.64
6/22/2015 22:50,42177.95,1588.5,25.49,17.64
6/22/2015 23:00,42177.96,1588.5,25.49,17.64
6/22/2015 23:10,42177.97,1589,25.48,17.64
6/22/2015 23:20,42177.97,1589.5,25.48,17.64
6/22/2015 23:30,42177.98,1590.5,25.48,17.64
6/22/2015 23:40,42177.99,1591.3,25.49,17.64
6/22/2015 23:50,42177.99,1592.7,25.48,17.64
6/23/2015 0:00,42178.00,1593.9,25.48,17.64
6/23/2015 0:10,42178.01,1595.4,25.49,17.64
6/23/2015 0:20,42178.01,1596.8,25.49,17.65
6/23/2015 0:30,42178.02,1598.8,25.48,17.64
6/23/2015 0:40,42178.03,1600.4,25.49,17.65
6/23/2015 0:50,42178.03,1602.8,25.48,17.64
6/23/2015 1:00,42178.04,1604.8,25.49,17.65
6/23/2015 1:10,42178.05,1606.4,25.5,17.65
6/23/2015 1:20,42178.06,1608.4,25.5,17.65
6/23/2015 1:30,42178.06,1610.2,25.49,17.65
6/23/2015 1:40,42178.07,1612.5,25.49,17.64
6/23/2015 1:50,42178.08,1614.6,25.5,17.65
6/23/2015 2:00,42178.08,1616.7,25.5,17.65
6/23/2015 2:10,42178.09,1618.5,25.5,17.65
6/23/2015 2:20,42178.10,1620.6,25.51,17.65
6/23/2015 2:30,42178.10,1622.2,25.5,17.65
6/23/2015 2:40,42178.11,1624,25.5,17.65
6/23/2015 2:50,42178.12,1625.5,25.5,17.65
6/23/2015 3:00,42178.13,1627.2,25.49,17.65
6/23/2015 3:10,42178.13,1627.9,25.49,17.64
6/23/2015 3:20,42178.14,1628.8,25.49,17.65
6/23/2015 3:30,42178.15,1629.5,25.49,17.64
6/23/2015 3:40,42178.15,1630,25.49,17.64
6/23/2015 3:50,42178.16,1630.9,25.5,17.65
6/23/2015 4:00,42178.17,1631.6,25.49,17.64
6/23/2015 4:10,42178.17,1631.9,25.49,17.64
6/23/2015 4:20,42178.18,1632.1,25.49,17.65
6/23/2015 4:30,42178.19,1632.5,25.49,17.64
6/23/2015 4:40,42178.19,1632.3,25.49,17.64
6/23/2015 4:50,42178.20,1632.5,25.49,17.65
6/23/2015 5:00,42178.21,1632.1,25.5,17.65
6/23/2015 5:10,42178.22,1631.6,25.51,17.65
6/23/2015 5:20,42178.22,1631.1,25.5,17.65
6/23/2015 5:30,42178.23,1630.7,25.5,17.65
6/23/2015 5:40,42178.24,1629.8,25.5,17.65
6/23/2015 5:50,42178.24,1628.8,25.5,17.65
6/23/2015 6:00,42178.25,1627.6,25.5,17.65
6/23/2015 6:10,42178.26,1626.5,25.49,17.65
6/23/2015 6:20,42178.26,1625,25.49,17.65
6/23/2015 6:30,42178.27,1623.6,25.49,17.64
6/23/2015 6:40,42178.28,1622.2,25.49,17.64
6/23/2015 6:50,42178.28,1620.5,25.49,17.65
6/23/2015 7:00,42178.29,1618.8,25.48,17.64
6/23/2015 7:10,42178.30,1616.5,25.49,17.64
6/23/2015 7:20,42178.31,1614.6,25.48,17.64
6/23/2015 7:30,42178.31,1612.6,25.48,17.64
6/23/2015 7:40,42178.32,1610.2,25.49,17.64
6/23/2015 7:50,42178.33,1608.1,25.5,17.65
6/23/2015 8:00,42178.33,1606,25.5,17.65
6/23/2015 8:10,42178.34,1604.5,25.49,17.65
6/23/2015 8:20,42178.35,1602.5,25.49,17.65
6/23/2015 8:30,42178.35,1601.3,25.49,17.64
6/23/2015 8:40,42178.36,1599.9,25.48,17.64
6/23/2015 8:50,42178.37,1598.2,25.49,17.64
6/23/2015 9:00,42178.38,1597.2,25.49,17.65
6/23/2015 9:10,42178.38,1595.8,25.49,17.64
6/23/2015 9:20,42178.39,1595.1,25.49,17.64
6/23/2015 9:30,42178.40,1594,25.49,17.64
6/23/2015 9:40,42178.40,1593.2,25.5,17.65
6/23/2015 9:50,42178.41,1592.1,25.49,17.65
6/23/2015 10:00,42178.42,1591.5,25.49,17.64
6/23/2015 10:10,42178.42,1591,25.48,17.64
6/23/2015 10:20,42178.43,1590.4,25.49,17.64
6/23/2015 10:30,42178.44,1590.6,25.49,17.64
6/23/2015 10:40,42178.44,1590.4,25.49,17.64
6/23/2015 10:50,42178.45,1590.2,25.49,17.64
6/23/2015 11:00,42178.46,1590.2,25.5,17.65
6/23/2015 11:10,42178.47,1590.6,25.49,17.64
6/23/2015 11:20,42178.47,1590.9,25.49,17.64
6/23/2015 11:30,42178.48,1591.5,25.5,17.65
6/23/2015 11:40,42178.49,1591.9,25.49,17.65
6/23/2015 11:50,42178.49,1593.2,25.5,17.65
6/23/2015 12:00,42178.50,1594.2,25.5,17.65
6/23/2015 12:10,42178.51,1595.6,25.49,17.65
6/23/2015 12:20,42178.51,1597.2,25.5,17.65
6/23/2015 12:30,42178.52,1598.6,25.48,17.64
6/23/2015 12:40,42178.53,1600.6,25.48,17.64
6/23/2015 12:50,42178.53,1602.4,25.49,17.64
6/23/2015 13:00,42178.54,1604.4,25.48,17.64
6/23/2015 13:10,42178.55,1606.6,25.49,17.64
6/23/2015 13:20,42178.56,1608.6,25.49,17.64
6/23/2015 13:30,42178.56,1610.7,25.49,17.65
6/23/2015 13:40,42178.57,1613.2,25.49,17.65
6/23/2015 13:50,42178.58,1615.6,25.5,17.65
6/23/2015 14:00,42178.58,1617.8,25.5,17.65
6/23/2015 14:10,42178.59,1619.9,25.49,17.65
6/23/2015 14:20,42178.60,1621.7,25.49,17.65
6/23/2015 14:30,42178.60,1623.3,25.49,17.65
6/23/2015 14:40,42178.61,1624.7,25.49,17.64
6/23/2015 14:50,42178.62,1626.3,25.49,17.65
6/23/2015 15:00,42178.63,1627.2,25.5,17.65
6/23/2015 15:10,42178.63,1628.3,25.49,17.65
6/23/2015 15:20,42178.64,1628.4,25.49,17.65
6/23/2015 15:30,42178.65,1629.5,25.5,17.65
6/23/2015 15:40,42178.65,1630.2,25.49,17.65
6/23/2015 15:50,42178.66,1630.5,25.5,17.65
6/23/2015 16:00,42178.67,1630.9,25.5,17.65
6/23/2015 16:10,42178.67,1631.1,25.51,17.65
6/23/2015 16:20,42178.68,1631.2,25.49,17.65
6/23/2015 16:30,42178.69,1631.6,25.49,17.64
6/23/2015 16:40,42178.69,1631.8,25.49,17.65
6/23/2015 16:50,42178.70,1631.8,25.5,17.65
6/23/2015 17:00,42178.71,1631.8,25.5,17.65
6/23/2015 17:10,42178.72,1631.6,25.49,17.65
6/23/2015 17:20,42178.72,1631.6,25.5,17.65
6/23/2015 17:30,42178.73,1631.2,25.49,17.65
6/23/2015 17:40,42178.74,1630.7,25.51,17.65
6/23/2015 17:50,42178.74,1630,25.51,17.65
6/23/2015 18:00,42178.75,1629.2,25.52,17.66
6/23/2015 18:10,42178.76,1628.6,25.51,17.66
6/23/2015 18:20,42178.76,1627.6,25.49,17.65
6/23/2015 18:30,42178.77,1626.2,25.5,17.65
6/23/2015 18:40,42178.78,1624.8,25.49,17.64
6/23/2015 18:50,42178.78,1623.1,25.49,17.65
6/23/2015 19:00,42178.79,1621.4,25.48,17.64
6/23/2015 19:10,42178.80,1619.9,25.49,17.64
6/23/2015 19:20,42178.81,1618,25.49,17.64
6/23/2015 19:30,42178.81,1616,25.48,17.64
6/23/2015 19:40,42178.82,1613.9,25.49,17.64
6/23/2015 19:50,42178.83,1612.1,25.49,17.64
6/23/2015 20:00,42178.83,1610,25.49,17.64
6/23/2015 20:10,42178.84,1608.1,25.49,17.64
6/23/2015 20:20,42178.85,1606.3,25.48,17.64
6/23/2015 20:30,42178.85,1604.1,25.49,17.65
6/23/2015 20:40,42178.86,1602.2,25.49,17.65
6/23/2015 20:50,42178.87,1600.6,25.49,17.64
6/23/2015 21:00,42178.88,1598.8,25.49,17.65
6/23/2015 21:10,42178.88,1597.4,25.49,17.65
6/23/2015 21:20,42178.89,1596.1,25.49,17.64
6/23/2015 21:30,42178.90,1595.1,25.49,17.65
6/23/2015 21:40,42178.90,1593.9,25.49,17.64
6/23/2015 21:50,42178.91,1593,25.49,17.65
6/23/2015 22:00,42178.92,1591.9,25.49,17.65
6/23/2015 22:10,42178.92,1591.1,25.5,17.65
6/23/2015 22:20,42178.93,1589.9,25.49,17.64
6/23/2015 22:30,42178.94,1589.4,25.49,17.65
6/23/2015 22:40,42178.94,1588.5,25.49,17.64
6/23/2015 22:50,42178.95,1587.9,25.48,17.64
6/23/2015 23:00,42178.96,1587.4,25.48,17.64
6/23/2015 23:10,42178.97,1587.3,25.48,17.64
6/23/2015 23:20,42178.97,1587.2,25.48,17.64
6/23/2015 23:30,42178.98,1587.3,25.5,17.65
6/23/2015 23:40,42178.99,1587.6,25.5,17.65
6/23/2015 23:50,42178.99,1588.1,25.49,17.65
6/24/2015 0:00,42179.00,1588.5,25.5,17.65
6/24/2015 0:10,42179.01,1589.5,25.5,17.65
6/24/2015 0:20,42179.01,1590.2,25.49,17.65
6/24/2015 0:30,42179.02,1591.1,25.5,17.65
6/24/2015 0:40,42179.03,1592.5,25.49,17.65
6/24/2015 0:50,42179.03,1593.9,25.5,17.65
6/24/2015 1:00,42179.04,1595.3,25.5,17.65
6/24/2015 1:10,42179.05,1596.8,25.49,17.65
6/24/2015 1:20,42179.06,1598.4,25.49,17.65
6/24/2015 1:30,42179.06,1599.8,25.49,17.64
6/24/2015 1:40,42179.07,1601.1,25.5,17.65
6/24/2015 1:50,42179.08,1602.7,25.5,17.65
6/24/2015 2:00,42179.08,1604.5,25.49,17.64
6/24/2015 2:10,42179.09,1606.2,25.49,17.65
6/24/2015 2:20,42179.10,1608.3,25.49,17.65
6/24/2015 2:30,42179.10,1609.8,25.5,17.65
6/24/2015 2:40,42179.11,1611.6,25.5,17.65
6/24/2015 2:50,42179.12,1613.2,25.5,17.65
6/24/2015 3:00,42179.13,1614.7,25.5,17.65
6/24/2015 3:10,42179.13,1616.5,25.51,17.65
6/24/2015 3:20,42179.14,1617.8,25.51,17.65
6/24/2015 3:30,42179.15,1619.4,25.49,17.65
6/24/2015 3:40,42179.15,1620.5,25.49,17.64
6/24/2015 3:50,42179.16,1621.5,25.5,17.65
6/24/2015 4:00,42179.17,1622.6,25.49,17.65
6/24/2015 4:10,42179.17,1623.4,25.49,17.65
6/24/2015 4:20,42179.18,1624.1,25.49,17.64
6/24/2015 4:30,42179.19,1624.7,25.49,17.65
6/24/2015 4:40,42179.19,1625.1,25.49,17.65
6/24/2015 4:50,42179.20,1625.3,25.49,17.65
6/24/2015 5:00,42179.21,1625.6,25.51,17.65
6/24/2015 5:10,42179.22,1626,25.5,17.65
6/24/2015 5:20,42179.22,1625.8,25.5,17.65
6/24/2015 5:30,42179.23,1625.8,25.5,17.65
6/24/2015 5:40,42179.24,1625.3,25.49,17.65
6/24/2015 5:50,42179.24,1625,25.5,17.65
6/24/2015 6:00,42179.25,1624.7,25.51,17.66
6/24/2015 6:10,42179.26,1624,25.51,17.65
6/24/2015 6:20,42179.26,1623.1,25.5,17.65
6/24/2015 6:30,42179.27,1622.2,25.52,17.66
6/24/2015 6:40,42179.28,1621.2,25.5,17.65
6/24/2015 6:50,42179.28,1620.1,25.5,17.65
6/24/2015 7:00,42179.29,1618.7,25.5,17.65
6/24/2015 7:10,42179.30,1617.5,25.5,17.65
6/24/2015 7:20,42179.31,1616.1,25.51,17.65
6/24/2015 7:30,42179.31,1614.7,25.5,17.65
6/24/2015 7:40,42179.32,1613.3,25.49,17.65
6/24/2015 7:50,42179.33,1611.4,25.49,17.65
6/24/2015 8:00,42179.33,1609.8,25.49,17.64
6/24/2015 8:10,42179.34,1608.3,25.5,17.65
6/24/2015 8:20,42179.35,1606.7,25.49,17.65
6/24/2015 8:30,42179.35,1605.2,25.49,17.65
6/24/2015 8:40,42179.36,1603.6,25.49,17.65
6/24/2015 8:50,42179.37,1602,25.5,17.65
6/24/2015 9:00,42179.38,1600.6,25.49,17.64
6/24/2015 9:10,42179.38,1599.5,25.49,17.65
6/24/2015 9:20,42179.39,1598.2,25.49,17.64
6/24/2015 9:30,42179.40,1597.1,25.48,17.64
6/24/2015 9:40,42179.40,1595.8,25.49,17.64
6/24/2015 9:50,42179.41,1594.7,25.48,17.64
6/24/2015 10:00,42179.42,1593.9,25.49,17.64
6/24/2015 10:10,42179.42,1593,25.49,17.64
6/24/2015 10:20,42179.43,1592.3,25.49,17.64
6/24/2015 10:30,42179.44,1591.5,25.49,17.64
6/24/2015 10:40,42179.44,1590.9,25.49,17.65
6/24/2015 10:50,42179.45,1590.6,25.49,17.65
6/24/2015 11:00,42179.46,1590.2,25.49,17.65
6/24/2015 11:10,42179.47,1589.9,25.49,17.64
6/24/2015 11:20,42179.47,1589.8,25.48,17.64
6/24/2015 11:30,42179.48,1589.5,25.49,17.65
6/24/2015 11:40,42179.49,1589.9,25.5,17.65
6/24/2015 11:50,42179.49,1590.2,25.49,17.65
6/24/2015 12:00,42179.50,1590.6,25.49,17.65
6/24/2015 12:10,42179.51,1591.2,25.48,17.64
6/24/2015 12:20,42179.51,1591.8,25.49,17.64
6/24/2015 12:30,42179.52,1592.3,25.49,17.64
6/24/2015 12:40,42179.53,1593.2,25.49,17.65
6/24/2015 12:50,42179.53,1594.2,25.49,17.65
6/24/2015 13:00,42179.54,1595.3,25.49,17.65
6/24/2015 13:10,42179.55,1596.3,25.49,17.64
6/24/2015 13:20,42179.56,1597.7,25.49,17.64
6/24/2015 13:30,42179.56,1599.1,25.49,17.65
6/24/2015 13:40,42179.57,1600.3,25.5,17.65
6/24/2015 13:50,42179.58,1601.8,25.49,17.65
6/24/2015 14:00,42179.58,1603.2,25.5,17.65
6/24/2015 14:10,42179.59,1604.8,25.5,17.65
6/24/2015 14:20,42179.60,1606.4,25.5,17.65
6/24/2015 14:30,42179.60,1608.1,25.5,17.65
6/24/2015 14:40,42179.61,1609.8,25.5,17.65
6/24/2015 14:50,42179.62,1611.6,25.5,17.65
6/24/2015 15:00,42179.63,1613.2,25.5,17.65
6/24/2015 15:10,42179.63,1614.6,25.5,17.65
6/24/2015 15:20,42179.64,1616,25.5,17.65
6/24/2015 15:30,42179.65,1617.1,25.5,17.65
6/24/2015 15:40,42179.65,1618.2,25.49,17.65
6/24/2015 15:50,42179.66,1619.4,25.49,17.65
6/24/2015 16:00,42179.67,1620.6,25.5,17.65
6/24/2015 16:10,42179.67,1621.5,25.5,17.65
6/24/2015 16:20,42179.68,1622.2,25.5,17.65
6/24/2015 16:30,42179.69,1622.7,25.5,17.65
6/24/2015 16:40,42179.69,1623.4,25.49,17.65
6/24/2015 16:50,42179.70,1624,25.49,17.65
6/24/2015 17:00,42179.71,1624.1,25.5,17.65
6/24/2015 17:10,42179.72,1624.5,25.51,17.65
6/24/2015 17:20,42179.72,1624.3,25.49,17.65
6/24/2015 17:30,42179.73,1624.3,25.5,17.65
6/24/2015 17:40,42179.74,1624,25.49,17.65
6/24/2015 17:50,42179.74,1623.6,25.5,17.65
6/24/2015 18:00,42179.75,1623.4,25.5,17.65
6/24/2015 18:10,42179.76,1622.9,25.5,17.65
6/24/2015 18:20,42179.76,1622.4,25.49,17.64
6/24/2015 18:30,42179.77,1621.9,25.5,17.65
6/24/2015 18:40,42179.78,1620.8,25.49,17.65
6/24/2015 18:50,42179.78,1619.6,25.49,17.65
6/24/2015 19:00,42179.79,1618.5,25.49,17.65
6/24/2015 19:10,42179.80,1617.5,25.49,17.64
6/24/2015 19:20,42179.81,1616.1,25.49,17.65
6/24/2015 19:30,42179.81,1614.9,25.49,17.65
6/24/2015 19:40,42179.82,1613.3,25.49,17.65
6/24/2015 19:50,42179.83,1611.9,25.5,17.65
6/24/2015 20:00,42179.83,1610.4,25.51,17.65
6/24/2015 20:10,42179.84,1609.1,25.5,17.65
6/24/2015 20:20,42179.85,1607.6,25.5,17.65
6/24/2015 20:30,42179.85,1606,25.49,17.64
6/24/2015 20:40,42179.86,1604.5,25.5,17.65
6/24/2015 20:50,42179.87,1603.1,25.49,17.65
6/24/2015 21:00,42179.88,1601.7,25.49,17.64
6/24/2015 21:10,42179.88,1600.3,25.5,17.65
6/24/2015 21:20,42179.89,1599.1,25.5,17.65
6/24/2015 21:30,42179.90,1597.5,25.49,17.65
6/24/2015 21:40,42179.90,1596.3,25.49,17.65
6/24/2015 21:50,42179.91,1594.9,25.49,17.65
6/24/2015 22:00,42179.92,1594,25.48,17.64
6/24/2015 22:10,42179.92,1592.8,25.49,17.65
6/24/2015 22:20,42179.93,1591.6,25.49,17.65
6/24/2015 22:30,42179.94,1590.6,25.48,17.64
6/24/2015 22:40,42179.94,1589.5,25.49,17.64
6/24/2015 22:50,42179.95,1588.8,25.5,17.65
6/24/2015 23:00,42179.96,1588,25.49,17.65
6/24/2015 23:10,42179.97,1587.4,25.49,17.65
6/24/2015 23:20,42179.97,1586.9,25.49,17.65
6/24/2015 23:30,42179.98,1586.2,25.49,17.65
6/24/2015 23:40,42179.99,1585.9,25.49,17.65
6/24/2015 23:50,42179.99,1585.3,25.49,17.64
6/25/2015 0:00,42180.00,1585,25.49,17.64
6/25/2015 0:10,42180.01,1585.2,25.49,17.64
6/25/2015 0:20,42180.01,1585.2,25.49,17.65
6/25/2015 0:30,42180.02,1585.3,25.49,17.65
6/25/2015 0:40,42180.03,1585.7,25.5,17.65
6/25/2015 0:50,42180.03,1586.4,25.5,17.65
6/25/2015 1:00,42180.04,1587.1,25.49,17.65
6/25/2015 1:10,42180.05,1588,25.49,17.65
6/25/2015 1:20,42180.06,1588.8,25.48,17.64
6/25/2015 1:30,42180.06,1589.9,25.49,17.64
6/25/2015 1:40,42180.07,1591.3,25.48,17.64
6/25/2015 1:50,42180.08,1592.6,25.49,17.64
6/25/2015 2:00,42180.08,1593.9,25.49,17.65
6/25/2015 2:10,42180.09,1595.6,25.49,17.64
6/25/2015 2:20,42180.10,1596.7,25.5,17.65
6/25/2015 2:30,42180.10,1597.9,25.5,17.65
6/25/2015 2:40,42180.11,1599.5,25.49,17.65
6/25/2015 2:50,42180.12,1601,25.5,17.65
6/25/2015 3:00,42180.13,1602.5,25.5,17.65
6/25/2015 3:10,42180.13,1604.1,25.51,17.65
6/25/2015 3:20,42180.14,1605.9,25.52,17.66
6/25/2015 3:30,42180.15,1607.4,25.5,17.65
6/25/2015 3:40,42180.15,1608.8,25.5,17.65
6/25/2015 3:50,42180.16,1610.5,25.51,17.65
6/25/2015 4:00,42180.17,1611.8,25.51,17.65
6/25/2015 4:10,42180.17,1613.3,25.5,17.65
6/25/2015 4:20,42180.18,1614.7,25.5,17.65
6/25/2015 4:30,42180.19,1616,25.5,17.65
6/25/2015 4:40,42180.19,1616.8,25.5,17.65
6/25/2015 4:50,42180.20,1617.7,25.49,17.65
6/25/2015 5:00,42180.21,1618.9,25.5,17.65
6/25/2015 5:10,42180.22,1619.6,25.5,17.65
6/25/2015 5:20,42180.22,1620.3,25.5,17.65
6/25/2015 5:30,42180.23,1621,25.49,17.65
6/25/2015 5:40,42180.24,1621.2,25.51,17.65
6/25/2015 5:50,42180.24,1621.5,25.51,17.65
6/25/2015 6:00,42180.25,1621.6,25.52,17.66
6/25/2015 6:10,42180.26,1621.9,25.52,17.66
6/25/2015 6:20,42180.26,1621.7,25.5,17.65
6/25/2015 6:30,42180.27,1621.3,25.5,17.65
6/25/2015 6:40,42180.28,1621,25.5,17.65
6/25/2015 6:50,42180.28,1620.5,25.49,17.65
6/25/2015 7:00,42180.29,1620.1,25.5,17.65
6/25/2015 7:10,42180.30,1619.2,25.5,17.65
6/25/2015 7:20,42180.31,1618.5,25.5,17.65
6/25/2015 7:30,42180.31,1617.7,25.5,17.65
6/25/2015 7:40,42180.32,1616.7,25.51,17.65
6/25/2015 7:50,42180.33,1615.4,25.51,17.65
6/25/2015 8:00,42180.33,1614.4,25.5,17.65
6/25/2015 8:10,42180.34,1613.2,25.5,17.65
6/25/2015 8:20,42180.35,1611.8,25.49,17.65
6/25/2015 8:30,42180.35,1610.5,25.49,17.65
6/25/2015 8:40,42180.36,1609.1,25.5,17.65
6/25/2015 8:50,42180.37,1607.6,25.5,17.65
6/25/2015 9:00,42180.38,1606,25.49,17.65
6/25/2015 9:10,42180.38,1604.6,25.49,17.65
6/25/2015 9:20,42180.39,1603.4,25.49,17.65
6/25/2015 9:30,42180.40,1601.8,25.49,17.65
6/25/2015 9:40,42180.40,1600.4,25.5,17.65
6/25/2015 9:50,42180.41,1599.1,25.5,17.65
6/25/2015 10:00,42180.42,1597.9,25.5,17.65
6/25/2015 10:10,42180.42,1596.7,25.49,17.65
6/25/2015 10:20,42180.43,1595.3,25.49,17.65
6/25/2015 10:30,42180.44,1594,25.49,17.65
6/25/2015 10:40,42180.44,1592.8,25.49,17.65
6/25/2015 10:50,42180.45,1592.1,25.49,17.65
6/25/2015 11:00,42180.46,1590.9,25.5,17.65
6/25/2015 11:10,42180.47,1590.4,25.49,17.65
6/25/2015 11:20,42180.47,1589.7,25.5,17.65
6/25/2015 11:30,42180.48,1589,25.49,17.65
6/25/2015 11:40,42180.49,1588.8,25.49,17.65
6/25/2015 11:50,42180.49,1588,25.5,17.65
6/25/2015 12:00,42180.50,1587.4,25.5,17.65
6/25/2015 12:10,42180.51,1587.1,25.49,17.65
6/25/2015 12:20,42180.51,1587.1,25.49,17.65
6/25/2015 12:30,42180.52,1586.7,25.49,17.65
6/25/2015 12:40,42180.53,1586.7,25.49,17.65
6/25/2015 12:50,42180.53,1586.9,25.5,17.65
6/25/2015 13:00,42180.54,1587.1,25.49,17.65
6/25/2015 13:10,42180.55,1587.6,25.5,17.65
6/25/2015 13:20,42180.56,1588,25.5,17.65
6/25/2015 13:30,42180.56,1588.7,25.5,17.65
6/25/2015 13:40,42180.57,1589.5,25.49,17.64
6/25/2015 13:50,42180.58,1590.3,25.48,17.64
6/25/2015 14:00,42180.58,1590.9,25.49,17.65
6/25/2015 14:10,42180.59,1592.1,25.49,17.65
6/25/2015 14:20,42180.60,1593.2,25.49,17.65
6/25/2015 14:30,42180.60,1594.4,25.49,17.64
6/25/2015 14:40,42180.61,1595.8,25.49,17.65
6/25/2015 14:50,42180.62,1596.8,25.49,17.65
6/25/2015 15:00,42180.63,1598.4,25.5,17.65
6/25/2015 15:10,42180.63,1599.8,25.5,17.65
6/25/2015 15:20,42180.64,1601.3,25.51,17.65
6/25/2015 15:30,42180.65,1602.9,25.51,17.66
6/25/2015 15:40,42180.65,1604.5,25.51,17.65
6/25/2015 15:50,42180.66,1606,25.5,17.65
6/25/2015 16:00,42180.67,1607.4,25.5,17.65
6/25/2015 16:10,42180.67,1608.6,25.49,17.65
6/25/2015 16:20,42180.68,1609.8,25.49,17.65
6/25/2015 16:30,42180.69,1611.2,25.5,17.65
6/25/2015 16:40,42180.69,1612.5,25.51,17.65
6/25/2015 16:50,42180.70,1613.5,25.49,17.65
6/25/2015 17:00,42180.71,1614.7,25.5,17.65
6/25/2015 17:10,42180.72,1615.6,25.5,17.65
6/25/2015 17:20,42180.72,1616.5,25.5,17.65
6/25/2015 17:30,42180.73,1617,25.5,17.65
6/25/2015 17:40,42180.74,1617.5,25.5,17.65
6/25/2015 17:50,42180.74,1618.2,25.5,17.65
6/25/2015 18:00,42180.75,1618.5,25.5,17.65
6/25/2015 18:10,42180.76,1619.1,25.5,17.65
6/25/2015 18:20,42180.76,1619.2,25.5,17.65
6/25/2015 18:30,42180.77,1619.1,25.5,17.65
6/25/2015 18:40,42180.78,1618.9,25.5,17.65
6/25/2015 18:50,42180.78,1618.4,25.5,17.65
6/25/2015 19:00,42180.79,1618.2,25.49,17.65
6/25/2015 19:10,42180.80,1617.5,25.49,17.65
6/25/2015 19:20,42180.81,1616.8,25.49,17.65
6/25/2015 19:30,42180.81,1615.8,25.5,17.65
6/25/2015 19:40,42180.82,1615.3,25.5,17.65
6/25/2015 19:50,42180.83,1613.9,25.5,17.65
6/25/2015 20:00,42180.83,1612.8,25.5,17.65
6/25/2015 20:10,42180.84,1611.6,25.5,17.65
6/25/2015 20:20,42180.85,1610.5,25.51,17.65
6/25/2015 20:30,42180.85,1609.3,25.51,17.65
6/25/2015 20:40,42180.86,1607.8,25.51,17.66
6/25/2015 20:50,42180.87,1606.4,25.5,17.65
6/25/2015 21:00,42180.88,1605,25.5,17.65
6/25/2015 21:10,42180.88,1603.4,25.49,17.65
6/25/2015 21:20,42180.89,1602.2,25.49,17.65
6/25/2015 21:30,42180.90,1600.6,25.49,17.64
6/25/2015 21:40,42180.90,1599.3,25.49,17.65
6/25/2015 21:50,42180.91,1598.1,25.49,17.65
6/25/2015 22:00,42180.92,1596.8,25.48,17.64
6/25/2015 22:10,42180.92,1595.3,25.49,17.64
6/25/2015 22:20,42180.93,1594.2,25.49,17.65
6/25/2015 22:30,42180.94,1593.2,25.5,17.65
6/25/2015 22:40,42180.94,1591.9,25.51,17.65
6/25/2015 22:50,42180.95,1590.9,25.5,17.65
6/25/2015 23:00,42180.96,1589.9,25.5,17.65
6/25/2015 23:10,42180.97,1589,25.5,17.65
6/25/2015 23:20,42180.97,1588,25.49,17.65
6/25/2015 23:30,42180.98,1586.9,25.49,17.65
6/25/2015 23:40,42180.99,1586,25.49,17.65
6/25/2015 23:50,42180.99,1585.3,25.5,17.65
6/26/2015 0:00,42181.00,1584.5,25.5,17.65
6/26/2015 0:10,42181.01,1583.8,25.5,17.65
6/26/2015 0:20,42181.01,1583.3,25.5,17.65
6/26/2015 0:30,42181.02,1582.8,25.5,17.65
6/26/2015 0:40,42181.03,1582.4,25.5,17.65
6/26/2015 0:50,42181.03,1582.1,25.49,17.65
6/26/2015 1:00,42181.04,1581.7,25.49,17.65
6/26/2015 1:10,42181.05,1581.7,25.49,17.65
6/26/2015 1:20,42181.06,1581.9,25.49,17.65
6/26/2015 1:30,42181.06,1582.2,25.49,17.65
6/26/2015 1:40,42181.07,1582.9,25.49,17.64
6/26/2015 1:50,42181.08,1583.3,25.49,17.65
6/26/2015 2:00,42181.08,1583.9,25.49,17.65
6/26/2015 2:10,42181.09,1584.6,25.5,17.65
6/26/2015 2:20,42181.10,1585.5,25.5,17.65
6/26/2015 2:30,42181.10,1586.9,25.5,17.65
6/26/2015 2:40,42181.11,1588,25.51,17.65
6/26/2015 2:50,42181.12,1589.2,25.49,17.65
6/26/2015 3:00,42181.13,1590.2,25.49,17.65
6/26/2015 3:10,42181.13,1591.5,25.49,17.65
6/26/2015 3:20,42181.14,1592.6,25.5,17.65
6/26/2015 3:30,42181.15,1594.2,25.5,17.65
6/26/2015 3:40,42181.15,1595.6,25.49,17.65
6/26/2015 3:50,42181.16,1597,25.49,17.65
6/26/2015 4:00,42181.17,1598.6,25.5,17.65
6/26/2015 4:10,42181.17,1600.3,25.51,17.65
6/26/2015 4:20,42181.18,1601.7,25.49,17.65
6/26/2015 4:30,42181.19,1603.4,25.5,17.65
6/26/2015 4:40,42181.19,1605.3,25.5,17.65
6/26/2015 4:50,42181.20,1606.6,25.5,17.65
6/26/2015 5:00,42181.21,1608.3,25.5,17.65
6/26/2015 5:10,42181.22,1609.8,25.51,17.65
6/26/2015 5:20,42181.22,1611.2,25.51,17.65
6/26/2015 5:30,42181.23,1612.6,25.5,17.65
6/26/2015 5:40,42181.24,1613.9,25.5,17.65
6/26/2015 5:50,42181.24,1615.1,25.49,17.65
6/26/2015 6:00,42181.25,1616,25.49,17.65
6/26/2015 6:10,42181.26,1616.8,25.49,17.65
6/26/2015 6:20,42181.26,1617.5,25.49,17.65
6/26/2015 6:30,42181.27,1618.2,25.51,17.65
6/26/2015 6:40,42181.28,1618.9,25.49,17.65
6/26/2015 6:50,42181.28,1619.2,25.5,17.65
6/26/2015 7:00,42181.29,1619.8,25.49,17.65
6/26/2015 7:10,42181.30,1619.9,25.49,17.65
6/26/2015 7:20,42181.31,1619.9,25.5,17.65
6/26/2015 7:30,42181.31,1620.1,25.5,17.65
6/26/2015 7:40,42181.32,1619.9,25.49,17.65
6/26/2015 7:50,42181.33,1619.8,25.49,17.65
6/26/2015 8:00,42181.33,1619.4,25.5,17.65
6/26/2015 8:10,42181.34,1618.9,25.5,17.65
6/26/2015 8:20,42181.35,1618.4,25.49,17.65
6/26/2015 8:30,42181.35,1617.8,25.49,17.65
6/26/2015 8:40,42181.36,1616.8,25.5,17.65
6/26/2015 8:50,42181.37,1616,25.5,17.65
6/26/2015 9:00,42181.38,1614.9,25.5,17.65
6/26/2015 9:10,42181.38,1613.7,25.5,17.65
6/26/2015 9:20,42181.39,1612.6,25.5,17.65
6/26/2015 9:30,42181.40,1611.2,25.49,17.65
6/26/2015 9:40,42181.40,1610,25.49,17.65
6/26/2015 9:50,42181.41,1608.4,25.49,17.65
6/26/2015 10:00,42181.42,1607.1,25.49,17.65
6/26/2015 10:10,42181.42,1605.7,25.5,17.65
6/26/2015 10:20,42181.43,1604.1,25.49,17.65
6/26/2015 10:30,42181.44,1603.1,25.49,17.64
6/26/2015 10:40,42181.44,1601.5,25.49,17.65
6/26/2015 10:50,42181.45,1600.1,25.49,17.64
6/26/2015 11:00,42181.46,1598.8,25.49,17.65
6/26/2015 11:10,42181.47,1597.4,25.49,17.65
6/26/2015 11:20,42181.47,1596.1,25.49,17.64
6/26/2015 11:30,42181.48,1595.1,25.49,17.65
6/26/2015 11:40,42181.49,1593.9,25.49,17.65
6/26/2015 11:50,42181.49,1592.6,25.49,17.65
6/26/2015 12:00,42181.50,1591.5,25.49,17.64
6/26/2015 12:10,42181.51,1590.4,25.49,17.65
6/26/2015 12:20,42181.51,1589.4,25.49,17.64
6/26/2015 12:30,42181.52,1588.5,25.49,17.64
6/26/2015 12:40,42181.53,1587.6,25.49,17.65
6/26/2015 12:50,42181.53,1586.9,25.48,17.64
6/26/2015 13:00,42181.54,1586,25.49,17.65
6/26/2015 13:10,42181.55,1585.3,25.49,17.65
6/26/2015 13:20,42181.56,1585.2,25.49,17.65
6/26/2015 13:30,42181.56,1584.8,25.49,17.65
6/26/2015 13:40,42181.57,1584.8,25.49,17.64
6/26/2015 13:50,42181.58,1585,25.5,17.65
6/26/2015 14:00,42181.58,1584.8,25.49,17.64
6/26/2015 14:10,42181.59,1585,25.5,17.65
6/26/2015 14:20,42181.60,1585.8,25.48,17.64
6/26/2015 14:30,42181.60,1586.2,25.49,17.65
6/26/2015 14:40,42181.61,1586.9,25.49,17.65
6/26/2015 14:50,42181.62,1587.8,25.49,17.65
6/26/2015 15:00,42181.63,1588.5,25.49,17.65
6/26/2015 15:10,42181.63,1589.7,25.49,17.65
6/26/2015 15:20,42181.64,1590.8,25.5,17.65
6/26/2015 15:30,42181.65,1591.8,25.5,17.65
6/26/2015 15:40,42181.65,1592.8,25.51,17.66
6/26/2015 15:50,42181.66,1594.2,25.5,17.65
6/26/2015 16:00,42181.67,1595.3,25.5,17.65
6/26/2015 16:10,42181.67,1596.3,25.49,17.65
6/26/2015 16:20,42181.68,1597.9,25.49,17.65
6/26/2015 16:30,42181.69,1599.3,25.5,17.65
6/26/2015 16:40,42181.69,1600.6,25.49,17.65
6/26/2015 16:50,42181.70,1602.2,25.5,17.65
6/26/2015 17:00,42181.71,1603.4,25.49,17.65
6/26/2015 17:10,42181.72,1605,25.49,17.64
6/26/2015 17:20,42181.72,1606.6,25.49,17.65
6/26/2015 17:30,42181.73,1608,25.49,17.65
6/26/2015 17:40,42181.74,1609.3,25.49,17.65
6/26/2015 17:50,42181.74,1610.7,25.49,17.65
6/26/2015 18:00,42181.75,1611.9,25.49,17.65
6/26/2015 18:10,42181.76,1613.2,25.5,17.65
6/26/2015 18:20,42181.76,1614.2,25.49,17.65
6/26/2015 18:30,42181.77,1615.1,25.5,17.65
6/26/2015 18:40,42181.78,1616,25.49,17.65
6/26/2015 18:50,42181.78,1616.8,25.49,17.65
6/26/2015 19:00,42181.79,1617.1,25.49,17.65
6/26/2015 19:10,42181.80,1617.8,25.49,17.65
6/26/2015 19:20,42181.81,1618.2,25.49,17.65
6/26/2015 19:30,42181.81,1618.5,25.5,17.65
6/26/2015 19:40,42181.82,1618.7,25.5,17.65
6/26/2015 19:50,42181.83,1618.7,25.51,17.65
6/26/2015 20:00,42181.83,1618.4,25.5,17.65
6/26/2015 20:10,42181.84,1618,25.49,17.65
6/26/2015 20:20,42181.85,1617.7,25.5,17.65
6/26/2015 20:30,42181.85,1617,25.5,17.65
6/26/2015 20:40,42181.86,1616.3,25.5,17.65
6/26/2015 20:50,42181.87,1615.4,25.5,17.65
6/26/2015 21:00,42181.88,1614.4,25.51,17.65
6/26/2015 21:10,42181.88,1613.4,25.52,17.66
6/26/2015 21:20,42181.89,1612.3,25.52,17.66
6/26/2015 21:30,42181.90,1610.7,25.53,17.64
6/26/2015 21:40,42181.90,1609.5,25.52,17.66
6/26/2015 21:50,42181.91,1608.1,25.53,17.64
6/26/2015 22:00,42181.92,1606.7,25.53,17.64
6/26/2015 22:10,42181.92,1605.2,25.51,17.65
6/26/2015 22:20,42181.93,1603.4,25.5,17.65
6/26/2015 22:30,42181.94,1601.8,25.51,17.65
6/26/2015 22:40,42181.94,1600.1,25.5,17.65
6/26/2015 22:50,42181.95,1598.6,25.5,17.65
6/26/2015 23:00,42181.96,1597.4,25.49,17.65
6/26/2015 23:10,42181.97,1596,25.49,17.65
6/26/2015 23:20,42181.97,1594.7,25.49,17.65
6/26/2015 23:30,42181.98,1593.5,25.5,17.65
6/26/2015 23:40,42181.99,1592.3,25.5,17.65
6/26/2015 23:50,42181.99,1591.6,25.49,17.65
6/27/2015 0:00,42182.00,1590.6,25.49,17.65
6/27/2015 0:10,42182.01,1589.7,25.5,17.65
6/27/2015 0:20,42182.01,1588.8,25.5,17.65
6/27/2015 0:30,42182.02,1588,25.49,17.65
6/27/2015 0:40,42182.03,1586.7,25.49,17.65
6/27/2015 0:50,42182.03,1585.7,25.49,17.65
6/27/2015 1:00,42182.04,1585,25.49,17.65
6/27/2015 1:10,42182.05,1584.1,25.5,17.65
6/27/2015 1:20,42182.06,1583.4,25.49,17.65
6/27/2015 1:30,42182.06,1582.9,25.5,17.65
6/27/2015 1:40,42182.07,1582.4,25.5,17.65
6/27/2015 1:50,42182.08,1581.7,25.5,17.65
6/27/2015 2:00,42182.08,1581.4,25.5,17.65
6/27/2015 2:10,42182.09,1581.4,25.49,17.65
6/27/2015 2:20,42182.10,1580.8,25.49,17.65
6/27/2015 2:30,42182.10,1581,25.5,17.65
6/27/2015 2:40,42182.11,1581.2,25.49,17.65
6/27/2015 2:50,42182.12,1581.5,25.5,17.65
6/27/2015 3:00,42182.13,1582.1,25.5,17.65
6/27/2015 3:10,42182.13,1582.8,25.5,17.65
6/27/2015 3:20,42182.14,1583.3,25.49,17.65
6/27/2015 3:30,42182.15,1584.3,25.49,17.65
6/27/2015 3:40,42182.15,1585.2,25.49,17.65
6/27/2015 3:50,42182.16,1586.4,25.5,17.65
6/27/2015 4:00,42182.17,1587.4,25.5,17.65
6/27/2015 4:10,42182.17,1588.8,25.5,17.65
6/27/2015 4:20,42182.18,1589.9,25.5,17.65
6/27/2015 4:30,42182.19,1591.6,25.5,17.65
6/27/2015 4:40,42182.19,1593,25.51,17.65
6/27/2015 4:50,42182.20,1594.6,25.5,17.65
6/27/2015 5:00,42182.21,1596.1,25.49,17.65
6/27/2015 5:10,42182.22,1598.1,25.5,17.65
6/27/2015 5:20,42182.22,1600,25.5,17.65
6/27/2015 5:30,42182.23,1601.7,25.5,17.65
6/27/2015 5:40,42182.24,1603.6,25.5,17.65
6/27/2015 5:50,42182.24,1605.2,25.5,17.65
6/27/2015 6:00,42182.25,1606.9,25.5,17.65
6/27/2015 6:10,42182.26,1608.6,25.49,17.65
6/27/2015 6:20,42182.26,1610,25.49,17.65
6/27/2015 6:30,42182.27,1611.8,25.5,17.65
6/27/2015 6:40,42182.28,1613.3,25.5,17.65
6/27/2015 6:50,42182.28,1614.7,25.5,17.65
6/27/2015 7:00,42182.29,1616.1,25.5,17.65
6/27/2015 7:10,42182.30,1617.1,25.5,17.65
6/27/2015 7:20,42182.31,1618.4,25.5,17.65
6/27/2015 7:30,42182.31,1619.4,25.5,17.65
6/27/2015 7:40,42182.32,1620.3,25.5,17.65
6/27/2015 7:50,42182.33,1621.2,25.5,17.65
6/27/2015 8:00,42182.33,1621.5,25.5,17.65
6/27/2015 8:10,42182.34,1622,25.51,17.65
6/27/2015 8:20,42182.35,1622.6,25.5,17.65
6/27/2015 8:30,42182.35,1622.9,25.5,17.65
6/27/2015 8:40,42182.36,1623.1,25.5,17.65
6/27/2015 8:50,42182.37,1623.3,25.5,17.65
6/27/2015 9:00,42182.38,1623.1,25.51,17.65
6/27/2015 9:10,42182.38,1623.3,25.5,17.65
6/27/2015 9:20,42182.39,1623.3,25.5,17.65
6/27/2015 9:30,42182.40,1622.9,25.5,17.65
6/27/2015 9:40,42182.40,1622.7,25.5,17.65
6/27/2015 9:50,42182.41,1621.9,25.5,17.65
6/27/2015 10:00,42182.42,1621,25.51,17.65
6/27/2015 10:10,42182.42,1620.1,25.5,17.65
6/27/2015 10:20,42182.43,1619.1,25.5,17.65
6/27/2015 10:30,42182.44,1617.8,25.5,17.65
6/27/2015 10:40,42182.44,1616.7,25.5,17.65
6/27/2015 10:50,42182.45,1615.1,25.5,17.65
6/27/2015 11:00,42182.46,1613.7,25.49,17.65
6/27/2015 11:10,42182.47,1612.3,25.49,17.65
6/27/2015 11:20,42182.47,1610.5,25.5,17.65
6/27/2015 11:30,42182.48,1609,25.49,17.65
6/27/2015 11:40,42182.49,1607.4,25.5,17.65
6/27/2015 11:50,42182.49,1605.9,25.49,17.65
6/27/2015 12:00,42182.50,1604.3,25.5,17.65
6/27/2015 12:10,42182.51,1602.9,25.49,17.65
6/27/2015 12:20,42182.51,1601.3,25.5,17.65
6/27/2015 12:30,42182.52,1600.1,25.51,17.65
6/27/2015 12:40,42182.53,1598.4,25.51,17.66
6/27/2015 12:50,42182.53,1597,25.51,17.65
6/27/2015 13:00,42182.54,1595.6,25.5,17.65
6/27/2015 13:10,42182.55,1594.2,25.5,17.65
6/27/2015 13:20,42182.56,1593,25.5,17.65
6/27/2015 13:30,42182.56,1591.9,25.5,17.65
6/27/2015 13:40,42182.57,1590.9,25.5,17.65
6/27/2015 13:50,42182.58,1589.9,25.51,17.65
6/27/2015 14:00,42182.58,1589.2,25.5,17.65
6/27/2015 14:10,42182.59,1588.1,25.5,17.65
6/27/2015 14:20,42182.60,1587.6,25.49,17.65
6/27/2015 14:30,42182.60,1586.6,25.5,17.65
6/27/2015 14:40,42182.61,1585.9,25.49,17.65
6/27/2015 14:50,42182.62,1585.3,25.5,17.65
6/27/2015 15:00,42182.63,1584.8,25.5,17.65
6/27/2015 15:10,42182.63,1585,25.5,17.65
6/27/2015 15:20,42182.64,1584.8,25.5,17.65
6/27/2015 15:30,42182.65,1584.8,25.49,17.65
6/27/2015 15:40,42182.65,1585,25.5,17.65
6/27/2015 15:50,42182.66,1585.3,25.49,17.65
6/27/2015 16:00,42182.67,1585.9,25.49,17.65
6/27/2015 16:10,42182.67,1586.7,25.49,17.65
6/27/2015 16:20,42182.68,1587.8,25.5,17.65
6/27/2015 16:30,42182.69,1588.8,25.5,17.65
6/27/2015 16:40,42182.69,1590.2,25.5,17.65
6/27/2015 16:50,42182.70,1591.5,25.5,17.65
6/27/2015 17:00,42182.71,1592.8,25.5,17.65
6/27/2015 17:10,42182.72,1594.4,25.5,17.65
6/27/2015 17:20,42182.72,1596,25.5,17.65
6/27/2015 17:30,42182.73,1597.5,25.5,17.65
6/27/2015 17:40,42182.74,1599.1,25.51,17.66
6/27/2015 17:50,42182.74,1600.6,25.5,17.65
6/27/2015 18:00,42182.75,1602.4,25.51,17.65
6/27/2015 18:10,42182.76,1604.3,25.5,17.65
6/27/2015 18:20,42182.76,1606,25.5,17.65
6/27/2015 18:30,42182.77,1608,25.51,17.65
6/27/2015 18:40,42182.78,1609.7,25.5,17.65
6/27/2015 18:50,42182.78,1611.6,25.5,17.65
6/27/2015 19:00,42182.79,1613,25.51,17.65
6/27/2015 19:10,42182.80,1614.6,25.51,17.65
6/27/2015 19:20,42182.81,1616.1,25.51,17.66
6/27/2015 19:30,42182.81,1617.3,25.51,17.66
6/27/2015 19:40,42182.82,1618.9,25.52,17.66
6/27/2015 19:50,42182.83,1619.8,25.53,17.64
6/27/2015 20:00,42182.83,1620.8,25.53,17.64
6/27/2015 20:10,42182.84,1621.9,25.51,17.65
6/27/2015 20:20,42182.85,1622.4,25.51,17.65
6/27/2015 20:30,42182.85,1622.9,25.5,17.65
6/27/2015 20:40,42182.86,1623.6,25.5,17.65
6/27/2015 20:50,42182.87,1624,25.49,17.65
6/27/2015 21:00,42182.88,1624.1,25.49,17.65
6/27/2015 21:10,42182.88,1624.5,25.5,17.65
6/27/2015 21:20,42182.89,1624.7,25.49,17.65
6/27/2015 21:30,42182.90,1624.5,25.5,17.65
6/27/2015 21:40,42182.90,1624.3,25.5,17.65
6/27/2015 21:50,42182.91,1624,25.5,17.65
6/27/2015 22:00,42182.92,1623.3,25.51,17.65
6/27/2015 22:10,42182.92,1622.4,25.5,17.65
6/27/2015 22:20,42182.93,1621.7,25.5,17.65
6/27/2015 22:30,42182.94,1620.5,25.5,17.65
6/27/2015 22:40,42182.94,1619.2,25.5,17.65
6/27/2015 22:50,42182.95,1617.7,25.5,17.65
6/27/2015 23:00,42182.96,1616.1,25.5,17.65
6/27/2015 23:10,42182.97,1614.6,25.5,17.65
6/27/2015 23:20,42182.97,1612.8,25.5,17.65
6/27/2015 23:30,42182.98,1611.4,25.5,17.65
6/27/2015 23:40,42182.99,1609.8,25.5,17.65
6/27/2015 23:50,42182.99,1608,25.51,17.66
6/28/2015 0:00,42183.00,1606,25.51,17.65
6/28/2015 0:10,42183.01,1604.5,25.5,17.65
6/28/2015 0:20,42183.01,1602.7,25.5,17.65
6/28/2015 0:30,42183.02,1601.1,25.5,17.65
6/28/2015 0:40,42183.03,1599.5,25.5,17.65
6/28/2015 0:50,42183.03,1597.9,25.49,17.65
6/28/2015 1:00,42183.04,1596.3,25.5,17.65
6/28/2015 1:10,42183.05,1595.1,25.5,17.65
6/28/2015 1:20,42183.06,1593.9,25.49,17.65
6/28/2015 1:30,42183.06,1592.6,25.5,17.65
6/28/2015 1:40,42183.07,1591.6,25.5,17.65
6/28/2015 1:50,42183.08,1590.8,25.51,17.65
6/28/2015 2:00,42183.08,1589.5,25.51,17.65
6/28/2015 2:10,42183.09,1588.8,25.5,17.65
6/28/2015 2:20,42183.10,1588,25.5,17.65
6/28/2015 2:30,42183.10,1587.4,25.5,17.65
6/28/2015 2:40,42183.11,1586.6,25.5,17.65
6/28/2015 2:50,42183.12,1585.9,25.5,17.65
6/28/2015 3:00,42183.13,1585.7,25.51,17.66
6/28/2015 3:10,42183.13,1585.3,25.51,17.65
6/28/2015 3:20,42183.14,1585,25.51,17.65
6/28/2015 3:30,42183.15,1585.2,25.5,17.65
6/28/2015 3:40,42183.15,1585.2,25.5,17.65
6/28/2015 3:50,42183.16,1585.7,25.49,17.65
6/28/2015 4:00,42183.17,1586,25.5,17.65
6/28/2015 4:10,42183.17,1586.7,25.5,17.65
6/28/2015 4:20,42183.18,1587.8,25.49,17.65
6/28/2015 4:30,42183.19,1588.8,25.5,17.65
6/28/2015 4:40,42183.19,1590.6,25.5,17.65
6/28/2015 4:50,42183.20,1591.6,25.51,17.65
6/28/2015 5:00,42183.21,1593.2,25.5,17.65
6/28/2015 5:10,42183.22,1594.6,25.5,17.65
6/28/2015 5:20,42183.22,1596.3,25.5,17.65
6/28/2015 5:30,42183.23,1598.4,25.49,17.65
6/28/2015 5:40,42183.24,1600.3,25.49,17.65
6/28/2015 5:50,42183.24,1601.8,25.5,17.65
6/28/2015 6:00,42183.25,1603.8,25.5,17.65
6/28/2015 6:10,42183.26,1606,25.5,17.65
6/28/2015 6:20,42183.26,1608.1,25.49,17.65
6/28/2015 6:30,42183.27,1610.4,25.5,17.65
6/28/2015 6:40,42183.28,1612.3,25.49,17.65
6/28/2015 6:50,42183.28,1614.2,25.49,17.65
6/28/2015 7:00,42183.29,1616.5,25.5,17.65
6/28/2015 7:10,42183.30,1618.4,25.5,17.65
6/28/2015 7:20,42183.31,1620.5,25.5,17.65
6/28/2015 7:30,42183.31,1622.2,25.5,17.65
6/28/2015 7:40,42183.32,1623.4,25.5,17.65
6/28/2015 7:50,42183.33,1625.1,25.5,17.65
6/28/2015 8:00,42183.33,1626,25.5,17.65
6/28/2015 8:10,42183.34,1627.4,25.5,17.65
6/28/2015 8:20,42183.35,1628.3,25.49,17.65
6/28/2015 8:30,42183.35,1629,25.5,17.65
6/28/2015 8:40,42183.36,1629.7,25.51,17.65
6/28/2015 8:50,42183.37,1630.5,25.5,17.65
6/28/2015 9:00,42183.38,1631.1,25.5,17.65
6/28/2015 9:10,42183.38,1631.8,25.51,17.65
6/28/2015 9:20,42183.39,1631.9,25.5,17.65
6/28/2015 9:30,42183.40,1632.6,25.51,17.65
6/28/2015 9:40,42183.40,1632.8,25.51,17.66
6/28/2015 9:50,42183.41,1633,25.51,17.65
6/28/2015 10:00,42183.42,1633.2,25.51,17.66
6/28/2015 10:10,42183.42,1633,25.52,17.66
6/28/2015 10:20,42183.43,1632.8,25.51,17.66
6/28/2015 10:30,42183.44,1632.8,25.51,17.66
6/28/2015 10:40,42183.44,1632.6,25.51,17.66
6/28/2015 10:50,42183.45,1632.3,25.5,17.65
6/28/2015 11:00,42183.46,1631.6,25.5,17.65
6/28/2015 11:10,42183.47,1631.2,25.5,17.65
6/28/2015 11:20,42183.47,1630.7,25.51,17.65
6/28/2015 11:30,42183.48,1629.8,25.5,17.65
6/28/2015 11:40,42183.49,1629.3,25.5,17.65
6/28/2015 11:50,42183.49,1627.7,25.51,17.65
6/28/2015 12:00,42183.50,1626.3,25.5,17.65
6/28/2015 12:10,42183.51,1625,25.5,17.65
6/28/2015 12:20,42183.51,1623.3,25.5,17.65
6/28/2015 12:30,42183.52,1621.7,25.5,17.65
6/28/2015 12:40,42183.53,1619.9,25.5,17.65
6/28/2015 12:50,42183.53,1619.2,25.49,17.65
6/28/2015 13:00,42183.54,1616.5,25.5,17.65
6/28/2015 13:10,42183.55,1615.3,25.51,17.65
6/28/2015 13:20,42183.56,1614.2,25.5,17.65
6/28/2015 13:30,42183.56,1612.6,25.51,17.65
6/28/2015 13:40,42183.57,1611.4,25.51,17.65
6/28/2015 13:50,42183.58,1609,25.5,17.65
6/28/2015 14:00,42183.58,1607.1,25.5,17.65
6/28/2015 14:10,42183.59,1606,25.5,17.65
6/28/2015 14:20,42183.60,1604.1,25.5,17.65
6/28/2015 14:30,42183.60,1602.5,25.49,17.65
6/28/2015 14:40,42183.61,1601.1,25.5,17.65
6/28/2015 14:50,42183.62,1599.8,25.5,17.65
6/28/2015 15:00,42183.63,1598.2,25.5,17.65
6/28/2015 15:10,42183.63,1597.2,25.5,17.65
6/28/2015 15:20,42183.64,1596.1,25.5,17.65
6/28/2015 15:30,42183.65,1595.3,25.5,17.65
6/28/2015 15:40,42183.65,1594.4,25.5,17.65
6/28/2015 15:50,42183.66,1593.9,25.5,17.65
6/28/2015 16:00,42183.67,1593.3,25.5,17.65
6/28/2015 16:10,42183.67,1593,25.49,17.65
6/28/2015 16:20,42183.68,1592.5,25.49,17.65
6/28/2015 16:30,42183.69,1592.3,25.49,17.65
6/28/2015 16:40,42183.69,1592.3,25.5,17.65
6/28/2015 16:50,42183.70,1592.8,25.5,17.65
6/28/2015 17:00,42183.71,1593.2,25.51,17.65
6/28/2015 17:10,42183.72,1593.5,25.51,17.66
6/28/2015 17:20,42183.72,1594.2,25.5,17.65
6/28/2015 17:30,42183.73,1594.9,25.5,17.65
6/28/2015 17:40,42183.74,1595.8,25.5,17.65
6/28/2015 17:50,42183.74,1596.8,25.5,17.65
6/28/2015 18:00,42183.75,1598.1,25.5,17.65
6/28/2015 18:10,42183.76,1599.5,25.5,17.65
6/28/2015 18:20,42183.76,1601.3,25.5,17.65
6/28/2015 18:30,42183.77,1602.9,25.49,17.65
6/28/2015 18:40,42183.78,1604.5,25.5,17.65
6/28/2015 18:50,42183.78,1606.4,25.5,17.65
6/28/2015 19:00,42183.79,1608.3,25.5,17.65
6/28/2015 19:10,42183.80,1609.8,25.5,17.65
6/28/2015 19:20,42183.81,1611.4,25.5,17.65
6/28/2015 19:30,42183.81,1613.3,25.51,17.65
6/28/2015 19:40,42183.82,1615.4,25.5,17.65
6/28/2015 19:50,42183.83,1617,25.5,17.65
6/28/2015 20:00,42183.83,1618.9,25.51,17.66
6/28/2015 20:10,42183.84,1620.6,25.51,17.65
6/28/2015 20:20,42183.85,1622.4,25.51,17.66
6/28/2015 20:30,42183.85,1624,25.5,17.65
6/28/2015 20:40,42183.86,1625.3,25.5,17.65
6/28/2015 20:50,42183.87,1626.5,25.51,17.65
6/28/2015 21:00,42183.88,1628.1,25.5,17.65
6/28/2015 21:10,42183.88,1629,25.51,17.65
6/28/2015 21:20,42183.89,1629.5,25.51,17.66
6/28/2015 21:30,42183.90,1630.4,25.51,17.66
6/28/2015 21:40,42183.90,1630.7,25.51,17.66
6/28/2015 21:50,42183.91,1631.1,25.51,17.65
6/28/2015 22:00,42183.92,1631.4,25.51,17.65
6/28/2015 22:10,42183.92,1631.4,25.52,17.66
6/28/2015 22:20,42183.93,1631.6,25.51,17.65
6/28/2015 22:30,42183.94,1631.4,25.5,17.65
6/28/2015 22:40,42183.94,1631.2,25.5,17.65
6/28/2015 22:50,42183.95,1630.9,25.51,17.65
6/28/2015 23:00,42183.96,1630.4,25.5,17.65
6/28/2015 23:10,42183.97,1629.7,25.5,17.65
6/28/2015 23:20,42183.97,1629.1,25.5,17.65
6/28/2015 23:30,42183.98,1627.9,25.5,17.65
6/28/2015 23:40,42183.99,1626.9,25.5,17.65
6/28/2015 23:50,42183.99,1625.5,25.51,17.65
6/29/2015 0:00,42184.00,1624.1,25.51,17.66
6/29/2015 0:10,42184.01,1622.4,25.52,17.66
6/29/2015 0:20,42184.01,1620.7,25.52,17.66
6/29/2015 0:30,42184.02,1618.7,25.52,17.66
6/29/2015 0:40,42184.03,1616.8,25.51,17.65
6/29/2015 0:50,42184.03,1614.9,25.5,17.65
6/29/2015 1:00,42184.04,1613.2,25.51,17.66
6/29/2015 1:10,42184.05,1611.2,25.51,17.65
6/29/2015 1:20,42184.06,1609.3,25.51,17.65
6/29/2015 1:30,42184.06,1607.6,25.51,17.65
6/29/2015 1:40,42184.07,1605.9,25.5,17.65
6/29/2015 1:50,42184.08,1604.3,25.5,17.65
6/29/2015 2:00,42184.08,1602.5,25.5,17.65
6/29/2015 2:10,42184.09,1600.8,25.5,17.65
6/29/2015 2:20,42184.10,1599.5,25.5,17.65
6/29/2015 2:30,42184.10,1597.7,25.5,17.65
6/29/2015 2:40,42184.11,1596.3,25.5,17.65
6/29/2015 2:50,42184.12,1595.4,25.5,17.65
6/29/2015 3:00,42184.13,1594.2,25.5,17.65
6/29/2015 3:10,42184.13,1593.2,25.49,17.65
6/29/2015 3:20,42184.14,1592.3,25.5,17.65
6/29/2015 3:30,42184.15,1591.3,25.51,17.65
6/29/2015 3:40,42184.15,1590.6,25.5,17.65
6/29/2015 3:50,42184.16,1589.7,25.5,17.65
6/29/2015 4:00,42184.17,1589.2,25.5,17.65
6/29/2015 4:10,42184.17,1588.8,25.5,17.65
6/29/2015 4:20,42184.18,1588.3,25.5,17.65
6/29/2015 4:30,42184.19,1588,25.5,17.65
6/29/2015 4:40,42184.19,1587.8,25.5,17.65
6/29/2015 4:50,42184.20,1588.1,25.5,17.65
6/29/2015 5:00,42184.21,1588.8,25.5,17.65
6/29/2015 5:10,42184.22,1589,25.5,17.65
6/29/2015 5:20,42184.22,1590.1,25.5,17.65
6/29/2015 5:30,42184.23,1591.3,25.5,17.65
6/29/2015 5:40,42184.24,1592.6,25.5,17.65
6/29/2015 5:50,42184.24,1594,25.5,17.65
6/29/2015 6:00,42184.25,1595.6,25.5,17.65
6/29/2015 6:10,42184.26,1597.4,25.5,17.65
6/29/2015 6:20,42184.26,1599.5,25.5,17.65
6/29/2015 6:30,42184.27,1601.8,25.51,17.65
6/29/2015 6:40,42184.28,1603.8,25.51,17.66
6/29/2015 6:50,42184.28,1606,25.5,17.65
6/29/2015 7:00,42184.29,1608.3,25.49,17.65
6/29/2015 7:10,42184.30,1610.4,25.5,17.65
6/29/2015 7:20,42184.31,1612.8,25.5,17.65
6/29/2015 7:30,42184.31,1615.1,25.5,17.65
6/29/2015 7:40,42184.32,1617.7,25.5,17.65
6/29/2015 7:50,42184.33,1619.9,25.5,17.65
6/29/2015 8:00,42184.33,1622.2,25.51,17.65
6/29/2015 8:10,42184.34,1624.1,25.51,17.65
6/29/2015 8:20,42184.35,1626,25.51,17.65
6/29/2015 8:30,42184.35,1627.9,25.51,17.65
6/29/2015 8:40,42184.36,1629.3,25.51,17.65
6/29/2015 8:50,42184.37,1630.7,25.51,17.65
6/29/2015 9:00,42184.38,1631.9,25.5,17.65
6/29/2015 9:10,42184.38,1633,25.51,17.65
6/29/2015 9:20,42184.39,1633.8,25.5,17.65
6/29/2015 9:30,42184.40,1634.3,25.51,17.65
6/29/2015 9:40,42184.40,1635.4,25.5,17.65
6/29/2015 9:50,42184.41,1635.7,25.51,17.65
6/29/2015 10:00,42184.42,1636.6,25.51,17.65
6/29/2015 10:10,42184.42,1637.1,25.5,17.65
6/29/2015 10:20,42184.43,1637.3,25.51,17.65
6/29/2015 10:30,42184.44,1637.7,25.51,17.65
6/29/2015 10:40,42184.44,1638,25.51,17.65
6/29/2015 10:50,42184.45,1638.2,25.51,17.65
6/29/2015 11:00,42184.46,1638.2,25.5,17.65
6/29/2015 11:10,42184.47,1638.2,25.51,17.65
6/29/2015 11:20,42184.47,1638,25.51,17.65
6/29/2015 11:30,42184.48,1637.7,25.51,17.65
6/29/2015 11:40,42184.49,1637.3,25.5,17.65
6/29/2015 11:50,42184.49,1636.8,25.5,17.65
6/29/2015 12:00,42184.50,1635.7,25.51,17.66
6/29/2015 12:10,42184.51,1634.9,25.5,17.65
6/29/2015 12:20,42184.51,1633.8,25.5,17.65
6/29/2015 12:30,42184.52,1632.6,25.51,17.65
6/29/2015 12:40,42184.53,1631.4,25.51,17.65
6/29/2015 12:50,42184.53,1630,25.51,17.65
6/29/2015 13:00,42184.54,1628.4,25.5,17.65
6/29/2015 13:10,42184.55,1626.7,25.51,17.65
6/29/2015 13:20,42184.56,1625,25.51,17.65
6/29/2015 13:30,42184.56,1623.1,25.5,17.65
6/29/2015 13:40,42184.57,1621.3,25.51,17.65
6/29/2015 13:50,42184.58,1619.4,25.5,17.65
6/29/2015 14:00,42184.58,1617.3,25.51,17.65
6/29/2015 14:10,42184.59,1614.9,25.5,17.65
6/29/2015 14:20,42184.60,1612.6,25.5,17.65
6/29/2015 14:30,42184.60,1610.2,25.51,17.65
6/29/2015 14:40,42184.61,1608,25.5,17.65
6/29/2015 14:50,42184.62,1605.7,25.5,17.65
6/29/2015 15:00,42184.63,1603.6,25.5,17.65
6/29/2015 15:10,42184.63,1601.5,25.51,17.65
6/29/2015 15:20,42184.64,1599.5,25.51,17.65
6/29/2015 15:30,42184.65,1597.7,25.51,17.65
6/29/2015 15:40,42184.65,1596.5,25.5,17.65
6/29/2015 15:50,42184.66,1594.9,25.5,17.65
6/29/2015 16:00,42184.67,1593.9,25.5,17.65
6/29/2015 16:10,42184.67,1592.6,25.5,17.65
6/29/2015 16:20,42184.68,1591.8,25.5,17.65
6/29/2015 16:30,42184.69,1591.1,25.5,17.65
6/29/2015 16:40,42184.69,1590.2,25.51,17.65
6/29/2015 16:50,42184.70,1589.7,25.5,17.65
6/29/2015 17:00,42184.71,1589.2,25.5,17.65
6/29/2015 17:10,42184.72,1589,25.5,17.65
6/29/2015 17:20,42184.72,1589,25.5,17.65
6/29/2015 17:30,42184.73,1588.7,25.5,17.65
6/29/2015 17:40,42184.74,1589.2,25.5,17.65
6/29/2015 17:50,42184.74,1589.5,25.5,17.65
6/29/2015 18:00,42184.75,1590.4,25.5,17.65
6/29/2015 18:10,42184.76,1591.6,25.5,17.65
6/29/2015 18:20,42184.76,1592.8,25.51,17.65
6/29/2015 18:30,42184.77,1594.4,25.51,17.65
6/29/2015 18:40,42184.78,1596,25.51,17.65
6/29/2015 18:50,42184.78,1597.9,25.51,17.65
6/29/2015 19:00,42184.79,1600,25.51,17.65
6/29/2015 19:10,42184.80,1601.8,25.51,17.65
6/29/2015 19:20,42184.81,1603.9,25.52,17.66
6/29/2015 19:30,42184.81,1606.2,25.52,17.66
6/29/2015 19:40,42184.82,1608.4,25.52,17.66
6/29/2015 19:50,42184.83,1610.5,25.51,17.65
6/29/2015 20:00,42184.83,1612.6,25.5,17.65
6/29/2015 20:10,42184.84,1614.9,25.5,17.65
6/29/2015 20:20,42184.85,1617.3,25.5,17.65
6/29/2015 20:30,42184.85,1619.2,25.5,17.65
6/29/2015 20:40,42184.86,1621.5,25.5,17.65
6/29/2015 20:50,42184.87,1623.6,25.51,17.65
6/29/2015 21:00,42184.88,1625.5,25.51,17.65
6/29/2015 21:10,42184.88,1627,25.51,17.65
6/29/2015 21:20,42184.89,1628.4,25.51,17.65
6/29/2015 21:30,42184.90,1629.5,25.51,17.65
6/29/2015 21:40,42184.90,1630.5,25.51,17.66
6/29/2015 21:50,42184.91,1631.6,25.5,17.65
6/29/2015 22:00,42184.92,1632.3,25.5,17.65
6/29/2015 22:10,42184.92,1633,25.51,17.66
6/29/2015 22:20,42184.93,1633.5,25.5,17.65
6/29/2015 22:30,42184.94,1633.6,25.5,17.65
6/29/2015 22:40,42184.94,1634.2,25.5,17.65
6/29/2015 22:50,42184.95,1634.5,25.51,17.65
6/29/2015 23:00,42184.96,1634.7,25.51,17.65
6/29/2015 23:10,42184.97,1634.7,25.51,17.65
6/29/2015 23:20,42184.97,1634.7,25.51,17.65
6/29/2015 23:30,42184.98,1634.3,25.5,17.65
6/29/2015 23:40,42184.99,1634,25.5,17.65
6/29/2015 23:50,42184.99,1634,25.5,17.65
6/30/2015 0:00,42185.00,1633.2,25.51,17.65
6/30/2015 0:10,42185.01,1632.5,25.5,17.65
6/30/2015 0:20,42185.01,1631.2,25.51,17.66
6/30/2015 0:30,42185.02,1630.4,25.51,17.66
6/30/2015 0:40,42185.03,1629,25.52,17.66
6/30/2015 0:50,42185.03,1627.6,25.51,17.65
6/30/2015 1:00,42185.04,1625.8,25.52,17.66
6/30/2015 1:10,42185.05,1624,25.52,17.66
6/30/2015 1:20,42185.06,1622,25.52,17.66
6/30/2015 1:30,42185.06,1620.1,25.51,17.65
6/30/2015 1:40,42185.07,1617.8,25.51,17.65
6/30/2015 1:50,42185.08,1615.6,25.51,17.65
6/30/2015 2:00,42185.08,1613.2,25.5,17.65
6/30/2015 2:10,42185.09,1611.1,25.5,17.65
6/30/2015 2:20,42185.10,1608.6,25.5,17.65
6/30/2015 2:30,42185.10,1606.4,25.51,17.65
6/30/2015 2:40,42185.11,1604.3,25.5,17.65
6/30/2015 2:50,42185.12,1602.2,25.5,17.65
6/30/2015 3:00,42185.13,1600.1,25.5,17.65
6/30/2015 3:10,42185.13,1598.6,25.5,17.65
6/30/2015 3:20,42185.14,1596.7,25.5,17.65
6/30/2015 3:30,42185.15,1595.1,25.51,17.65
6/30/2015 3:40,42185.15,1593.9,25.5,17.65
6/30/2015 3:50,42185.16,1592.6,25.49,17.65
6/30/2015 4:00,42185.17,1591.5,25.5,17.65
6/30/2015 4:10,42185.17,1590.2,25.5,17.65
6/30/2015 4:20,42185.18,1589.2,25.5,17.65
6/30/2015 4:30,42185.19,1588.7,25.5,17.65
6/30/2015 4:40,42185.19,1587.6,25.5,17.65
6/30/2015 4:50,42185.20,1586.9,25.51,17.65
6/30/2015 5:00,42185.21,1586.4,25.5,17.65
6/30/2015 5:10,42185.22,1585.7,25.5,17.65
6/30/2015 5:20,42185.22,1585.3,25.5,17.65
6/30/2015 5:30,42185.23,1585.3,25.5,17.65
6/30/2015 5:40,42185.24,1585.2,25.51,17.65
6/30/2015 5:50,42185.24,1585.9,25.51,17.65
6/30/2015 6:00,42185.25,1586.4,25.5,17.65
6/30/2015 6:10,42185.26,1587.1,25.5,17.65
6/30/2015 6:20,42185.26,1588.5,25.51,17.65
6/30/2015 6:30,42185.27,1590.1,25.51,17.65
6/30/2015 6:40,42185.28,1591.6,25.5,17.65
6/30/2015 6:50,42185.28,1593.5,25.5,17.65
6/30/2015 7:00,42185.29,1595.4,25.5,17.65
6/30/2015 7:10,42185.30,1597.7,25.5,17.65
6/30/2015 7:20,42185.31,1600,25.51,17.65
6/30/2015 7:30,42185.31,1602.7,25.5,17.65
6/30/2015 7:40,42185.32,1605,25.5,17.65
6/30/2015 7:50,42185.33,1607.6,25.5,17.65
6/30/2015 8:00,42185.33,1610.2,25.51,17.65
6/30/2015 8:10,42185.34,1612.8,25.51,17.66
6/30/2015 8:20,42185.35,1615.8,25.5,17.65
6/30/2015 8:30,42185.35,1618.7,25.5,17.65
6/30/2015 8:40,42185.36,1621.7,25.51,17.65
6/30/2015 8:50,42185.37,1624.3,25.5,17.65
6/30/2015 9:00,42185.38,1626.5,25.5,17.65
6/30/2015 9:10,42185.38,1628.3,25.5,17.65
6/30/2015 9:20,42185.39,1630.2,25.5,17.65
6/30/2015 9:30,42185.40,1631.6,25.51,17.65
6/30/2015 9:40,42185.40,1633.2,25.5,17.65
6/30/2015 9:50,42185.41,1634.3,25.5,17.65
6/30/2015 10:00,42185.42,1635.2,25.5,17.65
6/30/2015 10:10,42185.42,1636.3,25.51,17.66
6/30/2015 10:20,42185.43,1637.1,25.5,17.65
6/30/2015 10:30,42185.44,1638.2,25.5,17.65
6/30/2015 10:40,42185.44,1639.4,25.51,17.65
6/30/2015 10:50,42185.45,1640.3,25.52,17.66
6/30/2015 11:00,42185.46,1641.5,25.51,17.66
6/30/2015 11:10,42185.47,1642.4,25.52,17.66
6/30/2015 11:20,42185.47,1642.9,25.51,17.65
6/30/2015 11:30,42185.48,1643.2,25.51,17.65
6/30/2015 11:40,42185.49,1643.7,25.51,17.66
6/30/2015 11:50,42185.49,1643.7,25.51,17.65
6/30/2015 12:00,42185.50,1643.6,25.51,17.66
6/30/2015 12:10,42185.51,1643.6,25.51,17.66
6/30/2015 12:20,42185.51,1643.2,25.51,17.65
6/30/2015 12:30,42185.52,1642.3,25.51,17.65
6/30/2015 12:40,42185.53,1640.8,25.5,17.65
6/30/2015 12:50,42185.53,1639.4,25.51,17.66
6/30/2015 13:00,42185.54,1637.8,25.5,17.65
6/30/2015 13:10,42185.55,1636.1,25.5,17.65
6/30/2015 13:20,42185.56,1634.7,25.5,17.65
6/30/2015 13:30,42185.56,1633.2,25.5,17.65
6/30/2015 13:40,42185.57,1631.6,25.5,17.65
6/30/2015 13:50,42185.58,1629.7,25.5,17.65
6/30/2015 14:00,42185.58,1627.9,25.5,17.65
6/30/2015 14:10,42185.59,1626.3,25.5,17.65
6/30/2015 14:20,42185.60,1624.5,25.5,17.65
6/30/2015 14:30,42185.60,1622.4,25.5,17.65
6/30/2015 14:40,42185.61,1620.5,25.5,17.65
6/30/2015 14:50,42185.62,1618.5,25.5,17.65
6/30/2015 15:00,42185.63,1616.3,25.5,17.65
6/30/2015 15:10,42185.63,1613.5,25.51,17.65
6/30/2015 15:20,42185.64,1611.4,25.5,17.65
6/30/2015 15:30,42185.65,1608.8,25.51,17.65
6/30/2015 15:40,42185.65,1606.2,25.5,17.65
6/30/2015 15:50,42185.66,1603.6,25.51,17.65
6/30/2015 16:00,42185.67,1601.1,25.5,17.65
6/30/2015 16:10,42185.67,1598.9,25.5,17.65
6/30/2015 16:20,42185.68,1596.7,25.5,17.65
6/30/2015 16:30,42185.69,1594.7,25.51,17.65
6/30/2015 16:40,42185.69,1593.2,25.5,17.65
6/30/2015 16:50,42185.70,1591.5,25.5,17.65
6/30/2015 17:00,42185.71,1590.2,25.5,17.65
6/30/2015 17:10,42185.72,1588.8,25.5,17.65
6/30/2015 17:20,42185.72,1587.8,25.5,17.65
6/30/2015 17:30,42185.73,1586.9,25.5,17.65
6/30/2015 17:40,42185.74,1586.2,25.5,17.65
6/30/2015 17:50,42185.74,1585.2,25.5,17.65
6/30/2015 18:00,42185.75,1584.8,25.5,17.65
6/30/2015 18:10,42185.76,1584.5,25.49,17.65
6/30/2015 18:20,42185.76,1584.5,25.5,17.65
6/30/2015 18:30,42185.77,1584.6,25.5,17.65
6/30/2015 18:40,42185.78,1585,25.49,17.65
6/30/2015 18:50,42185.78,1586.2,25.5,17.65
6/30/2015 19:00,42185.79,1587.4,25.5,17.65
6/30/2015 19:10,42185.80,1588.8,25.5,17.65
6/30/2015 19:20,42185.81,1590.8,25.5,17.65
6/30/2015 19:30,42185.81,1592.6,25.51,17.65
6/30/2015 19:40,42185.82,1594.9,25.5,17.65
6/30/2015 19:50,42185.83,1597.2,25.5,17.65
6/30/2015 20:00,42185.83,1599.8,25.5,17.65
6/30/2015 20:10,42185.84,1602.4,25.5,17.65
6/30/2015 20:20,42185.85,1604.8,25.51,17.65
6/30/2015 20:30,42185.85,1607.4,25.49,17.65
6/30/2015 20:40,42185.86,1609.8,25.49,17.65
6/30/2015 20:50,42185.87,1612.3,25.5,17.65
6/30/2015 21:00,42185.88,1614.7,25.5,17.65
6/30/2015 21:10,42185.88,1617.3,25.51,17.66
6/30/2015 21:20,42185.89,1619.6,25.5,17.65
6/30/2015 21:30,42185.90,1622,25.51,17.65
6/30/2015 21:40,42185.90,1624.5,25.51,17.65
6/30/2015 21:50,42185.91,1626.3,25.5,17.65
6/30/2015 22:00,42185.92,1627.9,25.51,17.65
6/30/2015 22:10,42185.92,1629.5,25.51,17.66
6/30/2015 22:20,42185.93,1630.9,25.51,17.66
6/30/2015 22:30,42185.94,1631.8,25.52,17.66
6/30/2015 22:40,42185.94,1632.6,25.51,17.65
6/30/2015 22:50,42185.95,1633.2,25.51,17.65
6/30/2015 23:00,42185.96,1634,25.51,17.66
6/30/2015 23:10,42185.97,1634.5,25.52,17.66
6/30/2015 23:20,42185.97,1635,25.51,17.66
6/30/2015 23:30,42185.98,1635.4,25.51,17.66
6/30/2015 23:40,42185.99,1635.9,25.52,17.66
6/30/2015 23:50,42185.99,1635.4,25.51,17.66
7/1/2015 0:00,42186.00,1635.6,25.51,17.66
7/1/2015 0:10,42186.01,1635.2,25.52,17.66
7/1/2015 0:20,42186.01,1635,25.52,17.66
7/1/2015 0:30,42186.02,1634.7,25.51,17.66
7/1/2015 0:40,42186.03,1634.2,25.51,17.66
7/1/2015 0:50,42186.03,1633.5,25.51,17.65
7/1/2015 1:00,42186.04,1632.3,25.51,17.66
7/1/2015 1:10,42186.05,1631.2,25.51,17.65
7/1/2015 1:20,42186.06,1629.7,25.51,17.65
7/1/2015 1:30,42186.06,1628.3,25.51,17.66
7/1/2015 1:40,42186.07,1626.3,25.51,17.65
7/1/2015 1:50,42186.08,1624.3,25.51,17.66
7/1/2015 2:00,42186.08,1622.4,25.52,17.66
7/1/2015 2:10,42186.09,1620.3,25.52,17.66
7/1/2015 2:20,42186.10,1617.8,25.51,17.65
7/1/2015 2:30,42186.10,1615.6,25.51,17.66
7/1/2015 2:40,42186.11,1613.2,25.5,17.65
7/1/2015 2:50,42186.12,1610.5,25.5,17.65
7/1/2015 3:00,42186.13,1608.1,25.5,17.65
7/1/2015 3:10,42186.13,1605.5,25.51,17.66
7/1/2015 3:20,42186.14,1603.2,25.51,17.66
7/1/2015 3:30,42186.15,1600.8,25.51,17.66
7/1/2015 3:40,42186.15,1598.6,25.51,17.66
7/1/2015 3:50,42186.16,1596.2,25.52,17.66
7/1/2015 4:00,42186.17,1594.5,25.52,17.66
7/1/2015 4:10,42186.17,1592.8,25.51,17.65
7/1/2015 4:20,42186.18,1591.3,25.51,17.65
7/1/2015 4:30,42186.19,1589.9,25.5,17.65
7/1/2015 4:40,42186.19,1588.5,25.5,17.65
7/1/2015 4:50,42186.20,1587.1,25.51,17.65
7/1/2015 5:00,42186.21,1585.9,25.51,17.66
7/1/2015 5:10,42186.22,1584.8,25.5,17.65
7/1/2015 5:20,42186.22,1583.9,25.5,17.65
7/1/2015 5:30,42186.23,1583.1,25.5,17.65
7/1/2015 5:40,42186.24,1582.2,25.5,17.65
7/1/2015 5:50,42186.24,1581.7,25.5,17.65
7/1/2015 6:00,42186.25,1581.4,25.51,17.65
7/1/2015 6:10,42186.26,1581,25.5,17.65
7/1/2015 6:20,42186.26,1581.5,25.5,17.65
7/1/2015 6:30,42186.27,1581.9,25.5,17.65
7/1/2015 6:40,42186.28,1582.6,25.51,17.65
7/1/2015 6:50,42186.28,1583.8,25.5,17.65
7/1/2015 7:00,42186.29,1585.2,25.5,17.65
7/1/2015 7:10,42186.30,1586.7,25.51,17.65
7/1/2015 7:20,42186.31,1588.7,25.51,17.66
7/1/2015 7:30,42186.31,1590.8,25.51,17.65
7/1/2015 7:40,42186.32,1593.3,25.51,17.65
7/1/2015 7:50,42186.33,1596,25.51,17.65
7/1/2015 8:00,42186.33,1598.8,25.51,17.66
7/1/2015 8:10,42186.34,1601.6,25.52,17.66
7/1/2015 8:20,42186.35,1604.6,25.52,17.66
7/1/2015 8:30,42186.35,1607.6,25.51,17.65
7/1/2015 8:40,42186.36,1610.5,25.51,17.65
7/1/2015 8:50,42186.37,1613.9,25.51,17.66
7/1/2015 9:00,42186.38,1616.7,25.5,17.65
7/1/2015 9:10,42186.38,1619.9,25.5,17.65
7/1/2015 9:20,42186.39,1622.9,25.51,17.66
7/1/2015 9:30,42186.40,1625.6,25.51,17.66
7/1/2015 9:40,42186.40,1628.1,25.51,17.66
7/1/2015 9:50,42186.41,1630.5,25.5,17.65
7/1/2015 10:00,42186.42,1632.5,25.5,17.65
7/1/2015 10:10,42186.42,1633.8,25.5,17.66
7/1/2015 10:20,42186.43,1635.6,25.5,17.65
7/1/2015 10:30,42186.44,1637.3,25.5,17.65
7/1/2015 10:40,42186.44,1638.7,25.51,17.66
7/1/2015 10:50,42186.45,1640.5,25.51,17.66
7/1/2015 11:00,42186.46,1641.8,25.51,17.66
7/1/2015 11:10,42186.47,1643.2,25.51,17.66
7/1/2015 11:20,42186.47,1645,25.51,17.66
7/1/2015 11:30,42186.48,1646.4,25.52,17.66
7/1/2015 11:40,42186.49,1647.9,25.51,17.66
7/1/2015 11:50,42186.49,1649,25.51,17.66
7/1/2015 12:00,42186.50,1649.9,25.51,17.66
7/1/2015 12:10,42186.51,1650.1,25.53,17.64
7/1/2015 12:20,42186.51,1650.8,25.53,17.64
7/1/2015 12:30,42186.52,1650.7,25.53,17.64
7/1/2015 12:40,42186.53,1650.1,25.52,17.66
7/1/2015 12:50,42186.53,1649.9,25.5,17.66
7/1/2015 13:00,42186.54,1649.2,25.51,17.65
7/1/2015 13:10,42186.55,1647.3,25.52,17.66
7/1/2015 13:20,42186.56,1645.7,25.51,17.66
7/1/2015 13:30,42186.56,1643.1,25.52,17.66
7/1/2015 13:40,42186.57,1640.5,25.51,17.66
7/1/2015 13:50,42186.58,1638,25.51,17.66
7/1/2015 14:00,42186.58,1635.6,25.51,17.66
7/1/2015 14:10,42186.59,1633.3,25.51,17.66
7/1/2015 14:20,42186.60,1631.4,25.51,17.66
7/1/2015 14:30,42186.60,1629.6,25.52,17.66
7/1/2015 14:40,42186.61,1627.7,25.51,17.66
7/1/2015 14:50,42186.62,1625.8,25.51,17.66
7/1/2015 15:00,42186.63,1623.8,25.5,17.65
7/1/2015 15:10,42186.63,1621.9,25.51,17.65
7/1/2015 15:20,42186.64,1619.8,25.51,17.66
7/1/2015 15:30,42186.65,1617.7,25.51,17.66
7/1/2015 15:40,42186.65,1615.6,25.51,17.66
7/1/2015 15:50,42186.66,1613.5,25.51,17.66
7/1/2015 16:00,42186.67,1610.7,25.51,17.66
7/1/2015 16:10,42186.67,1608.3,25.51,17.65
7/1/2015 16:20,42186.68,1605.3,25.51,17.66
7/1/2015 16:30,42186.69,1602.4,25.5,17.65
7/1/2015 16:40,42186.69,1599.8,25.51,17.66
7/1/2015 16:50,42186.70,1597.2,25.5,17.65
7/1/2015 17:00,42186.71,1594.4,25.51,17.66
7/1/2015 17:10,42186.72,1592.1,25.51,17.66
7/1/2015 17:20,42186.72,1590.4,25.51,17.65
7/1/2015 17:30,42186.73,1588.8,25.51,17.66
7/1/2015 17:40,42186.74,1586.9,25.5,17.65
7/1/2015 17:50,42186.74,1585.5,25.5,17.65
7/1/2015 18:00,42186.75,1584.3,25.51,17.65
7/1/2015 18:10,42186.76,1583.4,25.5,17.65
7/1/2015 18:20,42186.76,1582.6,25.5,17.65
7/1/2015 18:30,42186.77,1581.9,25.5,17.65
7/1/2015 18:40,42186.78,1581.2,25.51,17.65
7/1/2015 18:50,42186.78,1580.8,25.51,17.65
7/1/2015 19:00,42186.79,1580.5,25.5,17.65
7/1/2015 19:10,42186.80,1580.8,25.5,17.65
7/1/2015 19:20,42186.81,1581.4,25.51,17.65
7/1/2015 19:30,42186.81,1582.4,25.51,17.66
7/1/2015 19:40,42186.82,1583.6,25.5,17.65
7/1/2015 19:50,42186.83,1585,25.51,17.65
7/1/2015 20:00,42186.83,1586.9,25.5,17.65
7/1/2015 20:10,42186.84,1588.8,25.51,17.65
7/1/2015 20:20,42186.85,1591.3,25.51,17.66
7/1/2015 20:30,42186.85,1593.6,25.52,17.66
7/1/2015 20:40,42186.86,1596.5,25.52,17.66
7/1/2015 20:50,42186.87,1599.3,25.52,17.66
7/1/2015 21:00,42186.88,1602.4,25.51,17.66
7/1/2015 21:10,42186.88,1605.2,25.51,17.66
7/1/2015 21:20,42186.89,1608,25.51,17.66
7/1/2015 21:30,42186.90,1610.9,25.51,17.66
7/1/2015 21:40,42186.90,1613.5,25.52,17.66
7/1/2015 21:50,42186.91,1616.5,25.51,17.66
7/1/2015 22:00,42186.92,1619.1,25.51,17.66
7/1/2015 22:10,42186.92,1622,25.51,17.66
7/1/2015 22:20,42186.93,1624.5,25.52,17.66
7/1/2015 22:30,42186.94,1626.8,25.52,17.66
7/1/2015 22:40,42186.94,1628.9,25.52,17.66
7/1/2015 22:50,42186.95,1630.4,25.51,17.66
7/1/2015 23:00,42186.96,1631.8,25.51,17.65
7/1/2015 23:10,42186.97,1632.6,25.51,17.66
7/1/2015 23:20,42186.97,1633.3,25.51,17.65
7/1/2015 23:30,42186.98,1634.3,25.51,17.66
7/1/2015 23:40,42186.99,1635,25.52,17.66
7/1/2015 23:50,42186.99,1635.7,25.52,17.66
7/2/2015 0:00,42187.00,1636,25.52,17.66
7/2/2015 0:10,42187.01,1636.8,25.52,17.66
7/2/2015 0:20,42187.01,1637.7,25.53,17.64
7/2/2015 0:30,42187.02,1637.7,25.53,17.64
7/2/2015 0:40,42187.03,1637.8,25.52,17.66
7/2/2015 0:50,42187.03,1637.8,25.52,17.66
7/2/2015 1:00,42187.04,1637.5,25.52,17.66
7/2/2015 1:10,42187.05,1637.1,25.51,17.66
7/2/2015 1:20,42187.06,1636.4,25.52,17.66
7/2/2015 1:30,42187.06,1635.4,25.51,17.66
7/2/2015 1:40,42187.07,1634.5,25.51,17.66
7/2/2015 1:50,42187.08,1633.3,25.52,17.66
7/2/2015 2:00,42187.08,1631.9,25.51,17.66
7/2/2015 2:10,42187.09,1630.2,25.52,17.66
7/2/2015 2:20,42187.10,1628.4,25.51,17.66
7/2/2015 2:30,42187.10,1626.3,25.51,17.66
7/2/2015 2:40,42187.11,1624.5,25.52,17.66
7/2/2015 2:50,42187.12,1622.6,25.51,17.66
7/2/2015 3:00,42187.13,1620.3,25.51,17.66
7/2/2015 3:10,42187.13,1617.8,25.51,17.66
7/2/2015 3:20,42187.14,1615.3,25.51,17.65
7/2/2015 3:30,42187.15,1612.8,25.51,17.66
7/2/2015 3:40,42187.15,1610,25.52,17.66
7/2/2015 3:50,42187.16,1607.3,25.51,17.66
7/2/2015 4:00,42187.17,1604.3,25.51,17.66
7/2/2015 4:10,42187.17,1601.5,25.51,17.66
7/2/2015 4:20,42187.18,1598.8,25.5,17.65
7/2/2015 4:30,42187.19,1596,25.5,17.65
7/2/2015 4:40,42187.19,1593.9,25.51,17.65
7/2/2015 4:50,42187.20,1591.9,25.5,17.65
7/2/2015 5:00,42187.21,1589.9,25.5,17.65
7/2/2015 5:10,42187.22,1588.1,25.5,17.65
7/2/2015 5:20,42187.22,1586.6,25.51,17.66
7/2/2015 5:30,42187.23,1585.2,25.51,17.65
7/2/2015 5:40,42187.24,1583.8,25.5,17.65
7/2/2015 5:50,42187.24,1582.6,25.51,17.65
7/2/2015 6:00,42187.25,1581.2,25.51,17.66
7/2/2015 6:10,42187.26,1580.5,25.51,17.65
7/2/2015 6:20,42187.26,1579.6,25.51,17.65
7/2/2015 6:30,42187.27,1578.7,25.5,17.65
7/2/2015 6:40,42187.28,1578.4,25.5,17.65
7/2/2015 6:50,42187.28,1578.2,25.51,17.65
7/2/2015 7:00,42187.29,1578.4,25.51,17.65
7/2/2015 7:10,42187.30,1578.6,25.51,17.65
7/2/2015 7:20,42187.31,1578.9,25.5,17.65
7/2/2015 7:30,42187.31,1580.1,25.51,17.65
7/2/2015 7:40,42187.32,1581.4,25.51,17.65
7/2/2015 7:50,42187.33,1582.9,25.51,17.66
7/2/2015 8:00,42187.33,1585,25.51,17.66
7/2/2015 8:10,42187.34,1587,25.52,17.66
7/2/2015 8:20,42187.35,1589.7,25.51,17.65
7/2/2015 8:30,42187.35,1592.5,25.51,17.66
7/2/2015 8:40,42187.36,1595.4,25.51,17.66
7/2/2015 8:50,42187.37,1598.6,25.51,17.66
7/2/2015 9:00,42187.38,1601.8,25.51,17.66
7/2/2015 9:10,42187.38,1605.1,25.52,17.66
7/2/2015 9:20,42187.39,1608.6,25.51,17.65
7/2/2015 9:30,42187.40,1611.9,25.52,17.66
7/2/2015 9:40,42187.40,1615.1,25.51,17.66
7/2/2015 9:50,42187.41,1618.4,25.51,17.66
7/2/2015 10:00,42187.42,1621.3,25.51,17.66
7/2/2015 10:10,42187.42,1624.7,25.5,17.65
7/2/2015 10:20,42187.43,1627.3,25.52,17.66
7/2/2015 10:30,42187.44,1630,25.5,17.65
7/2/2015 10:40,42187.44,1632.1,25.51,17.65
7/2/2015 10:50,42187.45,1633.6,25.51,17.66
7/2/2015 11:00,42187.46,1635.2,25.51,17.66
7/2/2015 11:10,42187.47,1637,25.51,17.66
7/2/2015 11:20,42187.47,1638.4,25.52,17.66
7/2/2015 11:30,42187.48,1640.3,25.51,17.66
7/2/2015 11:40,42187.49,1642,25.52,17.66
7/2/2015 11:50,42187.49,1643.7,25.52,17.66
7/2/2015 12:00,42187.50,1645.3,25.51,17.66
7/2/2015 12:10,42187.51,1646.9,25.52,17.66
7/2/2015 12:20,42187.51,1648.3,25.51,17.66
7/2/2015 12:30,42187.52,1649.7,25.51,17.66
7/2/2015 12:40,42187.53,1650.5,25.51,17.66
7/2/2015 12:50,42187.53,1651,25.52,17.66
7/2/2015 13:00,42187.54,1651.4,25.51,17.66
7/2/2015 13:10,42187.55,1651.5,25.51,17.66
7/2/2015 13:20,42187.56,1651.1,25.52,17.66
7/2/2015 13:30,42187.56,1650.4,25.52,17.66
7/2/2015 13:40,42187.57,1649.6,25.52,17.66
7/2/2015 13:50,42187.58,1648.3,25.51,17.66
7/2/2015 14:00,42187.58,1646.2,25.51,17.66
7/2/2015 14:10,42187.59,1643.6,25.52,17.66
7/2/2015 14:20,42187.60,1640.3,25.52,17.66
7/2/2015 14:30,42187.60,1637.7,25.51,17.66
7/2/2015 14:40,42187.61,1635.2,25.51,17.66
7/2/2015 14:50,42187.62,1632.8,25.51,17.66
7/2/2015 15:00,42187.63,1630.7,25.51,17.66
7/2/2015 15:10,42187.63,1628.8,25.51,17.66
7/2/2015 15:20,42187.64,1626.7,25.51,17.66
7/2/2015 15:30,42187.65,1624.5,25.5,17.65
7/2/2015 15:40,42187.65,1622.6,25.51,17.66
7/2/2015 15:50,42187.66,1620.3,25.51,17.66
7/2/2015 16:00,42187.67,1617.8,25.51,17.66
7/2/2015 16:10,42187.67,1615.8,25.51,17.66
7/2/2015 16:20,42187.68,1613.7,25.51,17.66
7/2/2015 16:30,42187.69,1611.2,25.51,17.65
7/2/2015 16:40,42187.69,1608.6,25.51,17.66
7/2/2015 16:50,42187.70,1606,25.51,17.66
7/2/2015 17:00,42187.71,1603.2,25.51,17.66
7/2/2015 17:10,42187.72,1600.4,25.51,17.66
7/2/2015 17:20,42187.72,1597.7,25.51,17.66
7/2/2015 17:30,42187.73,1595.3,25.51,17.66
7/2/2015 17:40,42187.74,1592.8,25.51,17.66
7/2/2015 17:50,42187.74,1590.4,25.51,17.65
7/2/2015 18:00,42187.75,1588.4,25.52,17.66
7/2/2015 18:10,42187.76,1586.4,25.51,17.66
7/2/2015 18:20,42187.76,1584.8,25.51,17.66
7/2/2015 18:30,42187.77,1583.1,25.51,17.66
7/2/2015 18:40,42187.78,1582.2,25.5,17.65
7/2/2015 18:50,42187.78,1580.7,25.5,17.65
7/2/2015 19:00,42187.79,1580,25.51,17.66
7/2/2015 19:10,42187.80,1579.1,25.51,17.66
7/2/2015 19:20,42187.81,1578.5,25.52,17.66
7/2/2015 19:30,42187.81,1577.9,25.51,17.66
7/2/2015 19:40,42187.82,1577.8,25.52,17.66
7/2/2015 19:50,42187.83,1577.7,25.52,17.66
7/2/2015 20:00,42187.83,1578.5,25.52,17.66
7/2/2015 20:10,42187.84,1579.4,25.52,17.66
7/2/2015 20:20,42187.85,1580.8,25.52,17.66
7/2/2015 20:30,42187.85,1582.8,25.51,17.65
7/2/2015 20:40,42187.86,1584.5,25.51,17.66
7/2/2015 20:50,42187.87,1586.7,25.51,17.66
7/2/2015 21:00,42187.88,1589.5,25.51,17.66
7/2/2015 21:10,42187.88,1592.1,25.51,17.66
7/2/2015 21:20,42187.89,1595.3,25.51,17.65
7/2/2015 21:30,42187.90,1598.4,25.51,17.66
7/2/2015 21:40,42187.90,1601.8,25.51,17.66
7/2/2015 21:50,42187.91,1605.2,25.52,17.66
7/2/2015 22:00,42187.92,1608.3,25.51,17.66
7/2/2015 22:10,42187.92,1611.6,25.52,17.66
7/2/2015 22:20,42187.93,1614.7,25.51,17.66
7/2/2015 22:30,42187.94,1617.5,25.51,17.66
7/2/2015 22:40,42187.94,1620.1,25.51,17.66
7/2/2015 22:50,42187.95,1622.8,25.52,17.66
7/2/2015 23:00,42187.96,1625.8,25.51,17.66
7/2/2015 23:10,42187.97,1628,25.52,17.66
7/2/2015 23:20,42187.97,1629.7,25.52,17.66
7/2/2015 23:30,42187.98,1631.6,25.53,17.64
7/2/2015 23:40,42187.99,1633,25.52,17.66
7/2/2015 23:50,42187.99,1634.2,25.51,17.66
7/3/2015 0:00,42188.00,1635.2,25.51,17.65
7/3/2015 0:10,42188.01,1636.4,25.52,17.66
7/3/2015 0:20,42188.01,1637.8,25.52,17.66
7/3/2015 0:30,42188.02,1638.8,25.52,17.66
7/3/2015 0:40,42188.03,1639.6,25.51,17.66
7/3/2015 0:50,42188.03,1640.5,25.51,17.66
7/3/2015 1:00,42188.04,1640.9,25.52,17.66
7/3/2015 1:10,42188.05,1641.6,25.51,17.66
7/3/2015 1:20,42188.06,1641.6,25.52,17.66
7/3/2015 1:30,42188.06,1641.6,25.51,17.66
7/3/2015 1:40,42188.07,1641.3,25.51,17.66
7/3/2015 1:50,42188.08,1640.3,25.52,17.66
7/3/2015 2:00,42188.08,1638.9,25.51,17.66
7/3/2015 2:10,42188.09,1637.4,25.52,17.66
7/3/2015 2:20,42188.10,1635.6,25.52,17.66
7/3/2015 2:30,42188.10,1633.6,25.52,17.66
7/3/2015 2:40,42188.11,1632.1,25.51,17.66
7/3/2015 2:50,42188.12,1630.5,25.51,17.66
7/3/2015 3:00,42188.13,1628.4,25.51,17.66
7/3/2015 3:10,42188.13,1626.3,25.52,17.66
7/3/2015 3:20,42188.14,1624.3,25.51,17.66
7/3/2015 3:30,42188.15,1621.9,25.52,17.66
7/3/2015 3:40,42188.15,1619.9,25.51,17.66
7/3/2015 3:50,42188.16,1617.7,25.5,17.65
7/3/2015 4:00,42188.17,1615.3,25.51,17.66
7/3/2015 4:10,42188.17,1612.5,25.51,17.66
7/3/2015 4:20,42188.18,1609.8,25.51,17.65
7/3/2015 4:30,42188.19,1607.4,25.51,17.66
7/3/2015 4:40,42188.19,1604.5,25.51,17.66
7/3/2015 4:50,42188.20,1601.1,25.51,17.65
7/3/2015 5:00,42188.21,1598.2,25.51,17.66
7/3/2015 5:10,42188.22,1595.3,25.51,17.66
7/3/2015 5:20,42188.22,1593,25.51,17.65
7/3/2015 5:30,42188.23,1590.6,25.51,17.66
7/3/2015 5:40,42188.24,1588.5,25.5,17.65
7/3/2015 5:50,42188.24,1586.7,25.51,17.66
7/3/2015 6:00,42188.25,1585.2,25.51,17.65
7/3/2015 6:10,42188.26,1583.6,25.51,17.66
7/3/2015 6:20,42188.26,1582.2,25.51,17.66
7/3/2015 6:30,42188.27,1580.8,25.51,17.66
7/3/2015 6:40,42188.28,1579.6,25.51,17.66
7/3/2015 6:50,42188.28,1579.1,25.51,17.65
7/3/2015 7:00,42188.29,1578.2,25.51,17.66
7/3/2015 7:10,42188.30,1577.2,25.51,17.65
7/3/2015 7:20,42188.31,1576.3,25.51,17.66
7/3/2015 7:30,42188.31,1575.9,25.51,17.66
7/3/2015 7:40,42188.32,1575.5,25.52,17.66
7/3/2015 7:50,42188.33,1575.8,25.51,17.66
7/3/2015 8:00,42188.33,1576.1,25.52,17.66
7/3/2015 8:10,42188.34,1577,25.51,17.66
7/3/2015 8:20,42188.35,1578.6,25.51,17.66
7/3/2015 8:30,42188.35,1580,25.51,17.65
7/3/2015 8:40,42188.36,1582.2,25.51,17.65
7/3/2015 8:50,42188.37,1584.5,25.51,17.65
7/3/2015 9:00,42188.38,1587.1,25.52,17.66
7/3/2015 9:10,42188.38,1589.8,25.52,17.66
7/3/2015 9:20,42188.39,1593,25.51,17.66
7/3/2015 9:30,42188.40,1596.5,25.51,17.66
7/3/2015 9:40,42188.40,1600.3,25.51,17.66
7/3/2015 9:50,42188.41,1603.6,25.51,17.66
7/3/2015 10:00,42188.42,1607.3,25.51,17.66
7/3/2015 10:10,42188.42,1610.5,25.52,17.66
7/3/2015 10:20,42188.43,1613.6,25.52,17.66
7/3/2015 10:30,42188.44,1617.3,25.52,17.66
7/3/2015 10:40,42188.44,1620.4,25.52,17.66
7/3/2015 10:50,42188.45,1624,25.51,17.66
7/3/2015 11:00,42188.46,1626.9,25.52,17.66
7/3/2015 11:10,42188.47,1629.8,25.52,17.66
7/3/2015 11:20,42188.47,1632.7,25.53,17.64
7/3/2015 11:30,42188.48,1634.8,25.53,17.64
7/3/2015 11:40,42188.49,1636.4,25.52,17.66
7/3/2015 11:50,42188.49,1638.4,25.52,17.66
7/3/2015 12:00,42188.50,1640.1,25.51,17.66
7/3/2015 12:10,42188.51,1642.1,25.52,17.66
7/3/2015 12:20,42188.51,1644.2,25.52,17.66
7/3/2015 12:30,42188.52,1645.9,25.52,17.66
7/3/2015 12:40,42188.53,1647.6,25.52,17.66
7/3/2015 12:50,42188.53,1649.2,25.51,17.66
7/3/2015 13:00,42188.54,1651.2,25.51,17.65
7/3/2015 13:10,42188.55,1652.6,25.51,17.66
7/3/2015 13:20,42188.56,1653.8,25.51,17.66
7/3/2015 13:30,42188.56,1654.5,25.51,17.66
7/3/2015 13:40,42188.57,1654.9,25.51,17.66
7/3/2015 13:50,42188.58,1655.1,25.52,17.66
7/3/2015 14:00,42188.58,1654.9,25.51,17.65
7/3/2015 14:10,42188.59,1654.5,25.51,17.66
7/3/2015 14:20,42188.60,1653.3,25.51,17.66
7/3/2015 14:30,42188.60,1652.2,25.52,17.66
7/3/2015 14:40,42188.61,1650.1,25.52,17.66
7/3/2015 14:50,42188.62,1647.6,25.51,17.66
7/3/2015 15:00,42188.63,1644.5,25.52,17.66
7/3/2015 15:10,42188.63,1641.3,25.51,17.66
7/3/2015 15:20,42188.64,1638.4,25.51,17.65
7/3/2015 15:30,42188.65,1635.2,25.51,17.66
7/3/2015 15:40,42188.65,1632.6,25.51,17.66
7/3/2015 15:50,42188.66,1630.2,25.51,17.66
7/3/2015 16:00,42188.67,1628.1,25.52,17.66
7/3/2015 16:10,42188.67,1625.6,25.52,17.66
7/3/2015 16:20,42188.68,1623.7,25.52,17.66
7/3/2015 16:30,42188.69,1621.7,25.51,17.66
7/3/2015 16:40,42188.69,1619.1,25.51,17.66
7/3/2015 16:50,42188.70,1617.1,25.51,17.66
7/3/2015 17:00,42188.71,1615.1,25.51,17.66
7/3/2015 17:10,42188.72,1612.8,25.51,17.66
7/3/2015 17:20,42188.72,1610.4,25.51,17.65
7/3/2015 17:30,42188.73,1607.8,25.51,17.66
7/3/2015 17:40,42188.74,1605,25.51,17.66
7/3/2015 17:50,42188.74,1602,25.51,17.66
7/3/2015 18:00,42188.75,1599.5,25.51,17.66
7/3/2015 18:10,42188.76,1596.5,25.52,17.66
7/3/2015 18:20,42188.76,1593.5,25.51,17.66
7/3/2015 18:30,42188.77,1591.5,25.51,17.66
7/3/2015 18:40,42188.78,1589,25.52,17.66
7/3/2015 18:50,42188.78,1587.3,25.52,17.66
7/3/2015 19:00,42188.79,1585.5,25.53,17.64
7/3/2015 19:10,42188.80,1583.6,25.51,17.66
7/3/2015 19:20,42188.81,1581.9,25.51,17.66
7/3/2015 19:30,42188.81,1580.5,25.51,17.66
7/3/2015 19:40,42188.82,1579.4,25.5,17.66
7/3/2015 19:50,42188.83,1578.2,25.51,17.66
7/3/2015 20:00,42188.83,1577.5,25.5,17.65
7/3/2015 20:10,42188.84,1576.6,25.51,17.66
7/3/2015 20:20,42188.85,1576.3,25.51,17.65
7/3/2015 20:30,42188.85,1576.3,25.51,17.66
7/3/2015 20:40,42188.86,1576.5,25.51,17.66
7/3/2015 20:50,42188.87,1577.3,25.5,17.65
7/3/2015 21:00,42188.88,1578.6,25.51,17.65
7/3/2015 21:10,42188.88,1580.1,25.52,17.66
7/3/2015 21:20,42188.89,1582.1,25.51,17.66
7/3/2015 21:30,42188.90,1583.9,25.51,17.66
7/3/2015 21:40,42188.90,1586.5,25.52,17.66
7/3/2015 21:50,42188.91,1589.2,25.52,17.66
7/3/2015 22:00,42188.92,1592.1,25.52,17.66
7/3/2015 22:10,42188.92,1595.1,25.53,17.64
7/3/2015 22:20,42188.93,1598.5,25.52,17.66
7/3/2015 22:30,42188.94,1602.2,25.52,17.66
7/3/2015 22:40,42188.94,1605.5,25.51,17.66
7/3/2015 22:50,42188.95,1608.8,25.52,17.66
7/3/2015 23:00,42188.96,1611.9,25.51,17.66
7/3/2015 23:10,42188.97,1614.4,25.52,17.66
7/3/2015 23:20,42188.97,1617.3,25.52,17.66
7/3/2015 23:30,42188.98,1620.2,25.52,17.66
7/3/2015 23:40,42188.99,1623.3,25.52,17.66
7/3/2015 23:50,42188.99,1626.2,25.52,17.66
7/4/2015 0:00,42189.00,1628.4,25.52,17.66
7/4/2015 0:10,42189.01,1630,25.52,17.66
7/4/2015 0:20,42189.01,1631.4,25.52,17.66
7/4/2015 0:30,42189.02,1632.5,25.53,17.64
7/4/2015 0:40,42189.03,1633.5,25.52,17.66
7/4/2015 0:50,42189.03,1634.3,25.52,17.66
7/4/2015 1:00,42189.04,1635.7,25.52,17.66
7/4/2015 1:10,42189.05,1637,25.52,17.66
7/4/2015 1:20,42189.06,1638,25.53,17.64
7/4/2015 1:30,42189.06,1638.9,25.52,17.66
7/4/2015 1:40,42189.07,1639.8,25.52,17.66
7/4/2015 1:50,42189.08,1640.8,25.53,17.64
7/4/2015 2:00,42189.08,1641.5,25.53,17.64
7/4/2015 2:10,42189.09,1641.5,25.51,17.66
7/4/2015 2:20,42189.10,1641.5,25.52,17.66
7/4/2015 2:30,42189.10,1640.3,25.52,17.66
7/4/2015 2:40,42189.11,1639.1,25.52,17.66
7/4/2015 2:50,42189.12,1637.4,25.52,17.66
7/4/2015 3:00,42189.13,1635.7,25.52,17.66
7/4/2015 3:10,42189.13,1634,25.52,17.66
7/4/2015 3:20,42189.14,1632.3,25.51,17.66
7/4/2015 3:30,42189.15,1630.4,25.51,17.66
7/4/2015 3:40,42189.15,1628.2,25.52,17.66
7/4/2015 3:50,42189.16,1626.3,25.52,17.66
7/4/2015 4:00,42189.17,1624.3,25.51,17.66
7/4/2015 4:10,42189.17,1622,25.51,17.66
7/4/2015 4:20,42189.18,1619.6,25.51,17.66
7/4/2015 4:30,42189.19,1617.3,25.51,17.66
7/4/2015 4:40,42189.19,1615.1,25.51,17.66
7/4/2015 4:50,42189.20,1612.5,25.51,17.66
7/4/2015 5:00,42189.21,1609.7,25.51,17.66
7/4/2015 5:10,42189.22,1607.3,25.51,17.66
7/4/2015 5:20,42189.22,1604.2,25.52,17.66
7/4/2015 5:30,42189.23,1601.4,25.52,17.66
7/4/2015 5:40,42189.24,1598.6,25.51,17.66
7/4/2015 5:50,42189.24,1595.7,25.52,17.66
7/4/2015 6:00,42189.25,1593.2,25.51,17.66
7/4/2015 6:10,42189.26,1590.8,25.51,17.66
7/4/2015 6:20,42189.26,1588.8,25.51,17.66
7/4/2015 6:30,42189.27,1586.9,25.51,17.66
7/4/2015 6:40,42189.28,1585.1,25.52,17.66
7/4/2015 6:50,42189.28,1583.4,25.51,17.66
7/4/2015 7:00,42189.29,1582.1,25.51,17.65
7/4/2015 7:10,42189.30,1580.7,25.51,17.66
7/4/2015 7:20,42189.31,1579.8,25.51,17.66
7/4/2015 7:30,42189.31,1578.6,25.51,17.65
7/4/2015 7:40,42189.32,1577.5,25.51,17.66
7/4/2015 7:50,42189.33,1576.5,25.51,17.66
7/4/2015 8:00,42189.33,1575.8,25.51,17.66
7/4/2015 8:10,42189.34,1575.2,25.52,17.66
7/4/2015 8:20,42189.35,1574.6,25.51,17.66
7/4/2015 8:30,42189.35,1574.4,25.52,17.66
7/4/2015 8:40,42189.36,1575,25.51,17.66
7/4/2015 8:50,42189.37,1575.9,25.51,17.66
7/4/2015 9:00,42189.38,1577,25.51,17.66
7/4/2015 9:10,42189.38,1578.7,25.5,17.65
7/4/2015 9:20,42189.39,1580.8,25.51,17.65
7/4/2015 9:30,42189.40,1583.4,25.51,17.65
7/4/2015 9:40,42189.40,1585.9,25.51,17.65
7/4/2015 9:50,42189.41,1588.7,25.51,17.65
7/4/2015 10:00,42189.42,1591.8,25.5,17.65
7/4/2015 10:10,42189.42,1595.3,25.51,17.66
7/4/2015 10:20,42189.43,1598.6,25.51,17.66
7/4/2015 10:30,42189.44,1602.2,25.51,17.66
7/4/2015 10:40,42189.44,1605.7,25.51,17.66
7/4/2015 10:50,42189.45,1609.1,25.51,17.66
7/4/2015 11:00,42189.46,1612.5,25.51,17.66
7/4/2015 11:10,42189.47,1615.3,25.52,17.66
7/4/2015 11:20,42189.47,1618.9,25.53,17.64
7/4/2015 11:30,42189.48,1622.6,25.53,17.64
7/4/2015 11:40,42189.49,1625.6,25.52,17.66
7/4/2015 11:50,42189.49,1628.6,25.52,17.66
7/4/2015 12:00,42189.50,1631.3,25.52,17.66
7/4/2015 12:10,42189.51,1633.6,25.51,17.66
7/4/2015 12:20,42189.51,1635.5,25.52,17.66
7/4/2015 12:30,42189.52,1637,25.53,17.64
7/4/2015 12:40,42189.53,1638.7,25.52,17.66
7/4/2015 12:50,42189.53,1641,25.52,17.66
7/4/2015 13:00,42189.54,1643.2,25.53,17.64
7/4/2015 13:10,42189.55,1644.8,25.52,17.66
7/4/2015 13:20,42189.56,1646.6,25.53,17.64
7/4/2015 13:30,42189.56,1648.3,25.53,17.64
7/4/2015 13:40,42189.57,1650,25.53,17.64
7/4/2015 13:50,42189.58,1651.7,25.52,17.66
7/4/2015 14:00,42189.58,1652.8,25.52,17.66
7/4/2015 14:10,42189.59,1653.5,25.51,17.66
7/4/2015 14:20,42189.60,1654.3,25.51,17.66
7/4/2015 14:30,42189.60,1654.6,25.52,17.66
7/4/2015 14:40,42189.61,1654.2,25.52,17.66
7/4/2015 14:50,42189.62,1654.2,25.51,17.66
7/4/2015 15:00,42189.63,1653.1,25.52,17.66
7/4/2015 15:10,42189.63,1652.3,25.52,17.66
7/4/2015 15:20,42189.64,1650.4,25.52,17.66
7/4/2015 15:30,42189.65,1648.1,25.51,17.66
7/4/2015 15:40,42189.65,1645.8,25.51,17.66
7/4/2015 15:50,42189.66,1642.5,25.51,17.66
7/4/2015 16:00,42189.67,1639.1,25.51,17.66
7/4/2015 16:10,42189.67,1635.5,25.52,17.66
7/4/2015 16:20,42189.68,1632.5,25.52,17.66
7/4/2015 16:30,42189.69,1629.7,25.52,17.66
7/4/2015 16:40,42189.69,1627,25.51,17.66
7/4/2015 16:50,42189.70,1625.1,25.53,17.64
7/4/2015 17:00,42189.71,1622.7,25.53,17.64
7/4/2015 17:10,42189.72,1620.8,25.52,17.66
7/4/2015 17:20,42189.72,1618.5,25.52,17.66
7/4/2015 17:30,42189.73,1616.3,25.51,17.66
7/4/2015 17:40,42189.74,1614.2,25.52,17.66
7/4/2015 17:50,42189.74,1612.1,25.52,17.66
7/4/2015 18:00,42189.75,1609.7,25.52,17.66
7/4/2015 18:10,42189.76,1607.1,25.52,17.66
7/4/2015 18:20,42189.76,1604.6,25.52,17.66
7/4/2015 18:30,42189.77,1601.8,25.52,17.66
7/4/2015 18:40,42189.78,1598.9,25.52,17.66
7/4/2015 18:50,42189.78,1596.3,25.52,17.66
7/4/2015 19:00,42189.79,1593.5,25.52,17.66
7/4/2015 19:10,42189.80,1590.6,25.52,17.66
7/4/2015 19:20,42189.81,1588.5,25.51,17.66
7/4/2015 19:30,42189.81,1586.2,25.51,17.66
7/4/2015 19:40,42189.82,1584.1,25.51,17.66
7/4/2015 19:50,42189.83,1582.6,25.51,17.66
7/4/2015 20:00,42189.83,1580.8,25.52,17.66
7/4/2015 20:10,42189.84,1579.1,25.51,17.65
7/4/2015 20:20,42189.85,1577.9,25.51,17.66
7/4/2015 20:30,42189.85,1576.9,25.52,17.66
7/4/2015 20:40,42189.86,1576.1,25.51,17.65
7/4/2015 20:50,42189.87,1575.4,25.51,17.65
7/4/2015 21:00,42189.88,1575,25.51,17.66
7/4/2015 21:10,42189.88,1574.8,25.51,17.66
7/4/2015 21:20,42189.89,1575,25.52,17.66
7/4/2015 21:30,42189.90,1575.4,25.51,17.66
7/4/2015 21:40,42189.90,1576.4,25.52,17.66
7/4/2015 21:50,42189.91,1577.9,25.52,17.66
7/4/2015 22:00,42189.92,1579.3,25.51,17.66
7/4/2015 22:10,42189.92,1581.5,25.52,17.66
7/4/2015 22:20,42189.93,1584.2,25.52,17.66
7/4/2015 22:30,42189.94,1587,25.52,17.66
7/4/2015 22:40,42189.94,1589.9,25.52,17.66
7/4/2015 22:50,42189.95,1592.7,25.52,17.66
7/4/2015 23:00,42189.96,1596.2,25.52,17.66
7/4/2015 23:10,42189.97,1599.7,25.52,17.66
7/4/2015 23:20,42189.97,1603.2,25.52,17.66
7/4/2015 23:30,42189.98,1606.4,25.53,17.64
7/4/2015 23:40,42189.99,1609.7,25.53,17.64
7/4/2015 23:50,42189.99,1612.8,25.53,17.64
7/5/2015 0:00,42190.00,1615.5,25.52,17.66
7/5/2015 0:10,42190.01,1618.5,25.52,17.66
7/5/2015 0:20,42190.01,1621.7,25.53,17.64
7/5/2015 0:30,42190.02,1624.5,25.52,17.66
7/5/2015 0:40,42190.03,1627,25.52,17.66
7/5/2015 0:50,42190.03,1629.1,25.52,17.66
7/5/2015 1:00,42190.04,1630.5,25.52,17.66
7/5/2015 1:10,42190.05,1631.7,25.52,17.66
7/5/2015 1:20,42190.06,1632.5,25.53,17.64
7/5/2015 1:30,42190.06,1633.2,25.52,17.66
7/5/2015 1:40,42190.07,1634.7,25.52,17.66
7/5/2015 1:50,42190.08,1635.9,25.52,17.66
7/5/2015 2:00,42190.08,1637.5,25.52,17.66
7/5/2015 2:10,42190.09,1638.2,25.51,17.66
7/5/2015 2:20,42190.10,1639.1,25.52,17.66
7/5/2015 2:30,42190.10,1639.9,25.53,17.64
7/5/2015 2:40,42190.11,1640.5,25.52,17.66
7/5/2015 2:50,42190.12,1640.6,25.52,17.66
7/5/2015 3:00,42190.13,1640.7,25.52,17.66
7/5/2015 3:10,42190.13,1640.1,25.52,17.66
7/5/2015 3:20,42190.14,1638.9,25.53,17.64
7/5/2015 3:30,42190.15,1637.8,25.53,17.64
7/5/2015 3:40,42190.15,1635.9,25.52,17.66
7/5/2015 3:50,42190.16,1634,25.52,17.66
7/5/2015 4:00,42190.17,1632.1,25.52,17.66
7/5/2015 4:10,42190.17,1630.1,25.52,17.66
7/5/2015 4:20,42190.18,1628.3,25.51,17.66
7/5/2015 4:30,42190.19,1626,25.52,17.66
7/5/2015 4:40,42190.19,1624,25.52,17.66
7/5/2015 4:50,42190.20,1621.9,25.51,17.66
7/5/2015 5:00,42190.21,1619.5,25.52,17.66
7/5/2015 5:10,42190.22,1617.1,25.51,17.66
7/5/2015 5:20,42190.22,1614.8,25.52,17.66
7/5/2015 5:30,42190.23,1612.3,25.52,17.66
7/5/2015 5:40,42190.24,1609.7,25.51,17.66
7/5/2015 5:50,42190.24,1607.1,25.52,17.66
7/5/2015 6:00,42190.25,1604.3,25.52,17.66
7/5/2015 6:10,42190.26,1601.3,25.52,17.66
7/5/2015 6:20,42190.26,1598.4,25.51,17.66
7/5/2015 6:30,42190.27,1595.4,25.52,17.66
7/5/2015 6:40,42190.28,1593,25.51,17.66
7/5/2015 6:50,42190.28,1590.4,25.51,17.66
7/5/2015 7:00,42190.29,1588.1,25.51,17.66
7/5/2015 7:10,42190.30,1586.2,25.51,17.66
7/5/2015 7:20,42190.31,1584.5,25.51,17.66
7/5/2015 7:30,42190.31,1582.6,25.52,17.66
7/5/2015 7:40,42190.32,1581,25.52,17.66
7/5/2015 7:50,42190.33,1579.7,25.52,17.66
7/5/2015 8:00,42190.33,1578.5,25.52,17.66
7/5/2015 8:10,42190.34,1577.2,25.51,17.66
7/5/2015 8:20,42190.35,1576.3,25.51,17.66
7/5/2015 8:30,42190.35,1575.6,25.51,17.66
7/5/2015 8:40,42190.36,1574.7,25.52,17.66
7/5/2015 8:50,42190.37,1574.3,25.51,17.66
7/5/2015 9:00,42190.38,1573.9,25.51,17.65
7/5/2015 9:10,42190.38,1573.8,25.52,17.66
7/5/2015 9:20,42190.39,1574.3,25.51,17.66
7/5/2015 9:30,42190.40,1575,25.52,17.66
7/5/2015 9:40,42190.40,1576.1,25.51,17.66
7/5/2015 9:50,42190.41,1577.9,25.51,17.66
7/5/2015 10:00,42190.42,1579.9,25.52,17.66
7/5/2015 10:10,42190.42,1582.2,25.52,17.66
7/5/2015 10:20,42190.43,1584.6,25.51,17.66
7/5/2015 10:30,42190.44,1587.3,25.51,17.65
7/5/2015 10:40,42190.44,1590.1,25.52,17.66
7/5/2015 10:50,42190.45,1593.3,25.52,17.66
7/5/2015 11:00,42190.46,1596.6,25.52,17.66
7/5/2015 11:10,42190.47,1600.2,25.52,17.66
7/5/2015 11:20,42190.47,1603.5,25.52,17.66
7/5/2015 11:30,42190.48,1606.6,25.52,17.66
7/5/2015 11:40,42190.49,1609.8,25.51,17.66
7/5/2015 11:50,42190.49,1613.1,25.52,17.66
7/5/2015 12:00,42190.50,1616.3,25.52,17.66
7/5/2015 12:10,42190.51,1619.8,25.51,17.66
7/5/2015 12:20,42190.51,1622.9,25.51,17.66
7/5/2015 12:30,42190.52,1626.3,25.52,17.66
7/5/2015 12:40,42190.53,1629,25.53,17.64
7/5/2015 12:50,42190.53,1631.2,25.53,17.64
7/5/2015 13:00,42190.54,1632.8,25.53,17.64
7/5/2015 13:10,42190.55,1634.5,25.53,17.64
7/5/2015 13:20,42190.56,1636.4,25.51,17.66
7/5/2015 13:30,42190.56,1638.7,25.52,17.66
7/5/2015 13:40,42190.57,1641.3,25.52,17.66
7/5/2015 13:50,42190.58,1643,25.52,17.66
7/5/2015 14:00,42190.58,1644.2,25.52,17.66
7/5/2015 14:10,42190.59,1645.7,25.52,17.66
7/5/2015 14:20,42190.60,1646.8,25.52,17.66
7/5/2015 14:30,42190.60,1648.5,25.53,17.64
7/5/2015 14:40,42190.61,1649.9,25.52,17.66
7/5/2015 14:50,42190.62,1650.8,25.53,17.64
7/5/2015 15:00,42190.63,1651.2,25.54,17.65
7/5/2015 15:10,42190.63,1651,25.53,17.64
7/5/2015 15:20,42190.64,1651,25.52,17.66
7/5/2015 15:30,42190.65,1650.5,25.52,17.66
7/5/2015 15:40,42190.65,1650,25.51,17.66
7/5/2015 15:50,42190.66,1648.9,25.52,17.66
7/5/2015 16:00,42190.67,1646.9,25.52,17.66
7/5/2015 16:10,42190.67,1644.4,25.52,17.66
7/5/2015 16:20,42190.68,1641.6,25.52,17.66
7/5/2015 16:30,42190.69,1638.4,25.53,17.64
7/5/2015 16:40,42190.69,1635.2,25.52,17.66
7/5/2015 16:50,42190.70,1632.6,25.52,17.66
7/5/2015 17:00,42190.71,1629.9,25.52,17.66
7/5/2015 17:10,42190.72,1627.7,25.52,17.66
7/5/2015 17:20,42190.72,1625.2,25.52,17.66
7/5/2015 17:30,42190.73,1623.3,25.52,17.66
7/5/2015 17:40,42190.74,1621.2,25.52,17.66
7/5/2015 17:50,42190.74,1619.2,25.52,17.66
7/5/2015 18:00,42190.75,1617.5,25.53,17.64
7/5/2015 18:10,42190.76,1615.3,25.53,17.64
7/5/2015 18:20,42190.76,1613.7,25.53,17.64
7/5/2015 18:30,42190.77,1611.2,25.53,17.64
7/5/2015 18:40,42190.78,1608.8,25.52,17.66
7/5/2015 18:50,42190.78,1606.1,25.52,17.66
7/5/2015 19:00,42190.79,1603.2,25.51,17.66
7/5/2015 19:10,42190.80,1600.6,25.52,17.66
7/5/2015 19:20,42190.81,1597.9,25.51,17.66
7/5/2015 19:30,42190.81,1594.9,25.51,17.66
7/5/2015 19:40,42190.82,1592.5,25.51,17.65
7/5/2015 19:50,42190.83,1590.1,25.51,17.66
7/5/2015 20:00,42190.83,1587.8,25.51,17.66
7/5/2015 20:10,42190.84,1585.7,25.51,17.66
7/5/2015 20:20,42190.85,1583.8,25.51,17.66
7/5/2015 20:30,42190.85,1581.8,25.52,17.66
7/5/2015 20:40,42190.86,1580.7,25.51,17.66
7/5/2015 20:50,42190.87,1579.3,25.51,17.66
7/5/2015 21:00,42190.88,1578.2,25.52,17.66
7/5/2015 21:10,42190.88,1577.1,25.52,17.66
7/5/2015 21:20,42190.89,1576.1,25.52,17.66
7/5/2015 21:30,42190.90,1575.2,25.52,17.66
7/5/2015 21:40,42190.90,1574.8,25.52,17.66
7/5/2015 21:50,42190.91,1574.5,25.52,17.66
7/5/2015 22:00,42190.92,1575,25.52,17.66
7/5/2015 22:10,42190.92,1575.6,25.52,17.66
7/5/2015 22:20,42190.93,1576.6,25.51,17.66
7/5/2015 22:30,42190.94,1578,25.51,17.66
7/5/2015 22:40,42190.94,1580.1,25.51,17.66
7/5/2015 22:50,42190.95,1582.4,25.51,17.66
7/5/2015 23:00,42190.96,1584.9,25.52,17.66
7/5/2015 23:10,42190.97,1587.4,25.52,17.66
7/5/2015 23:20,42190.97,1590.3,25.52,17.66
7/5/2015 23:30,42190.98,1593.5,25.52,17.66
7/5/2015 23:40,42190.99,1596.8,25.52,17.66
7/5/2015 23:50,42190.99,1600,25.52,17.66
7/6/2015 0:00,42191.00,1603.2,25.53,17.64
7/6/2015 0:10,42191.01,1606.2,25.52,17.66
7/6/2015 0:20,42191.01,1609,25.52,17.66
7/6/2015 0:30,42191.02,1611.9,25.52,17.66
7/6/2015 0:40,42191.03,1614.4,25.52,17.66
7/6/2015 0:50,42191.03,1617.8,25.52,17.66
7/6/2015 1:00,42191.04,1620.6,25.53,17.64
7/6/2015 1:10,42191.05,1623.4,25.52,17.66
7/6/2015 1:20,42191.06,1626,25.52,17.66
7/6/2015 1:30,42191.06,1627.6,25.53,17.64
7/6/2015 1:40,42191.07,1629,25.53,17.64
7/6/2015 1:50,42191.08,1630.2,25.54,17.65
7/6/2015 2:00,42191.08,1631.3,25.53,17.64
7/6/2015 2:10,42191.09,1632.5,25.53,17.64
7/6/2015 2:20,42191.10,1633.6,25.52,17.66
7/6/2015 2:30,42191.10,1635,25.52,17.66
7/6/2015 2:40,42191.11,1636.3,25.53,17.64
7/6/2015 2:50,42191.12,1636.8,25.53,17.64
7/6/2015 3:00,42191.13,1638,25.53,17.64
7/6/2015 3:10,42191.13,1638.9,25.52,17.66
7/6/2015 3:20,42191.14,1639.8,25.51,17.66
7/6/2015 3:30,42191.15,1640.1,25.52,17.66
7/6/2015 3:40,42191.15,1640.3,25.52,17.66
7/6/2015 3:50,42191.16,1640,25.52,17.66
7/6/2015 4:00,42191.17,1638.9,25.52,17.66
7/6/2015 4:10,42191.17,1637.7,25.52,17.66
7/6/2015 4:20,42191.18,1636.1,25.52,17.66
7/6/2015 4:30,42191.19,1634.3,25.52,17.66
7/6/2015 4:40,42191.19,1632.7,25.52,17.66
7/6/2015 4:50,42191.20,1631,25.52,17.66
7/6/2015 5:00,42191.21,1629.5,25.53,17.64
7/6/2015 5:10,42191.22,1627.4,25.53,17.64
7/6/2015 5:20,42191.22,1625.3,25.52,17.66
7/6/2015 5:30,42191.23,1623.6,25.52,17.66
7/6/2015 5:40,42191.24,1621.6,25.52,17.66
7/6/2015 5:50,42191.24,1619.3,25.52,17.66
7/6/2015 6:00,42191.25,1617.1,25.52,17.66
7/6/2015 6:10,42191.26,1615.1,25.52,17.66
7/6/2015 6:20,42191.26,1612.8,25.52,17.66
7/6/2015 6:30,42191.27,1610.2,25.52,17.66
7/6/2015 6:40,42191.28,1607.8,25.52,17.66
7/6/2015 6:50,42191.28,1605.3,25.52,17.66
7/6/2015 7:00,42191.29,1602.3,25.52,17.66
7/6/2015 7:10,42191.30,1599.7,25.52,17.66
7/6/2015 7:20,42191.31,1596.8,25.52,17.66
7/6/2015 7:30,42191.31,1594.3,25.52,17.66
7/6/2015 7:40,42191.32,1591.9,25.51,17.66
7/6/2015 7:50,42191.33,1589.7,25.52,17.66
7/6/2015 8:00,42191.33,1587.7,25.52,17.66
7/6/2015 8:10,42191.34,1586.2,25.51,17.66
7/6/2015 8:20,42191.35,1584.4,25.52,17.66
7/6/2015 8:30,42191.35,1583.1,25.51,17.66
7/6/2015 8:40,42191.36,1581.8,25.52,17.66
7/6/2015 8:50,42191.37,1580.4,25.52,17.66
7/6/2015 9:00,42191.38,1579.3,25.52,17.66
7/6/2015 9:10,42191.38,1578.5,25.52,17.66
7/6/2015 9:20,42191.39,1577.6,25.52,17.66
7/6/2015 9:30,42191.40,1577,25.51,17.66
7/6/2015 9:40,42191.40,1576.6,25.52,17.66
7/6/2015 9:50,42191.41,1576.5,25.51,17.66
7/6/2015 10:00,42191.42,1576.6,25.52,17.66
7/6/2015 10:10,42191.42,1576.8,25.51,17.66
7/6/2015 10:20,42191.43,1577.7,25.52,17.66
7/6/2015 10:30,42191.44,1578.9,25.52,17.66
7/6/2015 10:40,42191.44,1580.5,25.51,17.66
7/6/2015 10:50,42191.45,1582.3,25.52,17.66
7/6/2015 11:00,42191.46,1584.3,25.52,17.66
7/6/2015 11:10,42191.47,1586.7,25.52,17.66
7/6/2015 11:20,42191.47,1589.2,25.52,17.66
7/6/2015 11:30,42191.48,1591.8,25.51,17.66
7/6/2015 11:40,42191.49,1594.7,25.52,17.66
7/6/2015 11:50,42191.49,1598.1,25.52,17.66
7/6/2015 12:00,42191.50,1600.9,25.52,17.66
7/6/2015 12:10,42191.51,1604.1,25.52,17.66
7/6/2015 12:20,42191.51,1606.9,25.52,17.66
7/6/2015 12:30,42191.52,1610,25.53,17.64
7/6/2015 12:40,42191.53,1612.8,25.52,17.66
7/6/2015 12:50,42191.53,1616.1,25.52,17.66
7/6/2015 13:00,42191.54,1619.1,25.52,17.66
7/6/2015 13:10,42191.55,1622.4,25.52,17.66
7/6/2015 13:20,42191.56,1624.8,25.52,17.66
7/6/2015 13:30,42191.56,1626.9,25.52,17.66
7/6/2015 13:40,42191.57,1628.4,25.53,17.64
7/6/2015 13:50,42191.58,1629.8,25.53,17.64
7/6/2015 14:00,42191.58,1631.4,25.52,17.66
7/6/2015 14:10,42191.59,1633,25.53,17.64
7/6/2015 14:20,42191.60,1634.7,25.53,17.64
7/6/2015 14:30,42191.60,1636.4,25.53,17.64
7/6/2015 14:40,42191.61,1638.4,25.53,17.64
7/6/2015 14:50,42191.62,1640.5,25.53,17.64
7/6/2015 15:00,42191.63,1641.8,25.53,17.64
7/6/2015 15:10,42191.63,1642.9,25.53,17.64
7/6/2015 15:20,42191.64,1644.1,25.53,17.64
7/6/2015 15:30,42191.65,1644.8,25.53,17.64
7/6/2015 15:40,42191.65,1645.5,25.53,17.64
7/6/2015 15:50,42191.66,1645.8,25.53,17.64
7/6/2015 16:00,42191.67,1645.8,25.53,17.64
7/6/2015 16:10,42191.67,1645.7,25.52,17.66
7/6/2015 16:20,42191.68,1645.4,25.52,17.66
7/6/2015 16:30,42191.69,1644.3,25.52,17.66
7/6/2015 16:40,42191.69,1643,25.52,17.66
7/6/2015 16:50,42191.70,1641.2,25.53,17.64
7/6/2015 17:00,42191.71,1638.7,25.53,17.64
7/6/2015 17:10,42191.72,1636.1,25.52,17.66
7/6/2015 17:20,42191.72,1633.6,25.52,17.66
7/6/2015 17:30,42191.73,1631.2,25.52,17.66
7/6/2015 17:40,42191.74,1629.1,25.52,17.66
7/6/2015 17:50,42191.74,1627.2,25.53,17.64
7/6/2015 18:00,42191.75,1625.5,25.52,17.66
7/6/2015 18:10,42191.76,1623.6,25.52,17.66
7/6/2015 18:20,42191.76,1621.6,25.52,17.66
7/6/2015 18:30,42191.77,1619.7,25.52,17.66
7/6/2015 18:40,42191.78,1617.8,25.52,17.66
7/6/2015 18:50,42191.78,1615.7,25.52,17.66
7/6/2015 19:00,42191.79,1613.7,25.52,17.66
7/6/2015 19:10,42191.80,1611.8,25.53,17.64
7/6/2015 19:20,42191.81,1609.7,25.52,17.66
7/6/2015 19:30,42191.81,1607.1,25.52,17.66
7/6/2015 19:40,42191.82,1604.2,25.52,17.66
7/6/2015 19:50,42191.83,1601.5,25.52,17.66
7/6/2015 20:00,42191.83,1598.6,25.52,17.66
7/6/2015 20:10,42191.84,1596.1,25.52,17.66
7/6/2015 20:20,42191.85,1593.5,25.52,17.66
7/6/2015 20:30,42191.85,1591.1,25.52,17.66
7/6/2015 20:40,42191.86,1589.1,25.52,17.66
7/6/2015 20:50,42191.87,1587,25.52,17.66
7/6/2015 21:00,42191.88,1585.5,25.52,17.66
7/6/2015 21:10,42191.88,1583.7,25.52,17.66
7/6/2015 21:20,42191.89,1582.5,25.52,17.66
7/6/2015 21:30,42191.90,1581.1,25.52,17.66
7/6/2015 21:40,42191.90,1580.1,25.52,17.66
7/6/2015 21:50,42191.91,1579.3,25.52,17.66
7/6/2015 22:00,42191.92,1578.4,25.51,17.66
7/6/2015 22:10,42191.92,1577.9,25.52,17.66
7/6/2015 22:20,42191.93,1577.5,25.52,17.66
7/6/2015 22:30,42191.94,1577.3,25.52,17.66
7/6/2015 22:40,42191.94,1577.3,25.52,17.66
7/6/2015 22:50,42191.95,1577.7,25.51,17.66
7/6/2015 23:00,42191.96,1578.4,25.52,17.66
7/6/2015 23:10,42191.97,1579.4,25.52,17.66
7/6/2015 23:20,42191.97,1581,25.52,17.66
7/6/2015 23:30,42191.98,1583,25.52,17.66
7/6/2015 23:40,42191.99,1584.9,25.52,17.66
7/6/2015 23:50,42191.99,1587.2,25.52,17.66
7/7/2015 0:00,42192.00,1589.7,25.52,17.66
7/7/2015 0:10,42192.01,1592.5,25.52,17.66
7/7/2015 0:20,42192.01,1595.3,25.52,17.66
7/7/2015 0:30,42192.02,1598.2,25.52,17.66
7/7/2015 0:40,42192.03,1601.1,25.52,17.66
7/7/2015 0:50,42192.03,1603.8,25.53,17.64
7/7/2015 1:00,42192.04,1606.4,25.52,17.66
7/7/2015 1:10,42192.05,1609.1,25.53,17.64
7/7/2015 1:20,42192.06,1611.9,25.53,17.64
7/7/2015 1:30,42192.06,1614.6,25.52,17.66
7/7/2015 1:40,42192.07,1617.5,25.52,17.66
7/7/2015 1:50,42192.08,1620.1,25.52,17.66
7/7/2015 2:00,42192.08,1622.7,25.52,17.66
7/7/2015 2:10,42192.09,1624.7,25.52,17.66
7/7/2015 2:20,42192.10,1626.3,25.52,17.66
7/7/2015 2:30,42192.10,1627,25.52,17.66
7/7/2015 2:40,42192.11,1628.6,25.52,17.66
7/7/2015 2:50,42192.12,1629.4,25.52,17.66
7/7/2015 3:00,42192.13,1630.7,25.53,17.64
7/7/2015 3:10,42192.13,1631.8,25.53,17.64
7/7/2015 3:20,42192.14,1632.6,25.52,17.66
7/7/2015 3:30,42192.15,1633.3,25.52,17.66
7/7/2015 3:40,42192.15,1634,25.53,17.64
7/7/2015 3:50,42192.16,1634.8,25.53,17.64
7/7/2015 4:00,42192.17,1635.2,25.53,17.64
7/7/2015 4:10,42192.17,1635.6,25.53,17.64
7/7/2015 4:20,42192.18,1635.9,25.53,17.64
7/7/2015 4:30,42192.19,1635.9,25.52,17.66
7/7/2015 4:40,42192.19,1635.5,25.52,17.66
7/7/2015 4:50,42192.20,1634.7,25.52,17.66
7/7/2015 5:00,42192.21,1633.6,25.52,17.66
7/7/2015 5:10,42192.22,1633,25.53,17.64
7/7/2015 5:20,42192.22,1631.9,25.53,17.64
7/7/2015 5:30,42192.23,1630.5,25.53,17.64
7/7/2015 5:40,42192.24,1629.3,25.53,17.64
7/7/2015 5:50,42192.24,1627.9,25.52,17.66
7/7/2015 6:00,42192.25,1626.3,25.52,17.66
7/7/2015 6:10,42192.26,1624.5,25.53,17.64
7/7/2015 6:20,42192.26,1622.7,25.53,17.64
7/7/2015 6:30,42192.27,1620.6,25.52,17.66
7/7/2015 6:40,42192.28,1618.4,25.52,17.66
7/7/2015 6:50,42192.28,1616.5,25.52,17.66
7/7/2015 7:00,42192.29,1614.2,25.52,17.66
7/7/2015 7:10,42192.30,1611.7,25.52,17.66
7/7/2015 7:20,42192.31,1609.1,25.52,17.66
7/7/2015 7:30,42192.31,1606.5,25.52,17.66
7/7/2015 7:40,42192.32,1604.1,25.52,17.66
7/7/2015 7:50,42192.33,1601.3,25.52,17.66
7/7/2015 8:00,42192.33,1598.6,25.52,17.66
7/7/2015 8:10,42192.34,1596.3,25.51,17.66
7/7/2015 8:20,42192.35,1594,25.52,17.66
7/7/2015 8:30,42192.35,1592.1,25.52,17.66
7/7/2015 8:40,42192.36,1590.2,25.52,17.66
7/7/2015 8:50,42192.37,1588.7,25.52,17.66
7/7/2015 9:00,42192.38,1586.9,25.52,17.66
7/7/2015 9:10,42192.38,1585.3,25.52,17.66
7/7/2015 9:20,42192.39,1584.1,25.52,17.66
7/7/2015 9:30,42192.40,1582.8,25.52,17.66
7/7/2015 9:40,42192.40,1582.2,25.52,17.66
7/7/2015 9:50,42192.41,1581,25.52,17.66
7/7/2015 10:00,42192.42,1580.3,25.52,17.66
7/7/2015 10:10,42192.42,1579.4,25.52,17.66
7/7/2015 10:20,42192.43,1579.1,25.52,17.66
7/7/2015 10:30,42192.44,1578.7,25.52,17.66
7/7/2015 10:40,42192.44,1578.7,25.52,17.66
7/7/2015 10:50,42192.45,1579,25.52,17.66
7/7/2015 11:00,42192.46,1580,25.52,17.66
7/7/2015 11:10,42192.47,1581,25.52,17.66
7/7/2015 11:20,42192.47,1582.3,25.52,17.66
7/7/2015 11:30,42192.48,1584.1,25.52,17.66
7/7/2015 11:40,42192.49,1585.8,25.52,17.66
7/7/2015 11:50,42192.49,1587.8,25.52,17.66
7/7/2015 12:00,42192.50,1590,25.52,17.66
7/7/2015 12:10,42192.51,1592.3,25.52,17.66
7/7/2015 12:20,42192.51,1594.9,25.53,17.64
7/7/2015 12:30,42192.52,1598.1,25.52,17.66
7/7/2015 12:40,42192.53,1600.4,25.52,17.66
7/7/2015 12:50,42192.53,1603.2,25.53,17.64
7/7/2015 13:00,42192.54,1605.7,25.52,17.66
7/7/2015 13:10,42192.55,1608.4,25.53,17.64
7/7/2015 13:20,42192.56,1611.1,25.53,17.64
7/7/2015 13:30,42192.56,1613.9,25.52,17.66
7/7/2015 13:40,42192.57,1616.8,25.52,17.66
7/7/2015 13:50,42192.58,1619.8,25.52,17.66
7/7/2015 14:00,42192.58,1622.6,25.52,17.66
7/7/2015 14:10,42192.59,1624.7,25.52,17.66
7/7/2015 14:20,42192.60,1626.5,25.52,17.66
7/7/2015 14:30,42192.60,1628.1,25.52,17.66
7/7/2015 14:40,42192.61,1629.1,25.53,17.64
7/7/2015 14:50,42192.62,1630.4,25.53,17.64
7/7/2015 15:00,42192.63,1631.3,25.52,17.66
7/7/2015 15:10,42192.63,1632.6,25.52,17.66
7/7/2015 15:20,42192.64,1633.8,25.52,17.66
7/7/2015 15:30,42192.65,1635.2,25.52,17.66
7/7/2015 15:40,42192.65,1636.3,25.53,17.64
7/7/2015 15:50,42192.66,1637.5,25.53,17.64
7/7/2015 16:00,42192.67,1638.7,25.52,17.66
7/7/2015 16:10,42192.67,1639.6,25.53,17.64
7/7/2015 16:20,42192.68,1640.3,25.53,17.64
7/7/2015 16:30,42192.69,1641,25.53,17.64
7/7/2015 16:40,42192.69,1641.7,25.53,17.64
7/7/2015 16:50,42192.70,1641.9,25.53,17.64
7/7/2015 17:00,42192.71,1641.5,25.53,17.64
7/7/2015 17:10,42192.72,1641.2,25.52,17.66
7/7/2015 17:20,42192.72,1640.1,25.53,17.64
7/7/2015 17:30,42192.73,1638.4,25.53,17.64
7/7/2015 17:40,42192.74,1636.6,25.52,17.66
7/7/2015 17:50,42192.74,1634.3,25.53,17.64
7/7/2015 18:00,42192.75,1632.6,25.52,17.66
7/7/2015 18:10,42192.76,1630.9,25.52,17.66
7/7/2015 18:20,42192.76,1629.1,25.52,17.66
7/7/2015 18:30,42192.77,1627.7,25.52,17.66
7/7/2015 18:40,42192.78,1626.2,25.53,17.64
7/7/2015 18:50,42192.78,1624.7,25.53,17.64
7/7/2015 19:00,42192.79,1622.9,25.53,17.64
7/7/2015 19:10,42192.80,1620.8,25.52,17.66
7/7/2015 19:20,42192.81,1618.9,25.52,17.66
7/7/2015 19:30,42192.81,1617,25.52,17.66
7/7/2015 19:40,42192.82,1615.1,25.52,17.66
7/7/2015 19:50,42192.83,1613,25.53,17.64
7/7/2015 20:00,42192.83,1610.7,25.52,17.66
7/7/2015 20:10,42192.84,1608.4,25.52,17.66
7/7/2015 20:20,42192.85,1605.8,25.52,17.66
7/7/2015 20:30,42192.85,1602.9,25.53,17.64
7/7/2015 20:40,42192.86,1600.4,25.52,17.66
7/7/2015 20:50,42192.87,1598.1,25.52,17.66
7/7/2015 21:00,42192.88,1595.4,25.53,17.64
7/7/2015 21:10,42192.88,1593.3,25.53,17.64
7/7/2015 21:20,42192.89,1591.5,25.52,17.66
7/7/2015 21:30,42192.90,1589.4,25.52,17.66
7/7/2015 21:40,42192.90,1587.8,25.52,17.66
7/7/2015 21:50,42192.91,1586,25.52,17.66
7/7/2015 22:00,42192.92,1584.6,25.52,17.66
7/7/2015 22:10,42192.92,1583.4,25.52,17.66
7/7/2015 22:20,42192.93,1582.6,25.52,17.66
7/7/2015 22:30,42192.94,1581.5,25.52,17.66
7/7/2015 22:40,42192.94,1580.8,25.52,17.66
7/7/2015 22:50,42192.95,1580.1,25.52,17.66
7/7/2015 23:00,42192.96,1579.8,25.52,17.66
7/7/2015 23:10,42192.97,1579.3,25.52,17.66
7/7/2015 23:20,42192.97,1579.1,25.52,17.66
7/7/2015 23:30,42192.98,1579.2,25.52,17.66
7/7/2015 23:40,42192.99,1579.8,25.52,17.66
7/7/2015 23:50,42192.99,1580.7,25.52,17.66
7/8/2015 0:00,42193.00,1581.7,25.52,17.66
7/8/2015 0:10,42193.01,1583.3,25.52,17.66
7/8/2015 0:20,42193.01,1584.8,25.52,17.66
7/8/2015 0:30,42193.02,1586.6,25.52,17.66
7/8/2015 0:40,42193.03,1588.8,25.52,17.66
7/8/2015 0:50,42193.03,1590.8,25.52,17.66
7/8/2015 1:00,42193.04,1593.3,25.52,17.66
7/8/2015 1:10,42193.05,1596.1,25.53,17.64
7/8/2015 1:20,42193.06,1598.6,25.53,17.64
7/8/2015 1:30,42193.06,1601,25.52,17.66
7/8/2015 1:40,42193.07,1603.2,25.52,17.66
7/8/2015 1:50,42193.08,1605.7,25.52,17.66
7/8/2015 2:00,42193.08,1608.1,25.52,17.66
7/8/2015 2:10,42193.09,1610.4,25.53,17.64
7/8/2015 2:20,42193.10,1612.8,25.52,17.66
7/8/2015 2:30,42193.10,1615.8,25.52,17.66
7/8/2015 2:40,42193.11,1618.5,25.52,17.66
7/8/2015 2:50,42193.12,1620.8,25.52,17.66
7/8/2015 3:00,42193.13,1622.6,25.53,17.64
7/8/2015 3:10,42193.13,1623.8,25.53,17.64
7/8/2015 3:20,42193.14,1625.1,25.53,17.64
7/8/2015 3:30,42193.15,1626.5,25.53,17.64
7/8/2015 3:40,42193.15,1627.4,25.53,17.64
7/8/2015 3:50,42193.16,1628.4,25.53,17.64
7/8/2015 4:00,42193.17,1629,25.53,17.64
7/8/2015 4:10,42193.17,1629.8,25.53,17.64
7/8/2015 4:20,42193.18,1630,25.52,17.66
7/8/2015 4:30,42193.19,1630.8,25.53,17.64
7/8/2015 4:40,42193.19,1631.2,25.52,17.66
7/8/2015 4:50,42193.20,1631.4,25.52,17.66
7/8/2015 5:00,42193.21,1631.9,25.52,17.66
7/8/2015 5:10,42193.22,1632.2,25.53,17.64
7/8/2015 5:20,42193.22,1632.4,25.53,17.64
7/8/2015 5:30,42193.23,1631.9,25.52,17.66
7/8/2015 5:40,42193.24,1631.8,25.53,17.64
7/8/2015 5:50,42193.24,1631.4,25.53,17.64
7/8/2015 6:00,42193.25,1630.9,25.54,17.65
7/8/2015 6:10,42193.26,1630.1,25.53,17.64
7/8/2015 6:20,42193.26,1629,25.53,17.64
7/8/2015 6:30,42193.27,1627.7,25.52,17.66
7/8/2015 6:40,42193.28,1626.3,25.52,17.66
7/8/2015 6:50,42193.28,1625,25.53,17.64
7/8/2015 7:00,42193.29,1623.3,25.52,17.66
7/8/2015 7:10,42193.30,1621.5,25.52,17.66
7/8/2015 7:20,42193.31,1619.6,25.53,17.64
7/8/2015 7:30,42193.31,1617.3,25.52,17.66
7/8/2015 7:40,42193.32,1615.3,25.52,17.66
7/8/2015 7:50,42193.33,1613,25.52,17.66
7/8/2015 8:00,42193.33,1611.1,25.52,17.66
7/8/2015 8:10,42193.34,1608.4,25.52,17.66
7/8/2015 8:20,42193.35,1606,25.52,17.66
7/8/2015 8:30,42193.35,1603.6,25.52,17.66
7/8/2015 8:40,42193.36,1601,25.52,17.66
7/8/2015 8:50,42193.37,1598.9,25.52,17.66
7/8/2015 9:00,42193.38,1596.7,25.52,17.66
7/8/2015 9:10,42193.38,1594.7,25.52,17.66
7/8/2015 9:20,42193.39,1593.2,25.53,17.64
7/8/2015 9:30,42193.40,1591.9,25.53,17.64
7/8/2015 9:40,42193.40,1590.6,25.52,17.66
7/8/2015 9:50,42193.41,1589,25.53,17.64
7/8/2015 10:00,42193.42,1587.8,25.52,17.66
7/8/2015 10:10,42193.42,1586.7,25.52,17.66
7/8/2015 10:20,42193.43,1585.9,25.52,17.66
7/8/2015 10:30,42193.44,1585.3,25.52,17.66
7/8/2015 10:40,42193.44,1584.6,25.52,17.66
7/8/2015 10:50,42193.45,1583.9,25.52,17.66
7/8/2015 11:00,42193.46,1583.4,25.52,17.66
7/8/2015 11:10,42193.47,1583,25.52,17.66
7/8/2015 11:20,42193.47,1582.9,25.52,17.66
7/8/2015 11:30,42193.48,1582.8,25.53,17.64
7/8/2015 11:40,42193.49,1583.1,25.53,17.64
7/8/2015 11:50,42193.49,1583.6,25.52,17.66
7/8/2015 12:00,42193.50,1584.5,25.53,17.64
7/8/2015 12:10,42193.51,1585.5,25.52,17.66
7/8/2015 12:20,42193.51,1586.7,25.52,17.66
7/8/2015 12:30,42193.52,1588,25.53,17.64
7/8/2015 12:40,42193.53,1589.7,25.52,17.66
7/8/2015 12:50,42193.53,1591.8,25.53,17.64
7/8/2015 13:00,42193.54,1594,25.52,17.66
7/8/2015 13:10,42193.55,1596,25.52,17.66
7/8/2015 13:20,42193.56,1598.6,25.53,17.64
7/8/2015 13:30,42193.56,1600.8,25.53,17.64
7/8/2015 13:40,42193.57,1603.1,25.52,17.66
7/8/2015 13:50,42193.58,1605.5,25.53,17.64
7/8/2015 14:00,42193.58,1607.8,25.52,17.66
7/8/2015 14:10,42193.59,1610,25.52,17.66
7/8/2015 14:20,42193.60,1612.6,25.53,17.64
7/8/2015 14:30,42193.60,1615.1,25.53,17.64
7/8/2015 14:40,42193.61,1617.3,25.53,17.64
7/8/2015 14:50,42193.62,1619.2,25.52,17.66
7/8/2015 15:00,42193.63,1621.2,25.53,17.64
7/8/2015 15:10,42193.63,1622.7,25.53,17.64
7/8/2015 15:20,42193.64,1623.8,25.53,17.64
7/8/2015 15:30,42193.65,1625.1,25.53,17.64
7/8/2015 15:40,42193.65,1626,25.53,17.64
7/8/2015 15:50,42193.66,1627,25.53,17.64
7/8/2015 16:00,42193.67,1627.4,25.53,17.64
7/8/2015 16:10,42193.67,1628.3,25.52,17.66
7/8/2015 16:20,42193.68,1629.1,25.53,17.64
7/8/2015 16:30,42193.69,1629.7,25.53,17.64
7/8/2015 16:40,42193.69,1630.4,25.53,17.64
7/8/2015 16:50,42193.70,1630.7,25.53,17.64
7/8/2015 17:00,42193.71,1631.1,25.52,17.66
7/8/2015 17:10,42193.72,1631.1,25.53,17.64
7/8/2015 17:20,42193.72,1631.2,25.53,17.64
7/8/2015 17:30,42193.73,1631.5,25.52,17.66
7/8/2015 17:40,42193.74,1631.2,25.53,17.64
7/8/2015 17:50,42193.74,1631.2,25.53,17.64
7/8/2015 18:00,42193.75,1630.9,25.52,17.66
7/8/2015 18:10,42193.76,1630.4,25.53,17.64
7/8/2015 18:20,42193.76,1629.8,25.53,17.64
7/8/2015 18:30,42193.77,1628.8,25.53,17.64
7/8/2015 18:40,42193.78,1628,25.53,17.64
7/8/2015 18:50,42193.78,1626.7,25.52,17.66
7/8/2015 19:00,42193.79,1625.3,25.53,17.64
7/8/2015 19:10,42193.80,1624,25.52,17.66
7/8/2015 19:20,42193.81,1622,25.53,17.64
7/8/2015 19:30,42193.81,1620.4,25.52,17.66
7/8/2015 19:40,42193.82,1618.5,25.53,17.64
7/8/2015 19:50,42193.83,1616.5,25.52,17.66
7/8/2015 20:00,42193.83,1614.6,25.53,17.64
7/8/2015 20:10,42193.84,1612.6,25.53,17.64
7/8/2015 20:20,42193.85,1610.5,25.53,17.64
7/8/2015 20:30,42193.85,1607.9,25.53,17.64
7/8/2015 20:40,42193.86,1605.5,25.53,17.64
7/8/2015 20:50,42193.87,1603.4,25.53,17.64
7/8/2015 21:00,42193.88,1600.8,25.53,17.64
7/8/2015 21:10,42193.88,1598.8,25.53,17.64
7/8/2015 21:20,42193.89,1596.7,25.52,17.66
7/8/2015 21:30,42193.90,1594.7,25.52,17.66
7/8/2015 21:40,42193.90,1593.2,25.52,17.66
7/8/2015 21:50,42193.91,1591.9,25.53,17.64
7/8/2015 22:00,42193.92,1590.6,25.53,17.64
7/8/2015 22:10,42193.92,1589,25.52,17.66
7/8/2015 22:20,42193.93,1587.8,25.52,17.66
7/8/2015 22:30,42193.94,1586.6,25.52,17.66
7/8/2015 22:40,42193.94,1585.5,25.52,17.66
7/8/2015 22:50,42193.95,1584.4,25.52,17.66
7/8/2015 23:00,42193.96,1583.4,25.52,17.66
7/8/2015 23:10,42193.97,1582.8,25.52,17.66
7/8/2015 23:20,42193.97,1581.9,25.52,17.66
7/8/2015 23:30,42193.98,1581.5,25.52,17.66
7/8/2015 23:40,42193.99,1581.4,25.52,17.66
7/8/2015 23:50,42193.99,1581.4,25.53,17.64
7/9/2015 0:00,42194.00,1581.7,25.52,17.66
7/9/2015 0:10,42194.01,1582.2,25.53,17.64
7/9/2015 0:20,42194.01,1582.9,25.52,17.66
7/9/2015 0:30,42194.02,1583.6,25.53,17.64
7/9/2015 0:40,42194.03,1584.5,25.52,17.66
7/9/2015 0:50,42194.03,1585.5,25.52,17.66
7/9/2015 1:00,42194.04,1586.9,25.52,17.66
7/9/2015 1:10,42194.05,1588.3,25.52,17.66
7/9/2015 1:20,42194.06,1590.2,25.53,17.64
7/9/2015 1:30,42194.06,1592.1,25.53,17.64
7/9/2015 1:40,42194.07,1594.3,25.53,17.64
7/9/2015 1:50,42194.08,1596.8,25.53,17.64
7/9/2015 2:00,42194.08,1599.3,25.52,17.66
7/9/2015 2:10,42194.09,1602,25.52,17.66
7/9/2015 2:20,42194.10,1604.1,25.52,17.66
7/9/2015 2:30,42194.10,1606.4,25.53,17.64
7/9/2015 2:40,42194.11,1608.8,25.53,17.64
7/9/2015 2:50,42194.12,1611.6,25.52,17.66
7/9/2015 3:00,42194.13,1613.9,25.53,17.64
7/9/2015 3:10,42194.13,1615.8,25.53,17.64
7/9/2015 3:20,42194.14,1618,25.53,17.64
7/9/2015 3:30,42194.15,1619.8,25.54,17.65
7/9/2015 3:40,42194.15,1621.2,25.54,17.65
7/9/2015 3:50,42194.16,1622.9,25.54,17.65
7/9/2015 4:00,42194.17,1624.3,25.53,17.64
7/9/2015 4:10,42194.17,1625.6,25.53,17.64
7/9/2015 4:20,42194.18,1626.6,25.53,17.65
7/9/2015 4:30,42194.19,1627.4,25.53,17.64
7/9/2015 4:40,42194.19,1628.3,25.53,17.64
7/9/2015 4:50,42194.20,1629.3,25.53,17.64
7/9/2015 5:00,42194.21,1629.8,25.54,17.65
7/9/2015 5:10,42194.22,1630.7,25.54,17.65
7/9/2015 5:20,42194.22,1631.1,25.53,17.64
7/9/2015 5:30,42194.23,1631.7,25.53,17.64
7/9/2015 5:40,42194.24,1631.8,25.53,17.64
7/9/2015 5:50,42194.24,1631.8,25.54,17.64
7/9/2015 6:00,42194.25,1631.9,25.53,17.64
7/9/2015 6:10,42194.26,1631.8,25.53,17.64
7/9/2015 6:20,42194.26,1631.8,25.53,17.64
7/9/2015 6:30,42194.27,1631.4,25.53,17.64
7/9/2015 6:40,42194.28,1631.2,25.53,17.64
7/9/2015 6:50,42194.28,1630.8,25.53,17.64
7/9/2015 7:00,42194.29,1630,25.54,17.65
7/9/2015 7:10,42194.30,1629.1,25.54,17.65
7/9/2015 7:20,42194.31,1628.2,25.53,17.65
7/9/2015 7:30,42194.31,1626.9,25.53,17.64
7/9/2015 7:40,42194.32,1625.5,25.52,17.66
7/9/2015 7:50,42194.33,1624,25.53,17.64
7/9/2015 8:00,42194.33,1622.4,25.52,17.66
7/9/2015 8:10,42194.34,1620.8,25.52,17.66
7/9/2015 8:20,42194.35,1619.2,25.52,17.66
7/9/2015 8:30,42194.35,1617.1,25.53,17.64
7/9/2015 8:40,42194.36,1615.1,25.53,17.64
7/9/2015 8:50,42194.37,1613,25.52,17.66
7/9/2015 9:00,42194.38,1610.9,25.52,17.66
7/9/2015 9:10,42194.38,1608.8,25.53,17.64
7/9/2015 9:20,42194.39,1606.6,25.52,17.66
7/9/2015 9:30,42194.40,1604.5,25.52,17.66
7/9/2015 9:40,42194.40,1602.5,25.52,17.66
7/9/2015 9:50,42194.41,1600.6,25.52,17.66
7/9/2015 10:00,42194.42,1599.5,25.52,17.66
7/9/2015 10:10,42194.42,1598.6,25.52,17.66
7/9/2015 10:20,42194.43,1597.2,25.52,17.66
7/9/2015 10:30,42194.44,1595.9,25.53,17.64
7/9/2015 10:40,42194.44,1594.7,25.53,17.64
7/9/2015 10:50,42194.45,1594,25.53,17.64
7/9/2015 11:00,42194.46,1593,25.53,17.64
7/9/2015 11:10,42194.47,1591.9,25.52,17.66
7/9/2015 11:20,42194.47,1591.1,25.52,17.66
7/9/2015 11:30,42194.48,1590.2,25.52,17.66
7/9/2015 11:40,42194.49,1589.5,25.52,17.66
7/9/2015 11:50,42194.49,1589,25.52,17.66
7/9/2015 12:00,42194.50,1588.5,25.53,17.64
7/9/2015 12:10,42194.51,1588.3,25.52,17.66
7/9/2015 12:20,42194.51,1588.5,25.52,17.66
7/9/2015 12:30,42194.52,1588.7,25.53,17.64
7/9/2015 12:40,42194.53,1588.8,25.53,17.64
7/9/2015 12:50,42194.53,1589.7,25.53,17.64
7/9/2015 13:00,42194.54,1590.4,25.53,17.64
7/9/2015 13:10,42194.55,1591.1,25.53,17.64
7/9/2015 13:20,42194.56,1592.5,25.52,17.66
7/9/2015 13:30,42194.56,1593.9,25.52,17.66
7/9/2015 13:40,42194.57,1595.3,25.53,17.64
7/9/2015 13:50,42194.58,1596.8,25.53,17.64
7/9/2015 14:00,42194.58,1598.4,25.53,17.64
7/9/2015 14:10,42194.59,1600.1,25.53,17.64
7/9/2015 14:20,42194.60,1602.4,25.53,17.64
7/9/2015 14:30,42194.60,1604.5,25.54,17.64
7/9/2015 14:40,42194.61,1606.5,25.53,17.64
7/9/2015 14:50,42194.62,1608.6,25.53,17.64
7/9/2015 15:00,42194.63,1610.7,25.53,17.64
7/9/2015 15:10,42194.63,1612.8,25.53,17.64
7/9/2015 15:20,42194.64,1615.6,25.53,17.64
7/9/2015 15:30,42194.65,1617.8,25.53,17.64
7/9/2015 15:40,42194.65,1619.6,25.53,17.64
7/9/2015 15:50,42194.66,1621.3,25.53,17.64
7/9/2015 16:00,42194.67,1622.9,25.53,17.64
7/9/2015 16:10,42194.67,1624.3,25.52,17.66
7/9/2015 16:20,42194.68,1625,25.53,17.64
7/9/2015 16:30,42194.69,1625.8,25.52,17.66
7/9/2015 16:40,42194.69,1626.3,25.53,17.64
7/9/2015 16:50,42194.70,1627.2,25.53,17.64
7/9/2015 17:00,42194.71,1628.1,25.52,17.66
7/9/2015 17:10,42194.72,1628.6,25.52,17.66
7/9/2015 17:20,42194.72,1629.1,25.52,17.66
7/9/2015 17:30,42194.73,1629.3,25.52,17.66
7/9/2015 17:40,42194.74,1629.8,25.53,17.64
7/9/2015 17:50,42194.74,1630.4,25.53,17.64
7/9/2015 18:00,42194.75,1630.4,25.53,17.65
7/9/2015 18:10,42194.76,1630.8,25.53,17.65
7/9/2015 18:20,42194.76,1630.7,25.54,17.65
7/9/2015 18:30,42194.77,1630.7,25.54,17.65
7/9/2015 18:40,42194.78,1630.4,25.53,17.64
7/9/2015 18:50,42194.78,1630.4,25.53,17.64
7/9/2015 19:00,42194.79,1630.2,25.53,17.64
7/9/2015 19:10,42194.80,1629.3,25.54,17.65
7/9/2015 19:20,42194.81,1628.3,25.53,17.64
7/9/2015 19:30,42194.81,1627.6,25.52,17.66
7/9/2015 19:40,42194.82,1626.3,25.53,17.64
7/9/2015 19:50,42194.83,1625.5,25.52,17.66
7/9/2015 20:00,42194.83,1624.1,25.52,17.66
7/9/2015 20:10,42194.84,1622.6,25.53,17.64
7/9/2015 20:20,42194.85,1620.9,25.53,17.64
7/9/2015 20:30,42194.85,1618.7,25.52,17.66
7/9/2015 20:40,42194.86,1616.8,25.53,17.64
7/9/2015 20:50,42194.87,1614.7,25.52,17.66
7/9/2015 21:00,42194.88,1612.6,25.53,17.64
7/9/2015 21:10,42194.88,1610.7,25.53,17.64
7/9/2015 21:20,42194.89,1608.3,25.53,17.64
7/9/2015 21:30,42194.90,1605.9,25.53,17.64
7/9/2015 21:40,42194.90,1604.3,25.52,17.66
7/9/2015 21:50,42194.91,1602.4,25.53,17.64
7/9/2015 22:00,42194.92,1600.4,25.53,17.64
7/9/2015 22:10,42194.92,1598.9,25.53,17.64
7/9/2015 22:20,42194.93,1597.2,25.53,17.64
7/9/2015 22:30,42194.94,1595.3,25.53,17.64
7/9/2015 22:40,42194.94,1593.7,25.52,17.66
7/9/2015 22:50,42194.95,1592.4,25.52,17.66
7/9/2015 23:00,42194.96,1591.3,25.52,17.66
7/9/2015 23:10,42194.97,1590.2,25.52,17.66
7/9/2015 23:20,42194.97,1589.2,25.53,17.64
7/9/2015 23:30,42194.98,1588,25.52,17.66
7/9/2015 23:40,42194.99,1587.3,25.52,17.66
7/9/2015 23:50,42194.99,1586.2,25.53,17.64
7/10/2015 0:00,42195.00,1585.7,25.53,17.64
7/10/2015 0:10,42195.01,1585,25.53,17.64
7/10/2015 0:20,42195.01,1584.5,25.52,17.66
7/10/2015 0:30,42195.02,1583.9,25.53,17.64
7/10/2015 0:40,42195.03,1583.6,25.52,17.66
7/10/2015 0:50,42195.03,1583.6,25.52,17.66
7/10/2015 1:00,42195.04,1583.8,25.52,17.66
7/10/2015 1:10,42195.05,1584.1,25.52,17.66
7/10/2015 1:20,42195.06,1584.6,25.53,17.64
7/10/2015 1:30,42195.06,1585.5,25.53,17.64
7/10/2015 1:40,42195.07,1586.6,25.53,17.64
7/10/2015 1:50,42195.08,1587.7,25.53,17.64
7/10/2015 2:00,42195.08,1589.1,25.53,17.64
7/10/2015 2:10,42195.09,1590.4,25.54,17.64
7/10/2015 2:20,42195.10,1592.3,25.53,17.64
7/10/2015 2:30,42195.10,1593.9,25.52,17.66
7/10/2015 2:40,42195.11,1596.1,25.53,17.64
7/10/2015 2:50,42195.12,1598.2,25.53,17.64
7/10/2015 3:00,42195.13,1600.4,25.53,17.64
7/10/2015 3:10,42195.13,1602.4,25.53,17.64
7/10/2015 3:20,42195.14,1604.9,25.53,17.64
7/10/2015 3:30,42195.15,1606.9,25.53,17.64
7/10/2015 3:40,42195.15,1609.1,25.53,17.64
7/10/2015 3:50,42195.16,1611.4,25.53,17.64
7/10/2015 4:00,42195.17,1613.7,25.53,17.64
7/10/2015 4:10,42195.17,1615.8,25.53,17.64
7/10/2015 4:20,42195.18,1617.8,25.52,17.66
7/10/2015 4:30,42195.19,1619.6,25.52,17.66
7/10/2015 4:40,42195.19,1621.2,25.53,17.64
7/10/2015 4:50,42195.20,1622.7,25.54,17.64
7/10/2015 5:00,42195.21,1624.2,25.53,17.64
7/10/2015 5:10,42195.22,1625.2,25.53,17.64
7/10/2015 5:20,42195.22,1626.3,25.53,17.64
7/10/2015 5:30,42195.23,1627.2,25.53,17.64
7/10/2015 5:40,42195.24,1627.7,25.54,17.64
7/10/2015 5:50,42195.24,1628.6,25.53,17.64
7/10/2015 6:00,42195.25,1629.3,25.53,17.64
7/10/2015 6:10,42195.26,1629.8,25.54,17.65
7/10/2015 6:20,42195.26,1630.5,25.53,17.64
7/10/2015 6:30,42195.27,1631.1,25.53,17.64
7/10/2015 6:40,42195.28,1631.4,25.53,17.64
7/10/2015 6:50,42195.28,1631.4,25.52,17.66
7/10/2015 7:00,42195.29,1632.1,25.52,17.66
7/10/2015 7:10,42195.30,1631.9,25.52,17.66
7/10/2015 7:20,42195.31,1632,25.53,17.64
7/10/2015 7:30,42195.31,1631.8,25.53,17.64
7/10/2015 7:40,42195.32,1631.6,25.53,17.64
7/10/2015 7:50,42195.33,1631.2,25.53,17.64
7/10/2015 8:00,42195.33,1630.9,25.52,17.66
7/10/2015 8:10,42195.34,1630.4,25.52,17.66
7/10/2015 8:20,42195.35,1629.8,25.53,17.64
7/10/2015 8:30,42195.35,1629,25.53,17.64
7/10/2015 8:40,42195.36,1628.1,25.53,17.64
7/10/2015 8:50,42195.37,1627,25.53,17.64
7/10/2015 9:00,42195.38,1626,25.53,17.64
7/10/2015 9:10,42195.38,1624.7,25.53,17.64
7/10/2015 9:20,42195.39,1623.3,25.53,17.64
7/10/2015 9:30,42195.40,1621.7,25.53,17.65
7/10/2015 9:40,42195.40,1620,25.53,17.64
7/10/2015 9:50,42195.41,1618,25.54,17.65
7/10/2015 10:00,42195.42,1616.2,25.53,17.65
7/10/2015 10:10,42195.42,1614.3,25.53,17.64
7/10/2015 10:20,42195.43,1612.5,25.53,17.64
7/10/2015 10:30,42195.44,1610.4,25.53,17.64
7/10/2015 10:40,42195.44,1608.4,25.53,17.64
7/10/2015 10:50,42195.45,1606.7,25.52,17.66
7/10/2015 11:00,42195.46,1605.3,25.52,17.66
7/10/2015 11:10,42195.47,1603.4,25.53,17.64
7/10/2015 11:20,42195.47,1602.2,25.53,17.64
7/10/2015 11:30,42195.48,1600.8,25.53,17.64
7/10/2015 11:40,42195.49,1599.6,25.53,17.64
7/10/2015 11:50,42195.49,1598.1,25.53,17.64
7/10/2015 12:00,42195.50,1597.1,25.53,17.64
7/10/2015 12:10,42195.51,1596.1,25.53,17.64
7/10/2015 12:20,42195.51,1594.9,25.53,17.64
7/10/2015 12:30,42195.52,1594.2,25.53,17.64
7/10/2015 12:40,42195.53,1594,25.53,17.64
7/10/2015 12:50,42195.53,1593.5,25.53,17.64
7/10/2015 13:00,42195.54,1592.8,25.53,17.64
7/10/2015 13:10,42195.55,1592.3,25.53,17.64
7/10/2015 13:20,42195.56,1592.3,25.53,17.64
7/10/2015 13:30,42195.56,1592.1,25.53,17.64
7/10/2015 13:40,42195.57,1591.9,25.53,17.64
7/10/2015 13:50,42195.58,1592.1,25.52,17.66
7/10/2015 14:00,42195.58,1593,25.54,17.64
7/10/2015 14:10,42195.59,1593.3,25.53,17.64
7/10/2015 14:20,42195.60,1593.9,25.53,17.64
7/10/2015 14:30,42195.60,1594.8,25.53,17.64
7/10/2015 14:40,42195.61,1596,25.53,17.64
7/10/2015 14:50,42195.62,1597.4,25.53,17.64
7/10/2015 15:00,42195.63,1598.4,25.53,17.64
7/10/2015 15:10,42195.63,1600,25.53,17.64
7/10/2015 15:20,42195.64,1601.7,25.53,17.64
7/10/2015 15:30,42195.65,1603.4,25.53,17.64
7/10/2015 15:40,42195.65,1605.1,25.53,17.64
7/10/2015 15:50,42195.66,1607.3,25.54,17.65
7/10/2015 16:00,42195.67,1609.1,25.54,17.65
7/10/2015 16:10,42195.67,1611.2,25.53,17.64
7/10/2015 16:20,42195.68,1612.6,25.53,17.64
7/10/2015 16:30,42195.69,1614.9,25.53,17.64
7/10/2015 16:40,42195.69,1617,25.53,17.64
7/10/2015 16:50,42195.70,1619.3,25.53,17.64
7/10/2015 17:00,42195.71,1621.5,25.54,17.64
7/10/2015 17:10,42195.72,1622.6,25.54,17.65
7/10/2015 17:20,42195.72,1624,25.54,17.65
7/10/2015 17:30,42195.73,1625,25.54,17.65
7/10/2015 17:40,42195.74,1626.3,25.54,17.65
7/10/2015 17:50,42195.74,1627.7,25.54,17.65
7/10/2015 18:00,42195.75,1628.1,25.53,17.64
7/10/2015 18:10,42195.76,1628.8,25.53,17.64
7/10/2015 18:20,42195.76,1629.4,25.53,17.65
7/10/2015 18:30,42195.77,1630,25.53,17.64
7/10/2015 18:40,42195.78,1630.5,25.54,17.65
7/10/2015 18:50,42195.78,1631.2,25.54,17.64
7/10/2015 19:00,42195.79,1631.4,25.54,17.65
7/10/2015 19:10,42195.80,1631.2,25.54,17.65
7/10/2015 19:20,42195.81,1631.8,25.53,17.65
7/10/2015 19:30,42195.81,1632.1,25.54,17.65
7/10/2015 19:40,42195.82,1632.5,25.53,17.64
7/10/2015 19:50,42195.83,1632.5,25.53,17.64
7/10/2015 20:00,42195.83,1632.2,25.53,17.65
7/10/2015 20:10,42195.84,1632.1,25.53,17.64
7/10/2015 20:20,42195.85,1631.6,25.53,17.64
7/10/2015 20:30,42195.85,1631,25.53,17.65
7/10/2015 20:40,42195.86,1630.2,25.54,17.65
7/10/2015 20:50,42195.87,1629.3,25.54,17.65
7/10/2015 21:00,42195.88,1628.6,25.53,17.65
7/10/2015 21:10,42195.88,1627.7,25.53,17.64
7/10/2015 21:20,42195.89,1626.1,25.53,17.64
7/10/2015 21:30,42195.90,1624.5,25.53,17.64
7/10/2015 21:40,42195.90,1623.1,25.53,17.64
7/10/2015 21:50,42195.91,1621.2,25.53,17.64
7/10/2015 22:00,42195.92,1619.2,25.53,17.64
7/10/2015 22:10,42195.92,1617.1,25.53,17.64
7/10/2015 22:20,42195.93,1615.3,25.53,17.64
7/10/2015 22:30,42195.94,1613,25.53,17.64
7/10/2015 22:40,42195.94,1610.9,25.53,17.64
7/10/2015 22:50,42195.95,1608.8,25.53,17.64
7/10/2015 23:00,42195.96,1607.2,25.53,17.64
7/10/2015 23:10,42195.97,1605.3,25.53,17.64
7/10/2015 23:20,42195.97,1603.7,25.53,17.64
7/10/2015 23:30,42195.98,1602.1,25.53,17.64
7/10/2015 23:40,42195.99,1600.6,25.53,17.64
7/10/2015 23:50,42195.99,1599.3,25.53,17.64
7/11/2015 0:00,42196.00,1597.8,25.53,17.64
7/11/2015 0:10,42196.01,1596.5,25.53,17.64
7/11/2015 0:20,42196.01,1595.5,25.53,17.64
7/11/2015 0:30,42196.02,1594.6,25.54,17.64
7/11/2015 0:40,42196.03,1593.5,25.53,17.64
7/11/2015 0:50,42196.03,1592.8,25.54,17.65
7/11/2015 1:00,42196.04,1592.1,25.54,17.64
7/11/2015 1:10,42196.05,1591.3,25.54,17.64
7/11/2015 1:20,42196.06,1590.8,25.53,17.64
7/11/2015 1:30,42196.06,1590.2,25.53,17.64
7/11/2015 1:40,42196.07,1590,25.53,17.64
7/11/2015 1:50,42196.08,1589.7,25.53,17.64
7/11/2015 2:00,42196.08,1589.4,25.53,17.64
7/11/2015 2:10,42196.09,1589.9,25.53,17.64
7/11/2015 2:20,42196.10,1590.2,25.53,17.64
7/11/2015 2:30,42196.10,1590.4,25.53,17.64
7/11/2015 2:40,42196.11,1591.1,25.53,17.64
7/11/2015 2:50,42196.12,1591.8,25.54,17.64
7/11/2015 3:00,42196.13,1592.8,25.54,17.64
7/11/2015 3:10,42196.13,1593.9,25.53,17.64
7/11/2015 3:20,42196.14,1595.1,25.53,17.64
7/11/2015 3:30,42196.15,1596.7,25.53,17.64
7/11/2015 3:40,42196.15,1598.2,25.53,17.64
7/11/2015 3:50,42196.16,1599.8,25.53,17.64
7/11/2015 4:00,42196.17,1601.7,25.53,17.64
7/11/2015 4:10,42196.17,1603.4,25.53,17.64
7/11/2015 4:20,42196.18,1605.6,25.53,17.64
7/11/2015 4:30,42196.19,1607.3,25.53,17.64
7/11/2015 4:40,42196.19,1609,25.53,17.64
7/11/2015 4:50,42196.20,1611.5,25.53,17.64
7/11/2015 5:00,42196.21,1613.5,25.54,17.64
7/11/2015 5:10,42196.22,1615.4,25.54,17.65
7/11/2015 5:20,42196.22,1617.5,25.54,17.64
7/11/2015 5:30,42196.23,1619.6,25.54,17.65
7/11/2015 5:40,42196.24,1621.2,25.53,17.64
7/11/2015 5:50,42196.24,1622.9,25.54,17.64
7/11/2015 6:00,42196.25,1624.1,25.54,17.65
7/11/2015 6:10,42196.26,1625.8,25.54,17.65
7/11/2015 6:20,42196.26,1627.2,25.54,17.65
7/11/2015 6:30,42196.27,1628.6,25.54,17.65
7/11/2015 6:40,42196.28,1629.3,25.54,17.65
7/11/2015 6:50,42196.28,1630.4,25.54,17.65
7/11/2015 7:00,42196.29,1631.3,25.55,17.65
7/11/2015 7:10,42196.30,1632.1,25.54,17.65
7/11/2015 7:20,42196.31,1632.6,25.54,17.64
7/11/2015 7:30,42196.31,1633.2,25.53,17.64
7/11/2015 7:40,42196.32,1633.4,25.53,17.64
7/11/2015 7:50,42196.33,1633.9,25.53,17.64
7/11/2015 8:00,42196.33,1634.3,25.54,17.64
7/11/2015 8:10,42196.34,1634.5,25.54,17.64
7/11/2015 8:20,42196.35,1634.7,25.54,17.65
7/11/2015 8:30,42196.35,1634.5,25.54,17.65
7/11/2015 8:40,42196.36,1634.5,25.54,17.65
7/11/2015 8:50,42196.37,1634.7,25.54,17.64
7/11/2015 9:00,42196.38,1634.5,25.54,17.65
7/11/2015 9:10,42196.38,1634.3,25.54,17.65
7/11/2015 9:20,42196.39,1633.8,25.54,17.65
7/11/2015 9:30,42196.40,1633.3,25.54,17.64
7/11/2015 9:40,42196.40,1632.8,25.54,17.65
7/11/2015 9:50,42196.41,1632.1,25.54,17.65
7/11/2015 10:00,42196.42,1631.4,25.54,17.64
7/11/2015 10:10,42196.42,1630.2,25.54,17.64
7/11/2015 10:20,42196.43,1629.1,25.54,17.65
7/11/2015 10:30,42196.44,1627.7,25.54,17.65
7/11/2015 10:40,42196.44,1626.9,25.54,17.65
7/11/2015 10:50,42196.45,1625,25.54,17.64
7/11/2015 11:00,42196.46,1623.4,25.54,17.64
7/11/2015 11:10,42196.47,1621.7,25.54,17.64
7/11/2015 11:20,42196.47,1619.8,25.54,17.64
7/11/2015 11:30,42196.48,1617.8,25.53,17.64
7/11/2015 11:40,42196.49,1616,25.53,17.64
7/11/2015 11:50,42196.49,1613.7,25.53,17.64
7/11/2015 12:00,42196.50,1611.4,25.53,17.64
7/11/2015 12:10,42196.51,1609.7,25.53,17.64
7/11/2015 12:20,42196.51,1607.8,25.53,17.64
7/11/2015 12:30,42196.52,1606.3,25.53,17.64
7/11/2015 12:40,42196.53,1604.5,25.53,17.64
7/11/2015 12:50,42196.53,1602.7,25.53,17.64
7/11/2015 13:00,42196.54,1601.8,25.53,17.64
7/11/2015 13:10,42196.55,1600.2,25.53,17.64
7/11/2015 13:20,42196.56,1599.1,25.53,17.64
7/11/2015 13:30,42196.56,1598.1,25.53,17.64
7/11/2015 13:40,42196.57,1596.8,25.53,17.64
7/11/2015 13:50,42196.58,1596.1,25.53,17.64
7/11/2015 14:00,42196.58,1595.4,25.53,17.64
7/11/2015 14:10,42196.59,1594.7,25.53,17.64
7/11/2015 14:20,42196.60,1594.5,25.53,17.64
7/11/2015 14:30,42196.60,1593.8,25.53,17.64
7/11/2015 14:40,42196.61,1593.4,25.53,17.64
7/11/2015 14:50,42196.62,1593.2,25.54,17.64
7/11/2015 15:00,42196.63,1592.9,25.53,17.64
7/11/2015 15:10,42196.63,1593,25.54,17.64
7/11/2015 15:20,42196.64,1593.5,25.54,17.65
7/11/2015 15:30,42196.65,1594,25.55,17.65
7/11/2015 15:40,42196.65,1594.7,25.54,17.64
7/11/2015 15:50,42196.66,1595.4,25.54,17.65
7/11/2015 16:00,42196.67,1596.1,25.54,17.65
7/11/2015 16:10,42196.67,1597,25.54,17.65
7/11/2015 16:20,42196.68,1598.5,25.55,17.65
7/11/2015 16:30,42196.69,1599.5,25.54,17.64
7/11/2015 16:40,42196.69,1600.8,25.54,17.64
7/11/2015 16:50,42196.70,1602.7,25.53,17.64
7/11/2015 17:00,42196.71,1604.1,25.54,17.65
7/11/2015 17:10,42196.72,1605.7,25.54,17.65
7/11/2015 17:20,42196.72,1607.3,25.54,17.64
7/11/2015 17:30,42196.73,1609,25.54,17.65
7/11/2015 17:40,42196.74,1611.1,25.54,17.65
7/11/2015 17:50,42196.74,1613,25.54,17.65
7/11/2015 18:00,42196.75,1614.9,25.54,17.64
7/11/2015 18:10,42196.76,1616.7,25.54,17.64
7/11/2015 18:20,42196.76,1618.7,25.54,17.64
7/11/2015 18:30,42196.77,1620.6,25.54,17.64
7/11/2015 18:40,42196.78,1621.9,25.54,17.65
7/11/2015 18:50,42196.78,1623.8,25.54,17.65
7/11/2015 19:00,42196.79,1625,25.54,17.65
7/11/2015 19:10,42196.80,1626.5,25.54,17.65
7/11/2015 19:20,42196.81,1627.9,25.54,17.64
7/11/2015 19:30,42196.81,1629.2,25.53,17.64
7/11/2015 19:40,42196.82,1629.7,25.54,17.64
7/11/2015 19:50,42196.83,1630.5,25.54,17.64
7/11/2015 20:00,42196.83,1631.1,25.54,17.64
7/11/2015 20:10,42196.84,1631.4,25.54,17.65
7/11/2015 20:20,42196.85,1631.8,25.54,17.65
7/11/2015 20:30,42196.85,1632.1,25.54,17.64
7/11/2015 20:40,42196.86,1632.1,25.54,17.64
7/11/2015 20:50,42196.87,1632.5,25.54,17.64
7/11/2015 21:00,42196.88,1632.4,25.53,17.64
7/11/2015 21:10,42196.88,1632.5,25.54,17.64
7/11/2015 21:20,42196.89,1632.3,25.54,17.65
7/11/2015 21:30,42196.90,1631.8,25.54,17.64
7/11/2015 21:40,42196.90,1631.2,25.54,17.65
7/11/2015 21:50,42196.91,1630.9,25.54,17.64
7/11/2015 22:00,42196.92,1630,25.54,17.64
7/11/2015 22:10,42196.92,1629,25.54,17.65
7/11/2015 22:20,42196.93,1627.7,25.54,17.64
7/11/2015 22:30,42196.94,1626.3,25.53,17.64
7/11/2015 22:40,42196.94,1624.8,25.53,17.64
7/11/2015 22:50,42196.95,1623.1,25.53,17.64
7/11/2015 23:00,42196.96,1621,25.53,17.64
7/11/2015 23:10,42196.97,1619.2,25.53,17.64
7/11/2015 23:20,42196.97,1616.8,25.54,17.64
7/11/2015 23:30,42196.98,1614.8,25.53,17.64
7/11/2015 23:40,42196.99,1612.8,25.53,17.64
7/11/2015 23:50,42196.99,1610.4,25.53,17.64
7/12/2015 0:00,42197.00,1608.3,25.53,17.64
7/12/2015 0:10,42197.01,1606.5,25.53,17.64
7/12/2015 0:20,42197.01,1604.8,25.53,17.64
7/12/2015 0:30,42197.02,1603.2,25.53,17.64
7/12/2015 0:40,42197.03,1601.3,25.53,17.64
7/12/2015 0:50,42197.03,1599.6,25.54,17.64
7/12/2015 1:00,42197.04,1597.9,25.53,17.64
7/12/2015 1:10,42197.05,1596.7,25.54,17.64
7/12/2015 1:20,42197.06,1595.3,25.54,17.64
7/12/2015 1:30,42197.06,1593.9,25.54,17.64
7/12/2015 1:40,42197.07,1593,25.54,17.64
7/12/2015 1:50,42197.08,1592.1,25.54,17.65
7/12/2015 2:00,42197.08,1590.9,25.53,17.64
7/12/2015 2:10,42197.09,1590.1,25.53,17.64
7/12/2015 2:20,42197.10,1589.5,25.53,17.64
7/12/2015 2:30,42197.10,1588.8,25.53,17.64
7/12/2015 2:40,42197.11,1588,25.53,17.64
7/12/2015 2:50,42197.12,1587.6,25.53,17.64
7/12/2015 3:00,42197.13,1586.9,25.53,17.64
7/12/2015 3:10,42197.13,1586.9,25.53,17.64
7/12/2015 3:20,42197.14,1586.6,25.54,17.64
7/12/2015 3:30,42197.15,1586.7,25.54,17.65
7/12/2015 3:40,42197.15,1586.9,25.54,17.64
7/12/2015 3:50,42197.16,1587.3,25.54,17.65
7/12/2015 4:00,42197.17,1588.3,25.54,17.65
7/12/2015 4:10,42197.17,1589.2,25.54,17.64
7/12/2015 4:20,42197.18,1590.1,25.54,17.65
7/12/2015 4:30,42197.19,1591.3,25.54,17.64
7/12/2015 4:40,42197.19,1592.8,25.54,17.64
7/12/2015 4:50,42197.20,1594.5,25.55,17.65
7/12/2015 5:00,42197.21,1596.6,25.55,17.65
7/12/2015 5:10,42197.22,1598.2,25.54,17.65
7/12/2015 5:20,42197.22,1600.3,25.54,17.65
7/12/2015 5:30,42197.23,1602,25.54,17.64
7/12/2015 5:40,42197.24,1603.9,25.54,17.64
7/12/2015 5:50,42197.24,1606,25.54,17.64
7/12/2015 6:00,42197.25,1608.1,25.54,17.65
7/12/2015 6:10,42197.26,1610.2,25.54,17.64
7/12/2015 6:20,42197.26,1612.6,25.54,17.64
7/12/2015 6:30,42197.27,1615.1,25.54,17.64
7/12/2015 6:40,42197.28,1617.3,25.54,17.64
7/12/2015 6:50,42197.28,1619.2,25.54,17.64
7/12/2015 7:00,42197.29,1621.3,25.53,17.64
7/12/2015 7:10,42197.30,1622.9,25.54,17.64
7/12/2015 7:20,42197.31,1624.7,25.53,17.64
7/12/2015 7:30,42197.31,1626,25.54,17.64
7/12/2015 7:40,42197.32,1627.5,25.53,17.64
7/12/2015 7:50,42197.33,1628.7,25.53,17.64
7/12/2015 8:00,42197.33,1629.7,25.54,17.64
7/12/2015 8:10,42197.34,1630.9,25.54,17.64
7/12/2015 8:20,42197.35,1631.4,25.54,17.64
7/12/2015 8:30,42197.35,1632.4,25.53,17.64
7/12/2015 8:40,42197.36,1632.8,25.54,17.64
7/12/2015 8:50,42197.37,1633.5,25.53,17.64
7/12/2015 9:00,42197.38,1634,25.54,17.64
7/12/2015 9:10,42197.38,1634.3,25.54,17.65
7/12/2015 9:20,42197.39,1634.7,25.54,17.64
7/12/2015 9:30,42197.40,1634.7,25.54,17.64
7/12/2015 9:40,42197.40,1635,25.54,17.64
7/12/2015 9:50,42197.41,1635,25.54,17.64
7/12/2015 10:00,42197.42,1635.4,25.54,17.65
7/12/2015 10:10,42197.42,1635.4,25.54,17.65
7/12/2015 10:20,42197.43,1634.9,25.54,17.64
7/12/2015 10:30,42197.44,1634.3,25.54,17.65
7/12/2015 10:40,42197.44,1634.3,25.53,17.64
7/12/2015 10:50,42197.45,1633.8,25.53,17.64
7/12/2015 11:00,42197.46,1633,25.54,17.65
7/12/2015 11:10,42197.47,1632.4,25.53,17.64
7/12/2015 11:20,42197.47,1631.1,25.53,17.64
7/12/2015 11:30,42197.48,1629.8,25.54,17.65
7/12/2015 11:40,42197.49,1628.4,25.54,17.65
7/12/2015 11:50,42197.49,1627,25.54,17.65
7/12/2015 12:00,42197.50,1625.4,25.53,17.64
7/12/2015 12:10,42197.51,1623.6,25.54,17.65
7/12/2015 12:20,42197.51,1621.7,25.54,17.65
7/12/2015 12:30,42197.52,1619.8,25.54,17.64
7/12/2015 12:40,42197.53,1618.1,25.53,17.64
7/12/2015 12:50,42197.53,1615.8,25.54,17.65
7/12/2015 13:00,42197.54,1613.5,25.54,17.65
7/12/2015 13:10,42197.55,1611.4,25.54,17.65
7/12/2015 13:20,42197.56,1609.1,25.54,17.64
7/12/2015 13:30,42197.56,1607.1,25.54,17.65
7/12/2015 13:40,42197.57,1604.8,25.54,17.65
7/12/2015 13:50,42197.58,1602.9,25.54,17.64
7/12/2015 14:00,42197.58,1601.3,25.53,17.64
7/12/2015 14:10,42197.59,1599.5,25.53,17.64
7/12/2015 14:20,42197.60,1598.1,25.53,17.64
7/12/2015 14:30,42197.60,1596.8,25.53,17.64
7/12/2015 14:40,42197.61,1595.6,25.54,17.64
7/12/2015 14:50,42197.62,1594.6,25.54,17.64
7/12/2015 15:00,42197.63,1593.5,25.54,17.65
7/12/2015 15:10,42197.63,1592.6,25.54,17.65
7/12/2015 15:20,42197.64,1592,25.53,17.64
7/12/2015 15:30,42197.65,1591.1,25.54,17.64
7/12/2015 15:40,42197.65,1590.6,25.53,17.64
7/12/2015 15:50,42197.66,1589.9,25.53,17.64
7/12/2015 16:00,42197.67,1589.4,25.53,17.64
7/12/2015 16:10,42197.67,1588.8,25.54,17.64
7/12/2015 16:20,42197.68,1588.8,25.53,17.64
7/12/2015 16:30,42197.69,1588.8,25.53,17.64
7/12/2015 16:40,42197.69,1588.6,25.53,17.64
7/12/2015 16:50,42197.70,1589,25.53,17.64
7/12/2015 17:00,42197.71,1589.5,25.54,17.64
7/12/2015 17:10,42197.72,1590.2,25.54,17.64
7/12/2015 17:20,42197.72,1591.1,25.54,17.64
7/12/2015 17:30,42197.73,1592.3,25.54,17.65
7/12/2015 17:40,42197.74,1593.5,25.54,17.64
7/12/2015 17:50,42197.74,1594.9,25.54,17.65
7/12/2015 18:00,42197.75,1596.7,25.54,17.65
7/12/2015 18:10,42197.76,1598.6,25.53,17.64
7/12/2015 18:20,42197.76,1600.3,25.54,17.64
7/12/2015 18:30,42197.77,1602.2,25.54,17.65
7/12/2015 18:40,42197.78,1604.5,25.54,17.64
7/12/2015 18:50,42197.78,1606.4,25.54,17.64
7/12/2015 19:00,42197.79,1608.3,25.54,17.65
7/12/2015 19:10,42197.80,1610.5,25.55,17.65
7/12/2015 19:20,42197.81,1612.5,25.55,17.65
7/12/2015 19:30,42197.81,1614.4,25.54,17.65
7/12/2015 19:40,42197.82,1616.5,25.54,17.64
7/12/2015 19:50,42197.83,1618.5,25.54,17.65
7/12/2015 20:00,42197.83,1620.1,25.54,17.65
7/12/2015 20:10,42197.84,1621.7,25.55,17.65
7/12/2015 20:20,42197.85,1623.3,25.55,17.65
7/12/2015 20:30,42197.85,1624.7,25.54,17.65
7/12/2015 20:40,42197.86,1625.8,25.54,17.65
7/12/2015 20:50,42197.87,1626.9,25.54,17.65
7/12/2015 21:00,42197.88,1627.7,25.54,17.65
7/12/2015 21:10,42197.88,1628.6,25.54,17.65
7/12/2015 21:20,42197.89,1629.1,25.54,17.65
7/12/2015 21:30,42197.90,1630,25.54,17.65
7/12/2015 21:40,42197.90,1630.6,25.53,17.64
7/12/2015 21:50,42197.91,1630.9,25.54,17.65
7/12/2015 22:00,42197.92,1631.2,25.54,17.65
7/12/2015 22:10,42197.92,1631.1,25.54,17.65
7/12/2015 22:20,42197.93,1631.4,25.54,17.65
7/12/2015 22:30,42197.94,1631.1,25.54,17.64
7/12/2015 22:40,42197.94,1630.7,25.54,17.64
7/12/2015 22:50,42197.95,1630.5,25.54,17.64
7/12/2015 23:00,42197.96,1630.1,25.53,17.64
7/12/2015 23:10,42197.97,1629.5,25.53,17.64
7/12/2015 23:20,42197.97,1628.6,25.53,17.64
7/12/2015 23:30,42197.98,1627.2,25.54,17.64
7/12/2015 23:40,42197.99,1626,25.54,17.65
7/12/2015 23:50,42197.99,1624.5,25.54,17.65
7/13/2015 0:00,42198.00,1622.9,25.53,17.64
7/13/2015 0:10,42198.01,1621.2,25.53,17.64
7/13/2015 0:20,42198.01,1619.1,25.53,17.64
7/13/2015 0:30,42198.02,1617.4,25.53,17.64
7/13/2015 0:40,42198.03,1615,25.53,17.64
7/13/2015 0:50,42198.03,1612.9,25.53,17.64
7/13/2015 1:00,42198.04,1610.7,25.54,17.65
7/13/2015 1:10,42198.05,1608.6,25.54,17.65
7/13/2015 1:20,42198.06,1606.7,25.54,17.65
7/13/2015 1:30,42198.06,1604.5,25.54,17.65
7/13/2015 1:40,42198.07,1603.2,25.53,17.64
7/13/2015 1:50,42198.08,1601.3,25.54,17.64
7/13/2015 2:00,42198.08,1599.8,25.54,17.64
7/13/2015 2:10,42198.09,1598.2,25.54,17.65
7/13/2015 2:20,42198.10,1596.8,25.53,17.64
7/13/2015 2:30,42198.10,1595.2,25.53,17.64
7/13/2015 2:40,42198.11,1593.7,25.54,17.64
7/13/2015 2:50,42198.12,1592.5,25.54,17.65
7/13/2015 3:00,42198.13,1591.5,25.53,17.64
7/13/2015 3:10,42198.13,1590.2,25.54,17.64
7/13/2015 3:20,42198.14,1589.4,25.54,17.64
7/13/2015 3:30,42198.15,1588.4,25.53,17.64
7/13/2015 3:40,42198.15,1587.8,25.54,17.65
7/13/2015 3:50,42198.16,1586.9,25.54,17.65
7/13/2015 4:00,42198.17,1586.2,25.54,17.65
7/13/2015 4:10,42198.17,1585.7,25.54,17.65
7/13/2015 4:20,42198.18,1585.3,25.53,17.65
7/13/2015 4:30,42198.19,1584.8,25.54,17.64
7/13/2015 4:40,42198.19,1584.6,25.54,17.65
7/13/2015 4:50,42198.20,1585.2,25.54,17.65
7/13/2015 5:00,42198.21,1585.7,25.54,17.64
7/13/2015 5:10,42198.22,1586,25.54,17.65
7/13/2015 5:20,42198.22,1586.7,25.54,17.65
7/13/2015 5:30,42198.23,1587.6,25.54,17.65
7/13/2015 5:40,42198.24,1588.8,25.54,17.65
7/13/2015 5:50,42198.24,1590.5,25.55,17.65
7/13/2015 6:00,42198.25,1592.2,25.55,17.65
7/13/2015 6:10,42198.26,1594,25.54,17.65
7/13/2015 6:20,42198.26,1596,25.54,17.64
7/13/2015 6:30,42198.27,1598.1,25.54,17.64
7/13/2015 6:40,42198.28,1600,25.53,17.64
7/13/2015 6:50,42198.28,1602.2,25.54,17.64
7/13/2015 7:00,42198.29,1604.5,25.54,17.65
7/13/2015 7:10,42198.30,1606.2,25.54,17.64
7/13/2015 7:20,42198.31,1608.4,25.54,17.64
7/13/2015 7:30,42198.31,1611.1,25.54,17.64
7/13/2015 7:40,42198.32,1613.3,25.54,17.64
7/13/2015 7:50,42198.33,1615.8,25.54,17.64
7/13/2015 8:00,42198.33,1618,25.54,17.64
7/13/2015 8:10,42198.34,1620.2,25.55,17.65
7/13/2015 8:20,42198.35,1622,25.55,17.65
7/13/2015 8:30,42198.35,1624.2,25.55,17.65
7/13/2015 8:40,42198.36,1625.8,25.55,17.65
7/13/2015 8:50,42198.37,1627.3,25.55,17.65
7/13/2015 9:00,42198.38,1628.4,25.55,17.65
7/13/2015 9:10,42198.38,1629.7,25.54,17.65
7/13/2015 9:20,42198.39,1630.6,25.55,17.65
7/13/2015 9:30,42198.40,1631.4,25.54,17.65
7/13/2015 9:40,42198.40,1631.9,25.54,17.65
7/13/2015 9:50,42198.41,1632.6,25.54,17.65
7/13/2015 10:00,42198.42,1633.3,25.54,17.65
7/13/2015 10:10,42198.42,1634,25.54,17.65
7/13/2015 10:20,42198.43,1634.5,25.54,17.64
7/13/2015 10:30,42198.44,1634.7,25.54,17.65
7/13/2015 10:40,42198.44,1634.9,25.54,17.65
7/13/2015 10:50,42198.45,1635.2,25.54,17.65
7/13/2015 11:00,42198.46,1635.2,25.54,17.64
7/13/2015 11:10,42198.47,1635.2,25.54,17.65
7/13/2015 11:20,42198.47,1635,25.54,17.65
7/13/2015 11:30,42198.48,1634.9,25.54,17.64
7/13/2015 11:40,42198.49,1634.5,25.54,17.65
7/13/2015 11:50,42198.49,1633.8,25.54,17.65
7/13/2015 12:00,42198.50,1633.1,25.55,17.65
7/13/2015 12:10,42198.51,1632.1,25.55,17.65
7/13/2015 12:20,42198.51,1631.1,25.54,17.65
7/13/2015 12:30,42198.52,1630.2,25.54,17.65
7/13/2015 12:40,42198.53,1628.6,25.54,17.65
7/13/2015 12:50,42198.53,1627.2,25.55,17.65
7/13/2015 13:00,42198.54,1625.5,25.54,17.65
7/13/2015 13:10,42198.55,1623.8,25.54,17.65
7/13/2015 13:20,42198.56,1622,25.54,17.65
7/13/2015 13:30,42198.56,1620.1,25.54,17.64
7/13/2015 13:40,42198.57,1618.2,25.54,17.65
7/13/2015 13:50,42198.58,1616.5,25.54,17.65
7/13/2015 14:00,42198.58,1614.4,25.54,17.65
7/13/2015 14:10,42198.59,1612.3,25.54,17.65
7/13/2015 14:20,42198.60,1610.1,25.53,17.64
7/13/2015 14:30,42198.60,1608.2,25.53,17.64
7/13/2015 14:40,42198.61,1605.9,25.54,17.64
7/13/2015 14:50,42198.62,1603.2,25.54,17.65
7/13/2015 15:00,42198.63,1601.3,25.53,17.64
7/13/2015 15:10,42198.63,1599.1,25.54,17.64
7/13/2015 15:20,42198.64,1597.3,25.53,17.65
7/13/2015 15:30,42198.65,1595.5,25.53,17.65
7/13/2015 15:40,42198.65,1594,25.53,17.65
7/13/2015 15:50,42198.66,1592.5,25.54,17.65
7/13/2015 16:00,42198.67,1590.9,25.54,17.65
7/13/2015 16:10,42198.67,1589.9,25.54,17.65
7/13/2015 16:20,42198.68,1588.7,25.54,17.65
7/13/2015 16:30,42198.69,1587.6,25.54,17.64
7/13/2015 16:40,42198.69,1586.4,25.54,17.65
7/13/2015 16:50,42198.70,1586,25.53,17.64
7/13/2015 17:00,42198.71,1585.2,25.54,17.65
7/13/2015 17:10,42198.72,1584.8,25.53,17.64
7/13/2015 17:20,42198.72,1584.1,25.54,17.64
7/13/2015 17:30,42198.73,1584.1,25.53,17.64
7/13/2015 17:40,42198.74,1584.4,25.53,17.64
7/13/2015 17:50,42198.74,1584.6,25.53,17.64
7/13/2015 18:00,42198.75,1585.2,25.54,17.65
7/13/2015 18:10,42198.76,1585.9,25.54,17.65
7/13/2015 18:20,42198.76,1586.9,25.54,17.65
7/13/2015 18:30,42198.77,1588.1,25.54,17.65
7/13/2015 18:40,42198.78,1589.2,25.54,17.65
7/13/2015 18:50,42198.78,1590.9,25.54,17.65
7/13/2015 19:00,42198.79,1592.6,25.54,17.65
7/13/2015 19:10,42198.80,1594.7,25.55,17.65
7/13/2015 19:20,42198.81,1596.7,25.54,17.65
7/13/2015 19:30,42198.81,1599.2,25.55,17.65
7/13/2015 19:40,42198.82,1601.3,25.54,17.65
7/13/2015 19:50,42198.83,1603.6,25.54,17.65
7/13/2015 20:00,42198.83,1605.8,25.55,17.65
7/13/2015 20:10,42198.84,1607.8,25.55,17.65
7/13/2015 20:20,42198.85,1610,25.54,17.65
7/13/2015 20:30,42198.85,1612.3,25.54,17.65
7/13/2015 20:40,42198.86,1614.6,25.54,17.65
7/13/2015 20:50,42198.87,1616.8,25.54,17.65
7/13/2015 21:00,42198.88,1618.8,25.55,17.65
7/13/2015 21:10,42198.88,1620.5,25.54,17.65
7/13/2015 21:20,42198.89,1622.3,25.55,17.65
7/13/2015 21:30,42198.90,1623.8,25.54,17.64
7/13/2015 21:40,42198.90,1625,25.54,17.65
7/13/2015 21:50,42198.91,1626,25.54,17.65
7/13/2015 22:00,42198.92,1627,25.54,17.65
7/13/2015 22:10,42198.92,1627.9,25.54,17.65
7/13/2015 22:20,42198.93,1628.6,25.54,17.65
7/13/2015 22:30,42198.94,1629.1,25.54,17.65
7/13/2015 22:40,42198.94,1629.7,25.54,17.65
7/13/2015 22:50,42198.95,1630,25.54,17.65
7/13/2015 23:00,42198.96,1630.2,25.54,17.65
7/13/2015 23:10,42198.97,1630.4,25.54,17.64
7/13/2015 23:20,42198.97,1630.4,25.54,17.65
7/13/2015 23:30,42198.98,1630.4,25.54,17.65
7/13/2015 23:40,42198.99,1630.2,25.54,17.64
7/13/2015 23:50,42198.99,1630,25.54,17.64
7/14/2015 0:00,42199.00,1629.3,25.54,17.65
7/14/2015 0:10,42199.01,1628.4,25.54,17.65
7/14/2015 0:20,42199.01,1627.7,25.54,17.65
7/14/2015 0:30,42199.02,1626.9,25.54,17.65
7/14/2015 0:40,42199.03,1625.8,25.54,17.65
7/14/2015 0:50,42199.03,1624.5,25.54,17.65
7/14/2015 1:00,42199.04,1622.7,25.54,17.65
7/14/2015 1:10,42199.05,1620.8,25.54,17.65
7/14/2015 1:20,42199.06,1619.1,25.54,17.65
7/14/2015 1:30,42199.06,1617,25.54,17.65
7/14/2015 1:40,42199.07,1614.7,25.54,17.65
7/14/2015 1:50,42199.08,1612.5,25.54,17.64
7/14/2015 2:00,42199.08,1610.2,25.54,17.65
7/14/2015 2:10,42199.09,1607.8,25.54,17.65
7/14/2015 2:20,42199.10,1605.3,25.54,17.65
7/14/2015 2:30,42199.10,1603.2,25.54,17.65
7/14/2015 2:40,42199.11,1601.3,25.54,17.65
7/14/2015 2:50,42199.12,1599.6,25.54,17.65
7/14/2015 3:00,42199.13,1598.1,25.54,17.65
7/14/2015 3:10,42199.13,1596.3,25.54,17.65
7/14/2015 3:20,42199.14,1594.6,25.54,17.65
7/14/2015 3:30,42199.15,1592.8,25.54,17.65
7/14/2015 3:40,42199.15,1591.5,25.54,17.65
7/14/2015 3:50,42199.16,1589.7,25.54,17.65
7/14/2015 4:00,42199.17,1588.6,25.53,17.65
7/14/2015 4:10,42199.17,1587.4,25.53,17.64
7/14/2015 4:20,42199.18,1586.5,25.53,17.64
7/14/2015 4:30,42199.19,1585.6,25.53,17.64
7/14/2015 4:40,42199.19,1584.5,25.54,17.64
7/14/2015 4:50,42199.20,1583.6,25.54,17.65
7/14/2015 5:00,42199.21,1582.8,25.53,17.64
7/14/2015 5:10,42199.22,1582.4,25.54,17.64
7/14/2015 5:20,42199.22,1581.9,25.54,17.65
7/14/2015 5:30,42199.23,1581.5,25.54,17.64
7/14/2015 5:40,42199.24,1581.5,25.54,17.65
7/14/2015 5:50,42199.24,1581.5,25.54,17.65
7/14/2015 6:00,42199.25,1582.2,25.55,17.65
7/14/2015 6:10,42199.26,1582.8,25.54,17.65
7/14/2015 6:20,42199.26,1583.4,25.54,17.65
7/14/2015 6:30,42199.27,1584.8,25.54,17.65
7/14/2015 6:40,42199.28,1586.2,25.54,17.65
7/14/2015 6:50,42199.28,1588,25.54,17.65
7/14/2015 7:00,42199.29,1589.9,25.54,17.65
7/14/2015 7:10,42199.30,1592,25.55,17.65
7/14/2015 7:20,42199.31,1594.2,25.55,17.65
7/14/2015 7:30,42199.31,1596.5,25.55,17.65
7/14/2015 7:40,42199.32,1599,25.55,17.65
7/14/2015 7:50,42199.33,1601.3,25.55,17.65
7/14/2015 8:00,42199.33,1603.4,25.55,17.65
7/14/2015 8:10,42199.34,1605.9,25.55,17.65
7/14/2015 8:20,42199.35,1608.3,25.55,17.65
7/14/2015 8:30,42199.35,1610.7,25.54,17.65
7/14/2015 8:40,42199.36,1613.3,25.54,17.65
7/14/2015 8:50,42199.37,1616,25.54,17.65
7/14/2015 9:00,42199.38,1618.6,25.55,17.65
7/14/2015 9:10,42199.38,1620.8,25.54,17.65
7/14/2015 9:20,42199.39,1622.9,25.55,17.65
7/14/2015 9:30,42199.40,1624.7,25.54,17.65
7/14/2015 9:40,42199.40,1626.5,25.54,17.65
7/14/2015 9:50,42199.41,1627.6,25.54,17.65
7/14/2015 10:00,42199.42,1628.8,25.54,17.65
7/14/2015 10:10,42199.42,1629.7,25.54,17.65
7/14/2015 10:20,42199.43,1630.5,25.54,17.65
7/14/2015 10:30,42199.44,1631.4,25.54,17.65
7/14/2015 10:40,42199.44,1632.1,25.54,17.65
7/14/2015 10:50,42199.45,1632.6,25.55,17.65
7/14/2015 11:00,42199.46,1633.8,25.55,17.65
7/14/2015 11:10,42199.47,1634.5,25.55,17.65
7/14/2015 11:20,42199.47,1635.2,25.55,17.65
7/14/2015 11:30,42199.48,1635.9,25.55,17.65
7/14/2015 11:40,42199.49,1636.1,25.54,17.65
7/14/2015 11:50,42199.49,1636.6,25.54,17.65
7/14/2015 12:00,42199.50,1636.4,25.54,17.65
7/14/2015 12:10,42199.51,1636.3,25.54,17.65
7/14/2015 12:20,42199.51,1635.7,25.54,17.65
7/14/2015 12:30,42199.52,1635,25.54,17.64
7/14/2015 12:40,42199.53,1634.2,25.54,17.65
7/14/2015 12:50,42199.53,1633.2,25.54,17.65
7/14/2015 13:00,42199.54,1632.1,25.54,17.65
7/14/2015 13:10,42199.55,1630.8,25.55,17.65
7/14/2015 13:20,42199.56,1629.6,25.55,17.65
7/14/2015 13:30,42199.56,1628,25.55,17.65
7/14/2015 13:40,42199.57,1626.5,25.55,17.65
7/14/2015 13:50,42199.58,1625,25.55,17.65
7/14/2015 14:00,42199.58,1623.5,25.55,17.65
7/14/2015 14:10,42199.59,1621,25.54,17.65
7/14/2015 14:20,42199.60,1619.6,25.54,17.64
7/14/2015 14:30,42199.60,1617.7,25.54,17.65
7/14/2015 14:40,42199.61,1616.4,25.55,17.65
7/14/2015 14:50,42199.62,1614.6,25.54,17.64
7/14/2015 15:00,42199.63,1612.5,25.54,17.65
7/14/2015 15:10,42199.63,1609.7,25.54,17.65
7/14/2015 15:20,42199.64,1607.4,25.54,17.65
7/14/2015 15:30,42199.65,1605,25.54,17.65
7/14/2015 15:40,42199.65,1602.7,25.54,17.65
7/14/2015 15:50,42199.66,1600.2,25.55,17.65
7/14/2015 16:00,42199.67,1597.7,25.54,17.65
7/14/2015 16:10,42199.67,1595.4,25.54,17.65
7/14/2015 16:20,42199.68,1593.3,25.54,17.65
7/14/2015 16:30,42199.69,1591.3,25.54,17.65
7/14/2015 16:40,42199.69,1589.5,25.54,17.65
7/14/2015 16:50,42199.70,1587.8,25.54,17.65
7/14/2015 17:00,42199.71,1586.6,25.54,17.65
7/14/2015 17:10,42199.72,1585.2,25.54,17.65
7/14/2015 17:20,42199.72,1584.3,25.54,17.65
7/14/2015 17:30,42199.73,1583.3,25.54,17.65
7/14/2015 17:40,42199.74,1582.4,25.54,17.65
7/14/2015 17:50,42199.74,1581.7,25.54,17.65
7/14/2015 18:00,42199.75,1581.2,25.54,17.65
7/14/2015 18:10,42199.76,1580.7,25.54,17.65
7/14/2015 18:20,42199.76,1580.3,25.54,17.65
7/14/2015 18:30,42199.77,1580.7,25.54,17.65
7/14/2015 18:40,42199.78,1580.8,25.54,17.65
7/14/2015 18:50,42199.78,1581.2,25.54,17.64
7/14/2015 19:00,42199.79,1582.4,25.54,17.65
7/14/2015 19:10,42199.80,1583.4,25.54,17.64
7/14/2015 19:20,42199.81,1584.6,25.54,17.65
7/14/2015 19:30,42199.81,1586.4,25.54,17.65
7/14/2015 19:40,42199.82,1588.3,25.55,17.65
7/14/2015 19:50,42199.83,1589.8,25.55,17.65
7/14/2015 20:00,42199.83,1591.9,25.54,17.65
7/14/2015 20:10,42199.84,1594.4,25.54,17.65
7/14/2015 20:20,42199.85,1596.8,25.54,17.65
7/14/2015 20:30,42199.85,1599.1,25.54,17.65
7/14/2015 20:40,42199.86,1601.5,25.54,17.65
7/14/2015 20:50,42199.87,1603.9,25.54,17.65
7/14/2015 21:00,42199.88,1606.2,25.54,17.65
7/14/2015 21:10,42199.88,1608.6,25.55,17.65
7/14/2015 21:20,42199.89,1610.7,25.54,17.65
7/14/2015 21:30,42199.90,1613.2,25.54,17.65
7/14/2015 21:40,42199.90,1615.3,25.54,17.65
7/14/2015 21:50,42199.91,1617.8,25.55,17.65
7/14/2015 22:00,42199.92,1619.8,25.55,17.65
7/14/2015 22:10,42199.92,1621.5,25.55,17.65
7/14/2015 22:20,42199.93,1622.9,25.55,17.65
7/14/2015 22:30,42199.94,1624.3,25.55,17.65
7/14/2015 22:40,42199.94,1625.1,25.55,17.65
7/14/2015 22:50,42199.95,1626.3,25.54,17.65
7/14/2015 23:00,42199.96,1626.5,25.54,17.65
7/14/2015 23:10,42199.97,1627.4,25.54,17.65
7/14/2015 23:20,42199.97,1627.9,25.54,17.65
7/14/2015 23:30,42199.98,1628.4,25.54,17.65
7/14/2015 23:40,42199.99,1628.7,25.55,17.65
7/14/2015 23:50,42199.99,1629.1,25.55,17.65
7/15/2015 0:00,42200.00,1629.3,25.55,17.65
7/15/2015 0:10,42200.01,1629.5,25.55,17.65
7/15/2015 0:20,42200.01,1629.5,25.55,17.65
7/15/2015 0:30,42200.02,1629.4,25.55,17.65
7/15/2015 0:40,42200.03,1628.8,25.54,17.65
7/15/2015 0:50,42200.03,1628.6,25.54,17.64
7/15/2015 1:00,42200.04,1627.9,25.54,17.65
7/15/2015 1:10,42200.05,1626.9,25.54,17.65
7/15/2015 1:20,42200.06,1626.2,25.54,17.65
7/15/2015 1:30,42200.06,1624.8,25.54,17.65
7/15/2015 1:40,42200.07,1623.3,25.54,17.65
7/15/2015 1:50,42200.08,1621.9,25.54,17.65
7/15/2015 2:00,42200.08,1619.8,25.54,17.65
7/15/2015 2:10,42200.09,1617.8,25.54,17.65
7/15/2015 2:20,42200.10,1615.8,25.54,17.65
7/15/2015 2:30,42200.10,1613.7,25.55,17.65
7/15/2015 2:40,42200.11,1611,25.55,17.65
7/15/2015 2:50,42200.12,1608.4,25.55,17.65
7/15/2015 3:00,42200.13,1605.9,25.55,17.65
7/15/2015 3:10,42200.13,1603.4,25.55,17.65
7/15/2015 3:20,42200.14,1601.1,25.54,17.65
7/15/2015 3:30,42200.15,1598.9,25.54,17.65
7/15/2015 3:40,42200.15,1596.8,25.54,17.65
7/15/2015 3:50,42200.16,1594.6,25.54,17.65
7/15/2015 4:00,42200.17,1592.8,25.54,17.65
7/15/2015 4:10,42200.17,1591.3,25.55,17.65
7/15/2015 4:20,42200.18,1589.5,25.54,17.65
7/15/2015 4:30,42200.19,1587.9,25.55,17.65
7/15/2015 4:40,42200.19,1586.3,25.55,17.65
7/15/2015 4:50,42200.20,1584.8,25.54,17.65
7/15/2015 5:00,42200.21,1583.8,25.54,17.65
7/15/2015 5:10,42200.22,1582.8,25.54,17.65
7/15/2015 5:20,42200.22,1581.5,25.54,17.65
7/15/2015 5:30,42200.23,1580.3,25.54,17.65
7/15/2015 5:40,42200.24,1579.8,25.54,17.65
7/15/2015 5:50,42200.24,1578.9,25.54,17.65
7/15/2015 6:00,42200.25,1578.4,25.54,17.65
7/15/2015 6:10,42200.26,1578.2,25.55,17.65
7/15/2015 6:20,42200.26,1578,25.55,17.65
7/15/2015 6:30,42200.27,1577.9,25.54,17.65
7/15/2015 6:40,42200.28,1578.2,25.54,17.65
7/15/2015 6:50,42200.28,1578.7,25.54,17.65
7/15/2015 7:00,42200.29,1579.8,25.54,17.65
7/15/2015 7:10,42200.30,1580.8,25.54,17.65
7/15/2015 7:20,42200.31,1582.1,25.54,17.65
7/15/2015 7:30,42200.31,1583.8,25.54,17.65
7/15/2015 7:40,42200.32,1585.9,25.54,17.65
7/15/2015 7:50,42200.33,1588,25.54,17.65
7/15/2015 8:00,42200.33,1590.1,25.55,17.65
7/15/2015 8:10,42200.34,1592.6,25.55,17.65
7/15/2015 8:20,42200.35,1594.9,25.54,17.65
7/15/2015 8:30,42200.35,1597.7,25.54,17.65
7/15/2015 8:40,42200.36,1600.6,25.55,17.65
7/15/2015 8:50,42200.37,1603.1,25.54,17.65
7/15/2015 9:00,42200.38,1605.7,25.54,17.65
7/15/2015 9:10,42200.38,1608.4,25.55,17.65
7/15/2015 9:20,42200.39,1611.4,25.54,17.65
7/15/2015 9:30,42200.40,1614.1,25.55,17.65
7/15/2015 9:40,42200.40,1617.1,25.55,17.65
7/15/2015 9:50,42200.41,1619.9,25.55,17.65
7/15/2015 10:00,42200.42,1622,25.55,17.65
7/15/2015 10:10,42200.42,1624.3,25.54,17.65
7/15/2015 10:20,42200.43,1626.1,25.55,17.65
7/15/2015 10:30,42200.44,1627.2,25.54,17.65
7/15/2015 10:40,42200.44,1628.6,25.55,17.65
7/15/2015 10:50,42200.45,1629.6,25.55,17.65
7/15/2015 11:00,42200.46,1630.6,25.55,17.65
7/15/2015 11:10,42200.47,1631.9,25.55,17.65
7/15/2015 11:20,42200.47,1633,25.55,17.65
7/15/2015 11:30,42200.48,1634.2,25.54,17.65
7/15/2015 11:40,42200.49,1635.4,25.54,17.65
7/15/2015 11:50,42200.49,1636.7,25.55,17.65
7/15/2015 12:00,42200.50,1637.7,25.54,17.65
7/15/2015 12:10,42200.51,1638.7,25.54,17.65
7/15/2015 12:20,42200.51,1639.1,25.55,17.65
7/15/2015 12:30,42200.52,1639.5,25.55,17.65
7/15/2015 12:40,42200.53,1640.1,25.55,17.65
7/15/2015 12:50,42200.53,1639.9,25.54,17.65
7/15/2015 13:00,42200.54,1639.6,25.55,17.65
7/15/2015 13:10,42200.55,1638.5,25.54,17.65
7/15/2015 13:20,42200.56,1637.3,25.54,17.65
7/15/2015 13:30,42200.56,1635.9,25.54,17.65
7/15/2015 13:40,42200.57,1633.8,25.54,17.65
7/15/2015 13:50,42200.58,1632.1,25.54,17.65
7/15/2015 14:00,42200.58,1630.2,25.54,17.65
7/15/2015 14:10,42200.59,1628.2,25.55,17.65
7/15/2015 14:20,42200.60,1626.2,25.54,17.65
7/15/2015 14:30,42200.60,1624.8,25.54,17.65
7/15/2015 14:40,42200.61,1623.1,25.54,17.65
7/15/2015 14:50,42200.62,1621.5,25.54,17.65
7/15/2015 15:00,42200.63,1619.9,25.55,17.65
7/15/2015 15:10,42200.63,1617.8,25.55,17.65
7/15/2015 15:20,42200.64,1615.8,25.54,17.65
7/15/2015 15:30,42200.65,1613.9,25.54,17.65
7/15/2015 15:40,42200.65,1611.4,25.54,17.65
7/15/2015 15:50,42200.66,1609.3,25.54,17.65
7/15/2015 16:00,42200.67,1607.3,25.54,17.65
7/15/2015 16:10,42200.67,1604.5,25.54,17.65
7/15/2015 16:20,42200.68,1601.7,25.54,17.65
7/15/2015 16:30,42200.69,1599.1,25.54,17.65
7/15/2015 16:40,42200.69,1596.3,25.54,17.65
7/15/2015 16:50,42200.70,1594,25.55,17.65
7/15/2015 17:00,42200.71,1591.5,25.54,17.65
7/15/2015 17:10,42200.72,1589.1,25.55,17.65
7/15/2015 17:20,42200.72,1587.1,25.54,17.65
7/15/2015 17:30,42200.73,1585.7,25.54,17.65
7/15/2015 17:40,42200.74,1584.3,25.54,17.65
7/15/2015 17:50,42200.74,1582.9,25.54,17.65
7/15/2015 18:00,42200.75,1581.7,25.54,17.65
7/15/2015 18:10,42200.76,1580.8,25.55,17.65
7/15/2015 18:20,42200.76,1579.9,25.55,17.65
7/15/2015 18:30,42200.77,1579.2,25.55,17.65
7/15/2015 18:40,42200.78,1578.6,25.54,17.65
7/15/2015 18:50,42200.78,1578.2,25.54,17.65
7/15/2015 19:00,42200.79,1578.2,25.55,17.65
7/15/2015 19:10,42200.80,1578.2,25.55,17.65
7/15/2015 19:20,42200.81,1578.6,25.54,17.65
7/15/2015 19:30,42200.81,1579.6,25.54,17.65
7/15/2015 19:40,42200.82,1580.3,25.54,17.65
7/15/2015 19:50,42200.83,1581.7,25.54,17.65
7/15/2015 20:00,42200.83,1583.4,25.56,17.65
7/15/2015 20:10,42200.84,1585,25.55,17.65
7/15/2015 20:20,42200.85,1587.1,25.55,17.65
7/15/2015 20:30,42200.85,1589,25.55,17.65
7/15/2015 20:40,42200.86,1591.1,25.54,17.65
7/15/2015 20:50,42200.87,1593.5,25.54,17.65
7/15/2015 21:00,42200.88,1595.6,25.54,17.65
7/15/2015 21:10,42200.88,1598.5,25.55,17.65
7/15/2015 21:20,42200.89,1600.9,25.55,17.65
7/15/2015 21:30,42200.90,1603.6,25.54,17.65
7/15/2015 21:40,42200.90,1606,25.54,17.65
7/15/2015 21:50,42200.91,1608.7,25.55,17.65
7/15/2015 22:00,42200.92,1611.2,25.55,17.65
7/15/2015 22:10,42200.92,1613.5,25.55,17.65
7/15/2015 22:20,42200.93,1616.5,25.55,17.65
7/15/2015 22:30,42200.94,1619.4,25.55,17.65
7/15/2015 22:40,42200.94,1621.9,25.54,17.65
7/15/2015 22:50,42200.95,1623.6,25.54,17.65
7/15/2015 23:00,42200.96,1624.9,25.55,17.65
7/15/2015 23:10,42200.97,1625.8,25.54,17.65
7/15/2015 23:20,42200.97,1626.7,25.54,17.65
7/15/2015 23:30,42200.98,1627.9,25.55,17.65
7/15/2015 23:40,42200.99,1628.1,25.55,17.65
7/15/2015 23:50,42200.99,1628.4,25.55,17.65
7/16/2015 0:00,42201.00,1629.1,25.55,17.65
7/16/2015 0:10,42201.01,1629.4,25.55,17.65
7/16/2015 0:20,42201.01,1629.7,25.55,17.65
7/16/2015 0:30,42201.02,1630.5,25.55,17.65
7/16/2015 0:40,42201.03,1630.7,25.55,17.65
7/16/2015 0:50,42201.03,1631,25.55,17.65
7/16/2015 1:00,42201.04,1631,25.55,17.65
7/16/2015 1:10,42201.05,1630.5,25.55,17.65
7/16/2015 1:20,42201.06,1630.2,25.55,17.65
7/16/2015 1:30,42201.06,1629.3,25.55,17.65
7/16/2015 1:40,42201.07,1628.4,25.55,17.65
7/16/2015 1:50,42201.08,1627.2,25.55,17.65
7/16/2015 2:00,42201.08,1625.6,25.54,17.65
7/16/2015 2:10,42201.09,1624.1,25.54,17.65
7/16/2015 2:20,42201.10,1622.6,25.54,17.65
7/16/2015 2:30,42201.10,1620.6,25.54,17.65
7/16/2015 2:40,42201.11,1618.8,25.55,17.65
7/16/2015 2:50,42201.12,1616.3,25.54,17.65
7/16/2015 3:00,42201.13,1614.2,25.54,17.65
7/16/2015 3:10,42201.13,1611.7,25.55,17.65
7/16/2015 3:20,42201.14,1609.1,25.54,17.65
7/16/2015 3:30,42201.15,1606.6,25.55,17.65
7/16/2015 3:40,42201.15,1603.4,25.54,17.65
7/16/2015 3:50,42201.16,1600.4,25.54,17.65
7/16/2015 4:00,42201.17,1597.7,25.54,17.65
7/16/2015 4:10,42201.17,1595.1,25.54,17.65
7/16/2015 4:20,42201.18,1592.8,25.54,17.65
7/16/2015 4:30,42201.19,1590.6,25.54,17.65
7/16/2015 4:40,42201.19,1588.8,25.54,17.65
7/16/2015 4:50,42201.20,1586.9,25.54,17.65
7/16/2015 5:00,42201.21,1585.2,25.54,17.65
7/16/2015 5:10,42201.22,1583.9,25.54,17.65
7/16/2015 5:20,42201.22,1582.2,25.54,17.65
7/16/2015 5:30,42201.23,1581.2,25.54,17.65
7/16/2015 5:40,42201.24,1580,25.54,17.65
7/16/2015 5:50,42201.24,1578.9,25.55,17.65
7/16/2015 6:00,42201.25,1578,25.55,17.65
7/16/2015 6:10,42201.26,1577,25.54,17.65
7/16/2015 6:20,42201.26,1576.1,25.54,17.65
7/16/2015 6:30,42201.27,1575.4,25.55,17.65
7/16/2015 6:40,42201.28,1574.7,25.55,17.65
7/16/2015 6:50,42201.28,1574.2,25.55,17.65
7/16/2015 7:00,42201.29,1574.3,25.55,17.65
7/16/2015 7:10,42201.30,1574.4,25.55,17.65
7/16/2015 7:20,42201.31,1574.7,25.55,17.65
7/16/2015 7:30,42201.31,1575.7,25.55,17.65
7/16/2015 7:40,42201.32,1576.5,25.55,17.65
7/16/2015 7:50,42201.33,1577.9,25.55,17.65
7/16/2015 8:00,42201.33,1579.3,25.55,17.65
7/16/2015 8:10,42201.34,1581.5,25.55,17.65
7/16/2015 8:20,42201.35,1583.8,25.55,17.65
7/16/2015 8:30,42201.35,1586.2,25.55,17.65
7/16/2015 8:40,42201.36,1588.8,25.55,17.65
7/16/2015 8:50,42201.37,1591.5,25.55,17.65
7/16/2015 9:00,42201.38,1594.4,25.55,17.65
7/16/2015 9:10,42201.38,1597.5,25.55,17.65
7/16/2015 9:20,42201.39,1600.4,25.55,17.65
7/16/2015 9:30,42201.40,1603.4,25.55,17.65
7/16/2015 9:40,42201.40,1606,25.54,17.65
7/16/2015 9:50,42201.41,1608.7,25.55,17.65
7/16/2015 10:00,42201.42,1611.6,25.55,17.65
7/16/2015 10:10,42201.42,1614.7,25.55,17.65
7/16/2015 10:20,42201.43,1617.8,25.55,17.65
7/16/2015 10:30,42201.44,1620.8,25.55,17.65
7/16/2015 10:40,42201.44,1623.3,25.55,17.65
7/16/2015 10:50,42201.45,1625.1,25.55,17.65
7/16/2015 11:00,42201.46,1626.5,25.55,17.65
7/16/2015 11:10,42201.47,1627.9,25.55,17.65
7/16/2015 11:20,42201.47,1629.5,25.55,17.65
7/16/2015 11:30,42201.48,1631.1,25.54,17.65
7/16/2015 11:40,42201.49,1632.7,25.55,17.65
7/16/2015 11:50,42201.49,1634.3,25.55,17.65
7/16/2015 12:00,42201.50,1635.6,25.55,17.65
7/16/2015 12:10,42201.51,1636.6,25.54,17.65
7/16/2015 12:20,42201.51,1638.2,25.55,17.65
7/16/2015 12:30,42201.52,1639.8,25.54,17.65
7/16/2015 12:40,42201.53,1640.9,25.55,17.65
7/16/2015 12:50,42201.53,1641.7,25.55,17.65
7/16/2015 13:00,42201.54,1642.3,25.55,17.65
7/16/2015 13:10,42201.55,1642.8,25.55,17.65
7/16/2015 13:20,42201.56,1642.7,25.55,17.65
7/16/2015 13:30,42201.56,1642.3,25.55,17.65
7/16/2015 13:40,42201.57,1641.6,25.55,17.65
7/16/2015 13:50,42201.58,1640.5,25.55,17.65
7/16/2015 14:00,42201.58,1639.2,25.55,17.65
7/16/2015 14:10,42201.59,1637,25.55,17.65
7/16/2015 14:20,42201.60,1634.3,25.55,17.65
7/16/2015 14:30,42201.60,1631.8,25.55,17.65
7/16/2015 14:40,42201.61,1629.7,25.55,17.65
7/16/2015 14:50,42201.62,1627.7,25.55,17.65
7/16/2015 15:00,42201.63,1625.5,25.55,17.65
7/16/2015 15:10,42201.63,1623.6,25.55,17.65
7/16/2015 15:20,42201.64,1621.6,25.55,17.65
7/16/2015 15:30,42201.65,1619.7,25.55,17.65
7/16/2015 15:40,42201.65,1618.1,25.55,17.65
7/16/2015 15:50,42201.66,1616,25.55,17.65
7/16/2015 16:00,42201.67,1614,25.55,17.65
7/16/2015 16:10,42201.67,1611.8,25.54,17.65
7/16/2015 16:20,42201.68,1609.8,25.54,17.65
7/16/2015 16:30,42201.69,1607.4,25.54,17.65
7/16/2015 16:40,42201.69,1604.9,25.55,17.65
7/16/2015 16:50,42201.70,1602.3,25.55,17.65
7/16/2015 17:00,42201.71,1599.3,25.55,17.65
7/16/2015 17:10,42201.72,1596.3,25.54,17.65
7/16/2015 17:20,42201.72,1593.5,25.54,17.65
7/16/2015 17:30,42201.73,1591.2,25.55,17.65
7/16/2015 17:40,42201.74,1589,25.55,17.65
7/16/2015 17:50,42201.74,1586.9,25.55,17.65
7/16/2015 18:00,42201.75,1584.8,25.54,17.65
7/16/2015 18:10,42201.76,1583.5,25.55,17.65
7/16/2015 18:20,42201.76,1582.1,25.54,17.65
7/16/2015 18:30,42201.77,1580.5,25.54,17.65
7/16/2015 18:40,42201.78,1579.4,25.55,17.65
7/16/2015 18:50,42201.78,1578.4,25.54,17.65
7/16/2015 19:00,42201.79,1577.5,25.54,17.65
7/16/2015 19:10,42201.80,1576.8,25.54,17.65
7/16/2015 19:20,42201.81,1576.3,25.54,17.65
7/16/2015 19:30,42201.81,1575.8,25.54,17.65
7/16/2015 19:40,42201.82,1575.6,25.54,17.65
7/16/2015 19:50,42201.83,1575.6,25.54,17.65
7/16/2015 20:00,42201.83,1576.3,25.54,17.65
7/16/2015 20:10,42201.84,1576.8,25.54,17.65
7/16/2015 20:20,42201.85,1578,25.54,17.65
7/16/2015 20:30,42201.85,1579.4,25.54,17.65
7/16/2015 20:40,42201.86,1581.4,25.54,17.65
7/16/2015 20:50,42201.87,1583.4,25.55,17.65
7/16/2015 21:00,42201.88,1585.3,25.55,17.65
7/16/2015 21:10,42201.88,1588,25.55,17.65
7/16/2015 21:20,42201.89,1590.8,25.55,17.65
7/16/2015 21:30,42201.90,1593.6,25.55,17.65
7/16/2015 21:40,42201.90,1596.6,25.55,17.65
7/16/2015 21:50,42201.91,1599.6,25.54,17.65
7/16/2015 22:00,42201.92,1602.7,25.55,17.65
7/16/2015 22:10,42201.92,1605.3,25.55,17.65
7/16/2015 22:20,42201.93,1607.8,25.55,17.65
7/16/2015 22:30,42201.94,1610.3,25.55,17.65
7/16/2015 22:40,42201.94,1612.9,25.55,17.65
7/16/2015 22:50,42201.95,1615.8,25.55,17.65
7/16/2015 23:00,42201.96,1618.2,25.55,17.65
7/16/2015 23:10,42201.97,1621.2,25.56,17.65
7/16/2015 23:20,42201.97,1623.3,25.55,17.65
7/16/2015 23:30,42201.98,1625.1,25.55,17.65
7/16/2015 23:40,42201.99,1626.2,25.55,17.65
7/16/2015 23:50,42201.99,1627.2,25.54,17.65
7/17/2015 0:00,42202.00,1628.1,25.55,17.65
7/17/2015 0:10,42202.01,1628.9,25.55,17.65
7/17/2015 0:20,42202.01,1629.9,25.55,17.65
7/17/2015 0:30,42202.02,1631.1,25.55,17.65
7/17/2015 0:40,42202.03,1631.9,25.55,17.65
7/17/2015 0:50,42202.03,1632.5,25.55,17.65
7/17/2015 1:00,42202.04,1633.4,25.55,17.65
7/17/2015 1:10,42202.05,1633.9,25.55,17.65
7/17/2015 1:20,42202.06,1634.2,25.55,17.65
7/17/2015 1:30,42202.06,1634.7,25.55,17.65
7/17/2015 1:40,42202.07,1634.5,25.55,17.65
7/17/2015 1:50,42202.08,1634,25.55,17.65
7/17/2015 2:00,42202.08,1633.3,25.55,17.65
7/17/2015 2:10,42202.09,1631.9,25.55,17.65
7/17/2015 2:20,42202.10,1630.7,25.55,17.65
7/17/2015 2:30,42202.10,1629.4,25.55,17.65
7/17/2015 2:40,42202.11,1628.2,25.55,17.65
7/17/2015 2:50,42202.12,1626.7,25.55,17.65
7/17/2015 3:00,42202.13,1625,25.55,17.65
7/17/2015 3:10,42202.13,1623.1,25.55,17.65
7/17/2015 3:20,42202.14,1621.2,25.55,17.65
7/17/2015 3:30,42202.15,1619.1,25.54,17.65
7/17/2015 3:40,42202.15,1616.9,25.55,17.65
7/17/2015 3:50,42202.16,1614.4,25.55,17.65
7/17/2015 4:00,42202.17,1612.3,25.54,17.65
7/17/2015 4:10,42202.17,1609.8,25.54,17.65
7/17/2015 4:20,42202.18,1607.6,25.55,17.65
7/17/2015 4:30,42202.19,1604.9,25.55,17.65
7/17/2015 4:40,42202.19,1602.2,25.55,17.65
7/17/2015 4:50,42202.20,1599.3,25.55,17.65
7/17/2015 5:00,42202.21,1596.8,25.55,17.65
7/17/2015 5:10,42202.22,1593.8,25.55,17.65
7/17/2015 5:20,42202.22,1591.6,25.55,17.65
7/17/2015 5:30,42202.23,1589.2,25.56,17.65
7/17/2015 5:40,42202.24,1587.3,25.55,17.65
7/17/2015 5:50,42202.24,1585.5,25.55,17.65
7/17/2015 6:00,42202.25,1583.9,25.55,17.65
7/17/2015 6:10,42202.26,1582.6,25.54,17.65
7/17/2015 6:20,42202.26,1581.4,25.54,17.65
7/17/2015 6:30,42202.27,1580.1,25.54,17.65
7/17/2015 6:40,42202.28,1579,25.55,17.65
7/17/2015 6:50,42202.28,1578,25.55,17.65
7/17/2015 7:00,42202.29,1577.1,25.55,17.65
7/17/2015 7:10,42202.30,1576.6,25.55,17.65
7/17/2015 7:20,42202.31,1575.5,25.55,17.65
7/17/2015 7:30,42202.31,1575,25.55,17.65
7/17/2015 7:40,42202.32,1574.8,25.55,17.65
7/17/2015 7:50,42202.33,1574.8,25.55,17.65
7/17/2015 8:00,42202.33,1575.4,25.55,17.65
7/17/2015 8:10,42202.34,1576.1,25.55,17.65
7/17/2015 8:20,42202.35,1577.5,25.55,17.65
7/17/2015 8:30,42202.35,1578.9,25.55,17.65
7/17/2015 8:40,42202.36,1581,25.55,17.65
7/17/2015 8:50,42202.37,1582.7,25.55,17.65
7/17/2015 9:00,42202.38,1584.9,25.55,17.65
7/17/2015 9:10,42202.38,1587.4,25.55,17.65
7/17/2015 9:20,42202.39,1590.1,25.55,17.65
7/17/2015 9:30,42202.40,1593,25.55,17.65
7/17/2015 9:40,42202.40,1596.1,25.55,17.65
7/17/2015 9:50,42202.41,1598.9,25.55,17.65
7/17/2015 10:00,42202.42,1602.3,25.55,17.65
7/17/2015 10:10,42202.42,1605.3,25.55,17.65
7/17/2015 10:20,42202.43,1608.4,25.55,17.65
7/17/2015 10:30,42202.44,1611.8,25.56,17.66
7/17/2015 10:40,42202.44,1615.4,25.56,17.65
7/17/2015 10:50,42202.45,1618.5,25.56,17.65
7/17/2015 11:00,42202.46,1621.5,25.56,17.65
7/17/2015 11:10,42202.47,1624.1,25.56,17.65
7/17/2015 11:20,42202.47,1625.8,25.56,17.65
7/17/2015 11:30,42202.48,1627,25.56,17.66
7/17/2015 11:40,42202.49,1628.4,25.55,17.65
7/17/2015 11:50,42202.49,1629.8,25.55,17.65
7/17/2015 12:00,42202.50,1631.9,25.55,17.65
7/17/2015 12:10,42202.51,1634.2,25.55,17.66
7/17/2015 12:20,42202.51,1635.7,25.56,17.66
7/17/2015 12:30,42202.52,1637.7,25.56,17.66
7/17/2015 12:40,42202.53,1639.4,25.56,17.66
7/17/2015 12:50,42202.53,1640.6,25.56,17.66
7/17/2015 13:00,42202.54,1642.3,25.55,17.65
7/17/2015 13:10,42202.55,1643.9,25.55,17.65
7/17/2015 13:20,42202.56,1645.5,25.55,17.65
7/17/2015 13:30,42202.56,1646.2,25.55,17.65
7/17/2015 13:40,42202.57,1646.4,25.55,17.65
7/17/2015 13:50,42202.58,1647.1,25.56,17.65
7/17/2015 14:00,42202.58,1647.6,25.55,17.65
7/17/2015 14:10,42202.59,1647.6,25.55,17.65
7/17/2015 14:20,42202.60,1647.4,25.55,17.65
7/17/2015 14:30,42202.60,1646.9,25.55,17.65
7/17/2015 14:40,42202.61,1645.3,25.55,17.65
7/17/2015 14:50,42202.62,1643.2,25.55,17.65
7/17/2015 15:00,42202.63,1641,25.55,17.65
7/17/2015 15:10,42202.63,1638.2,25.55,17.65
7/17/2015 15:20,42202.64,1634.9,25.55,17.65
7/17/2015 15:30,42202.65,1632.1,25.55,17.65
7/17/2015 15:40,42202.65,1629.1,25.55,17.65
7/17/2015 15:50,42202.66,1626.5,25.55,17.65
7/17/2015 16:00,42202.67,1624.2,25.55,17.65
7/17/2015 16:10,42202.67,1622.4,25.55,17.65
7/17/2015 16:20,42202.68,1620.4,25.55,17.65
7/17/2015 16:30,42202.69,1618.5,25.55,17.65
7/17/2015 16:40,42202.69,1616.5,25.55,17.65
7/17/2015 16:50,42202.70,1614.4,25.54,17.65
7/17/2015 17:00,42202.71,1612.8,25.55,17.65
7/17/2015 17:10,42202.72,1610.5,25.55,17.65
7/17/2015 17:20,42202.72,1608.3,25.55,17.65
7/17/2015 17:30,42202.73,1605.9,25.54,17.65
7/17/2015 17:40,42202.74,1603.5,25.55,17.65
7/17/2015 17:50,42202.74,1600.4,25.55,17.65
7/17/2015 18:00,42202.75,1597.3,25.55,17.65
7/17/2015 18:10,42202.76,1594.3,25.55,17.65
7/17/2015 18:20,42202.76,1591.7,25.55,17.65
7/17/2015 18:30,42202.77,1589.3,25.55,17.65
7/17/2015 18:40,42202.78,1587.2,25.55,17.65
7/17/2015 18:50,42202.78,1585.3,25.55,17.65
7/17/2015 19:00,42202.79,1583.6,25.54,17.65
7/17/2015 19:10,42202.80,1582.2,25.54,17.65
7/17/2015 19:20,42202.81,1581,25.54,17.65
7/17/2015 19:30,42202.81,1579.6,25.54,17.65
7/17/2015 19:40,42202.82,1578.9,25.55,17.65
7/17/2015 19:50,42202.83,1577.9,25.54,17.65
7/17/2015 20:00,42202.83,1577.2,25.55,17.65
7/17/2015 20:10,42202.84,1576.9,25.55,17.65
7/17/2015 20:20,42202.85,1576.5,25.55,17.65
7/17/2015 20:30,42202.85,1576.3,25.55,17.65
7/17/2015 20:40,42202.86,1576.3,25.55,17.65
7/17/2015 20:50,42202.87,1577.2,25.56,17.65
7/17/2015 21:00,42202.88,1578.2,25.55,17.65
7/17/2015 21:10,42202.88,1579.6,25.55,17.65
7/17/2015 21:20,42202.89,1581.7,25.55,17.65
7/17/2015 21:30,42202.90,1583.4,25.54,17.65
7/17/2015 21:40,42202.90,1585.7,25.55,17.65
7/17/2015 21:50,42202.91,1588.3,25.55,17.65
7/17/2015 22:00,42202.92,1591.3,25.55,17.65
7/17/2015 22:10,42202.92,1594,25.55,17.65
7/17/2015 22:20,42202.93,1596.8,25.55,17.65
7/17/2015 22:30,42202.94,1600,25.56,17.65
7/17/2015 22:40,42202.94,1602.7,25.55,17.65
7/17/2015 22:50,42202.95,1605.7,25.55,17.65
7/17/2015 23:00,42202.96,1608.3,25.55,17.65
7/17/2015 23:10,42202.97,1610.9,25.56,17.66
7/17/2015 23:20,42202.97,1613.2,25.56,17.65
7/17/2015 23:30,42202.98,1616.1,25.56,17.66
7/17/2015 23:40,42202.99,1618.9,25.56,17.65
7/17/2015 23:50,42202.99,1621.5,25.56,17.65
7/18/2015 0:00,42203.00,1624,25.56,17.66
7/18/2015 0:10,42203.01,1625.5,25.55,17.65
7/18/2015 0:20,42203.01,1626.9,25.55,17.65
7/18/2015 0:30,42203.02,1627.7,25.55,17.65
7/18/2015 0:40,42203.03,1628.6,25.56,17.66
7/18/2015 0:50,42203.03,1630.2,25.56,17.66
7/18/2015 1:00,42203.04,1631.1,25.56,17.65
7/18/2015 1:10,42203.05,1631.9,25.55,17.65
7/18/2015 1:20,42203.06,1632.6,25.55,17.65
7/18/2015 1:30,42203.06,1633,25.56,17.66
7/18/2015 1:40,42203.07,1633.5,25.56,17.66
7/18/2015 1:50,42203.08,1634.2,25.56,17.66
7/18/2015 2:00,42203.08,1634.7,25.56,17.66
7/18/2015 2:10,42203.09,1634.9,25.56,17.66
7/18/2015 2:20,42203.10,1634.3,25.56,17.66
7/18/2015 2:30,42203.10,1633.6,25.55,17.65
7/18/2015 2:40,42203.11,1632.6,25.55,17.65
7/18/2015 2:50,42203.12,1631.8,25.55,17.66
7/18/2015 3:00,42203.13,1630.5,25.55,17.65
7/18/2015 3:10,42203.13,1629.3,25.55,17.65
7/18/2015 3:20,42203.14,1627.7,25.55,17.65
7/18/2015 3:30,42203.15,1626,25.56,17.65
7/18/2015 3:40,42203.15,1624.3,25.56,17.66
7/18/2015 3:50,42203.16,1622.4,25.56,17.66
7/18/2015 4:00,42203.17,1620.5,25.55,17.65
7/18/2015 4:10,42203.17,1618.2,25.55,17.65
7/18/2015 4:20,42203.18,1615.4,25.55,17.65
7/18/2015 4:30,42203.19,1613,25.55,17.65
7/18/2015 4:40,42203.19,1610.7,25.55,17.65
7/18/2015 4:50,42203.20,1608.3,25.55,17.65
7/18/2015 5:00,42203.21,1605.7,25.55,17.65
7/18/2015 5:10,42203.22,1602.9,25.54,17.65
7/18/2015 5:20,42203.22,1600,25.55,17.65
7/18/2015 5:30,42203.23,1597.2,25.55,17.65
7/18/2015 5:40,42203.24,1594.5,25.55,17.65
7/18/2015 5:50,42203.24,1592.1,25.55,17.65
7/18/2015 6:00,42203.25,1589.9,25.55,17.65
7/18/2015 6:10,42203.26,1588,25.55,17.65
7/18/2015 6:20,42203.26,1586.3,25.55,17.65
7/18/2015 6:30,42203.27,1584.5,25.55,17.65
7/18/2015 6:40,42203.28,1582.8,25.55,17.65
7/18/2015 6:50,42203.28,1581.7,25.55,17.65
7/18/2015 7:00,42203.29,1580.3,25.55,17.65
7/18/2015 7:10,42203.30,1579.1,25.55,17.65
7/18/2015 7:20,42203.31,1578.2,25.55,17.65
7/18/2015 7:30,42203.31,1577.6,25.55,17.65
7/18/2015 7:40,42203.32,1576.8,25.55,17.65
7/18/2015 7:50,42203.33,1575.9,25.55,17.65
7/18/2015 8:00,42203.33,1575.5,25.55,17.65
7/18/2015 8:10,42203.34,1575.2,25.55,17.65
7/18/2015 8:20,42203.35,1575.6,25.55,17.65
7/18/2015 8:30,42203.35,1575.9,25.55,17.65
7/18/2015 8:40,42203.36,1576.8,25.55,17.65
7/18/2015 8:50,42203.37,1577.7,25.55,17.65
7/18/2015 9:00,42203.38,1579.4,25.55,17.65
7/18/2015 9:10,42203.38,1581.2,25.55,17.65
7/18/2015 9:20,42203.39,1583.6,25.55,17.65
7/18/2015 9:30,42203.40,1586.2,25.55,17.65
7/18/2015 9:40,42203.40,1588.8,25.55,17.65
7/18/2015 9:50,42203.41,1591.5,25.55,17.65
7/18/2015 10:00,42203.42,1594.4,25.55,17.65
7/18/2015 10:10,42203.42,1597.5,25.55,17.65
7/18/2015 10:20,42203.43,1600.4,25.55,17.65
7/18/2015 10:30,42203.44,1603.2,25.55,17.65
7/18/2015 10:40,42203.44,1606,25.55,17.65
7/18/2015 10:50,42203.45,1608.6,25.55,17.65
7/18/2015 11:00,42203.46,1611.2,25.56,17.66
7/18/2015 11:10,42203.47,1614.2,25.56,17.66
7/18/2015 11:20,42203.47,1617.7,25.56,17.66
7/18/2015 11:30,42203.48,1620.3,25.56,17.65
7/18/2015 11:40,42203.49,1623.4,25.56,17.65
7/18/2015 11:50,42203.49,1625.8,25.55,17.65
7/18/2015 12:00,42203.50,1627.2,25.55,17.65
7/18/2015 12:10,42203.51,1628.6,25.55,17.65
7/18/2015 12:20,42203.51,1630.2,25.56,17.66
7/18/2015 12:30,42203.52,1632.1,25.56,17.65
7/18/2015 12:40,42203.53,1633.6,25.56,17.66
7/18/2015 12:50,42203.53,1635.6,25.56,17.65
7/18/2015 13:00,42203.54,1636.8,25.56,17.65
7/18/2015 13:10,42203.55,1638.2,25.56,17.65
7/18/2015 13:20,42203.56,1639.8,25.55,17.65
7/18/2015 13:30,42203.56,1641.3,25.55,17.65
7/18/2015 13:40,42203.57,1642.7,25.56,17.66
7/18/2015 13:50,42203.58,1643.6,25.56,17.66
7/18/2015 14:00,42203.58,1644.4,25.55,17.65
7/18/2015 14:10,42203.59,1645,25.55,17.66
7/18/2015 14:20,42203.60,1645.5,25.55,17.65
7/18/2015 14:30,42203.60,1645.1,25.56,17.66
7/18/2015 14:40,42203.61,1644.6,25.55,17.66
7/18/2015 14:50,42203.62,1644.3,25.55,17.66
7/18/2015 15:00,42203.63,1643.4,25.56,17.65
7/18/2015 15:10,42203.63,1641.3,25.55,17.65
7/18/2015 15:20,42203.64,1639.1,25.55,17.66
7/18/2015 15:30,42203.65,1636.4,25.55,17.66
7/18/2015 15:40,42203.65,1633.6,25.56,17.66
7/18/2015 15:50,42203.66,1631.4,25.55,17.66
7/18/2015 16:00,42203.67,1628.6,25.55,17.65
7/18/2015 16:10,42203.67,1626.7,25.55,17.65
7/18/2015 16:20,42203.68,1624.3,25.55,17.65
7/18/2015 16:30,42203.69,1622.4,25.55,17.65
7/18/2015 16:40,42203.69,1620.7,25.55,17.65
7/18/2015 16:50,42203.70,1618.7,25.55,17.65
7/18/2015 17:00,42203.71,1617,25.55,17.65
7/18/2015 17:10,42203.72,1615.1,25.55,17.65
7/18/2015 17:20,42203.72,1613.2,25.55,17.65
7/18/2015 17:30,42203.73,1611.1,25.55,17.65
7/18/2015 17:40,42203.74,1609,25.56,17.65
7/18/2015 17:50,42203.74,1606.6,25.56,17.65
7/18/2015 18:00,42203.75,1604.1,25.56,17.65
7/18/2015 18:10,42203.76,1601.3,25.56,17.66
7/18/2015 18:20,42203.76,1598.6,25.56,17.66
7/18/2015 18:30,42203.77,1595.8,25.55,17.65
7/18/2015 18:40,42203.78,1593.2,25.55,17.65
7/18/2015 18:50,42203.78,1590.8,25.55,17.65
7/18/2015 19:00,42203.79,1588.8,25.55,17.65
7/18/2015 19:10,42203.80,1587,25.55,17.65
7/18/2015 19:20,42203.81,1585.2,25.55,17.65
7/18/2015 19:30,42203.81,1583.3,25.55,17.65
7/18/2015 19:40,42203.82,1582.2,25.56,17.65
7/18/2015 19:50,42203.83,1581.2,25.55,17.65
7/18/2015 20:00,42203.83,1580.1,25.55,17.65
7/18/2015 20:10,42203.84,1579.3,25.55,17.65
7/18/2015 20:20,42203.85,1578.6,25.55,17.65
7/18/2015 20:30,42203.85,1577.8,25.55,17.65
7/18/2015 20:40,42203.86,1577.6,25.55,17.65
7/18/2015 20:50,42203.87,1577.5,25.55,17.65
7/18/2015 21:00,42203.88,1577.5,25.55,17.65
7/18/2015 21:10,42203.88,1577.8,25.55,17.65
7/18/2015 21:20,42203.89,1578.7,25.55,17.65
7/18/2015 21:30,42203.90,1579.7,25.55,17.65
7/18/2015 21:40,42203.90,1580.8,25.55,17.65
7/18/2015 21:50,42203.91,1582.6,25.55,17.65
7/18/2015 22:00,42203.92,1584.5,25.55,17.65
7/18/2015 22:10,42203.92,1586.7,25.55,17.65
7/18/2015 22:20,42203.93,1589.4,25.55,17.65
7/18/2015 22:30,42203.94,1591.9,25.55,17.65
7/18/2015 22:40,42203.94,1594.8,25.55,17.65
7/18/2015 22:50,42203.95,1597.7,25.55,17.65
7/18/2015 23:00,42203.96,1600.6,25.55,17.65
7/18/2015 23:10,42203.97,1603.1,25.55,17.65
7/18/2015 23:20,42203.97,1605.7,25.55,17.65
7/18/2015 23:30,42203.98,1608.3,25.55,17.65
7/18/2015 23:40,42203.99,1610.5,25.55,17.65
7/18/2015 23:50,42203.99,1613.2,25.55,17.65
7/19/2015 0:00,42204.00,1616.3,25.56,17.65
7/19/2015 0:10,42204.01,1619.1,25.56,17.65
7/19/2015 0:20,42204.01,1621.9,25.56,17.66
7/19/2015 0:30,42204.02,1624.1,25.56,17.65
7/19/2015 0:40,42204.03,1625.3,25.56,17.66
7/19/2015 0:50,42204.03,1626.9,25.55,17.65
7/19/2015 1:00,42204.04,1627.9,25.55,17.65
7/19/2015 1:10,42204.05,1628.6,25.56,17.66
7/19/2015 1:20,42204.06,1629.7,25.56,17.66
7/19/2015 1:30,42204.06,1630.7,25.56,17.66
7/19/2015 1:40,42204.07,1631.6,25.56,17.66
7/19/2015 1:50,42204.08,1631.9,25.56,17.66
7/19/2015 2:00,42204.08,1632.8,25.56,17.66
7/19/2015 2:10,42204.09,1633.6,25.56,17.66
7/19/2015 2:20,42204.10,1634.2,25.55,17.65
7/19/2015 2:30,42204.10,1634.7,25.55,17.65
7/19/2015 2:40,42204.11,1634.7,25.55,17.65
7/19/2015 2:50,42204.12,1634.7,25.55,17.65
7/19/2015 3:00,42204.13,1634.2,25.55,17.65
7/19/2015 3:10,42204.13,1633.5,25.56,17.66
7/19/2015 3:20,42204.14,1632.3,25.55,17.66
7/19/2015 3:30,42204.15,1631.2,25.56,17.65
7/19/2015 3:40,42204.15,1630,25.55,17.65
7/19/2015 3:50,42204.16,1628.6,25.55,17.65
7/19/2015 4:00,42204.17,1627.2,25.55,17.65
7/19/2015 4:10,42204.17,1625.1,25.55,17.65
7/19/2015 4:20,42204.18,1623.4,25.55,17.65
7/19/2015 4:30,42204.19,1621.7,25.56,17.66
7/19/2015 4:40,42204.19,1619.9,25.56,17.65
7/19/2015 4:50,42204.20,1617.7,25.55,17.65
7/19/2015 5:00,42204.21,1615.8,25.56,17.65
7/19/2015 5:10,42204.22,1613.9,25.56,17.65
7/19/2015 5:20,42204.22,1611.4,25.56,17.65
7/19/2015 5:30,42204.23,1609,25.56,17.65
7/19/2015 5:40,42204.24,1606.6,25.55,17.65
7/19/2015 5:50,42204.24,1604.1,25.55,17.65
7/19/2015 6:00,42204.25,1601.3,25.56,17.66
7/19/2015 6:10,42204.26,1598.8,25.56,17.66
7/19/2015 6:20,42204.26,1596.1,25.55,17.65
7/19/2015 6:30,42204.27,1593.7,25.55,17.65
7/19/2015 6:40,42204.28,1591.8,25.55,17.65
7/19/2015 6:50,42204.28,1589.9,25.55,17.65
7/19/2015 7:00,42204.29,1588.7,25.55,17.65
7/19/2015 7:10,42204.30,1587.1,25.55,17.65
7/19/2015 7:20,42204.31,1585.6,25.55,17.65
7/19/2015 7:30,42204.31,1584.8,25.55,17.65
7/19/2015 7:40,42204.32,1583.4,25.55,17.65
7/19/2015 7:50,42204.33,1582.8,25.56,17.65
7/19/2015 8:00,42204.33,1582.2,25.56,17.65
7/19/2015 8:10,42204.34,1581.4,25.56,17.66
7/19/2015 8:20,42204.35,1580.5,25.55,17.65
7/19/2015 8:30,42204.35,1579.6,25.55,17.65
7/19/2015 8:40,42204.36,1578.9,25.55,17.65
7/19/2015 8:50,42204.37,1578.7,25.56,17.65
7/19/2015 9:00,42204.38,1578.4,25.56,17.65
7/19/2015 9:10,42204.38,1578.7,25.56,17.66
7/19/2015 9:20,42204.39,1579.6,25.56,17.66
7/19/2015 9:30,42204.40,1580.5,25.55,17.65
7/19/2015 9:40,42204.40,1582.2,25.55,17.65
7/19/2015 9:50,42204.41,1584.1,25.55,17.65
7/19/2015 10:00,42204.42,1586.4,25.55,17.65
7/19/2015 10:10,42204.42,1588.7,25.56,17.66
7/19/2015 10:20,42204.43,1591.3,25.56,17.65
7/19/2015 10:30,42204.44,1594.2,25.56,17.65
7/19/2015 10:40,42204.44,1597,25.55,17.65
7/19/2015 10:50,42204.45,1600,25.55,17.65
7/19/2015 11:00,42204.46,1603.1,25.55,17.65
7/19/2015 11:10,42204.47,1605.9,25.55,17.65
7/19/2015 11:20,42204.47,1608.6,25.55,17.65
7/19/2015 11:30,42204.48,1611.2,25.56,17.66
7/19/2015 11:40,42204.49,1613.9,25.55,17.65
7/19/2015 11:50,42204.49,1616.7,25.55,17.65
7/19/2015 12:00,42204.50,1619.4,25.55,17.65
7/19/2015 12:10,42204.51,1622.4,25.56,17.66
7/19/2015 12:20,42204.51,1624.7,25.55,17.65
7/19/2015 12:30,42204.52,1626.5,25.55,17.65
7/19/2015 12:40,42204.53,1628.1,25.56,17.66
7/19/2015 12:50,42204.53,1629.5,25.55,17.66
7/19/2015 13:00,42204.54,1630.5,25.56,17.66
7/19/2015 13:10,42204.55,1632.1,25.56,17.66
7/19/2015 13:20,42204.56,1633.3,25.56,17.66
7/19/2015 13:30,42204.56,1635,25.56,17.66
7/19/2015 13:40,42204.57,1636.6,25.55,17.65
7/19/2015 13:50,42204.58,1637.8,25.56,17.66
7/19/2015 14:00,42204.58,1639.2,25.56,17.65
7/19/2015 14:10,42204.59,1640.6,25.56,17.66
7/19/2015 14:20,42204.60,1641.8,25.56,17.66
7/19/2015 14:30,42204.60,1642.5,25.56,17.66
7/19/2015 14:40,42204.61,1643,25.56,17.66
7/19/2015 14:50,42204.62,1643.2,25.56,17.66
7/19/2015 15:00,42204.63,1643.7,25.56,17.66
7/19/2015 15:10,42204.63,1643.2,25.56,17.66
7/19/2015 15:20,42204.64,1642.9,25.56,17.66
7/19/2015 15:30,42204.65,1641.6,25.56,17.66
7/19/2015 15:40,42204.65,1640.6,25.56,17.66
7/19/2015 15:50,42204.66,1638.7,25.56,17.66
7/19/2015 16:00,42204.67,1636.6,25.56,17.66
7/19/2015 16:10,42204.67,1634,25.55,17.66
7/19/2015 16:20,42204.68,1631.6,25.55,17.65
7/19/2015 16:30,42204.69,1629.7,25.56,17.66
7/19/2015 16:40,42204.69,1627.7,25.56,17.65
7/19/2015 16:50,42204.70,1626,25.55,17.65
7/19/2015 17:00,42204.71,1624.3,25.55,17.65
7/19/2015 17:10,42204.72,1622.7,25.55,17.65
7/19/2015 17:20,42204.72,1620.8,25.56,17.65
7/19/2015 17:30,42204.73,1619.1,25.56,17.65
7/19/2015 17:40,42204.74,1617.3,25.56,17.66
7/19/2015 17:50,42204.74,1615.4,25.56,17.66
7/19/2015 18:00,42204.75,1613.7,25.56,17.65
7/19/2015 18:10,42204.76,1611.1,25.55,17.65
7/19/2015 18:20,42204.76,1608.6,25.56,17.66
7/19/2015 18:30,42204.77,1606.2,25.56,17.66
7/19/2015 18:40,42204.78,1604.1,25.56,17.66
7/19/2015 18:50,42204.78,1601.3,25.56,17.66
7/19/2015 19:00,42204.79,1598.6,25.56,17.66
7/19/2015 19:10,42204.80,1596.3,25.55,17.65
7/19/2015 19:20,42204.81,1593.5,25.56,17.66
7/19/2015 19:30,42204.81,1591.1,25.56,17.66
7/19/2015 19:40,42204.82,1589,25.56,17.66
7/19/2015 19:50,42204.83,1587.1,25.57,17.66
7/19/2015 20:00,42204.83,1585.7,25.56,17.65
7/19/2015 20:10,42204.84,1584.5,25.55,17.65
7/19/2015 20:20,42204.85,1583.1,25.55,17.65
7/19/2015 20:30,42204.85,1582.1,25.55,17.65
7/19/2015 20:40,42204.86,1581,25.56,17.66
7/19/2015 20:50,42204.87,1580.3,25.55,17.65
7/19/2015 21:00,42204.88,1579.6,25.56,17.65
7/19/2015 21:10,42204.88,1579.4,25.56,17.65
7/19/2015 21:20,42204.89,1579.3,25.56,17.66
7/19/2015 21:30,42204.90,1579.4,25.56,17.66
7/19/2015 21:40,42204.90,1579.8,25.56,17.66
7/19/2015 21:50,42204.91,1580.3,25.56,17.66
7/19/2015 22:00,42204.92,1581.4,25.55,17.65
7/19/2015 22:10,42204.92,1582.8,25.56,17.65
7/19/2015 22:20,42204.93,1584.1,25.55,17.65
7/19/2015 22:30,42204.94,1586,25.56,17.65
7/19/2015 22:40,42204.94,1588,25.56,17.65
7/19/2015 22:50,42204.95,1590.4,25.56,17.65
7/19/2015 23:00,42204.96,1593,25.56,17.65
7/19/2015 23:10,42204.97,1595.4,25.56,17.65
7/19/2015 23:20,42204.97,1598.2,25.56,17.65
7/19/2015 23:30,42204.98,1601.1,25.56,17.65
7/19/2015 23:40,42204.99,1603.9,25.56,17.66
7/19/2015 23:50,42204.99,1606.9,25.56,17.66
7/20/2015 0:00,42205.00,1609.7,25.56,17.66
7/20/2015 0:10,42205.01,1612.1,25.56,17.66
7/20/2015 0:20,42205.01,1614.9,25.56,17.66
7/20/2015 0:30,42205.02,1617.3,25.56,17.66
7/20/2015 0:40,42205.03,1619.8,25.56,17.66
7/20/2015 0:50,42205.03,1622,25.56,17.66
7/20/2015 1:00,42205.04,1624.4,25.57,17.66
7/20/2015 1:10,42205.05,1625.8,25.56,17.66
7/20/2015 1:20,42205.06,1626.9,25.56,17.66
7/20/2015 1:30,42205.06,1628.3,25.56,17.66
7/20/2015 1:40,42205.07,1629.1,25.56,17.66
7/20/2015 1:50,42205.08,1630.4,25.56,17.66
7/20/2015 2:00,42205.08,1631.6,25.56,17.66
7/20/2015 2:10,42205.09,1633,25.56,17.66
7/20/2015 2:20,42205.10,1634.2,25.56,17.66
7/20/2015 2:30,42205.10,1635,25.56,17.66
7/20/2015 2:40,42205.11,1637,25.56,17.66
7/20/2015 2:50,42205.12,1637.5,25.56,17.66
7/20/2015 3:00,42205.13,1638.2,25.56,17.66
7/20/2015 3:10,42205.13,1638.7,25.56,17.66
7/20/2015 3:20,42205.14,1639.1,25.56,17.66
7/20/2015 3:30,42205.15,1638.9,25.56,17.66
7/20/2015 3:40,42205.15,1638,25.56,17.66
7/20/2015 3:50,42205.16,1637.1,25.56,17.66
7/20/2015 4:00,42205.17,1635.6,25.56,17.66
7/20/2015 4:10,42205.17,1634,25.56,17.66
7/20/2015 4:20,42205.18,1632.1,25.55,17.66
7/20/2015 4:30,42205.19,1630.5,25.55,17.65
7/20/2015 4:40,42205.19,1628.6,25.55,17.65
7/20/2015 4:50,42205.20,1627,25.55,17.66
7/20/2015 5:00,42205.21,1625.3,25.56,17.65
7/20/2015 5:10,42205.22,1623.3,25.56,17.66
7/20/2015 5:20,42205.22,1621.9,25.56,17.65
7/20/2015 5:30,42205.23,1619.6,25.55,17.65
7/20/2015 5:40,42205.24,1617.7,25.56,17.65
7/20/2015 5:50,42205.24,1615.8,25.55,17.65
7/20/2015 6:00,42205.25,1613.9,25.56,17.66
7/20/2015 6:10,42205.26,1612.1,25.56,17.66
7/20/2015 6:20,42205.26,1610,25.56,17.65
7/20/2015 6:30,42205.27,1607.8,25.56,17.65
7/20/2015 6:40,42205.28,1605.3,25.55,17.65
7/20/2015 6:50,42205.28,1603.1,25.56,17.65
7/20/2015 7:00,42205.29,1600.3,25.55,17.65
7/20/2015 7:10,42205.30,1598.2,25.55,17.65
7/20/2015 7:20,42205.31,1595.6,25.55,17.65
7/20/2015 7:30,42205.31,1593,25.56,17.65
7/20/2015 7:40,42205.32,1591.1,25.55,17.65
7/20/2015 7:50,42205.33,1589.5,25.55,17.65
7/20/2015 8:00,42205.33,1587.6,25.56,17.65
7/20/2015 8:10,42205.34,1585.9,25.56,17.65
7/20/2015 8:20,42205.35,1584.6,25.55,17.65
7/20/2015 8:30,42205.35,1583.3,25.55,17.65
7/20/2015 8:40,42205.36,1582.4,25.55,17.65
7/20/2015 8:50,42205.37,1581.5,25.56,17.65
7/20/2015 9:00,42205.38,1580.8,25.55,17.65
7/20/2015 9:10,42205.38,1580,25.55,17.65
7/20/2015 9:20,42205.39,1580,25.56,17.65
7/20/2015 9:30,42205.40,1579.3,25.56,17.66
7/20/2015 9:40,42205.40,1579.4,25.56,17.65
7/20/2015 9:50,42205.41,1579.8,25.56,17.66
7/20/2015 10:00,42205.42,1580.8,25.56,17.66
7/20/2015 10:10,42205.42,1581.9,25.56,17.65
7/20/2015 10:20,42205.43,1583.6,25.56,17.65
7/20/2015 10:30,42205.44,1585.7,25.55,17.65
7/20/2015 10:40,42205.44,1587.6,25.56,17.65
7/20/2015 10:50,42205.45,1590.2,25.56,17.66
7/20/2015 11:00,42205.46,1592.8,25.56,17.66
7/20/2015 11:10,42205.47,1595.8,25.56,17.66
7/20/2015 11:20,42205.47,1598.4,25.56,17.65
7/20/2015 11:30,42205.48,1601.1,25.56,17.66
7/20/2015 11:40,42205.49,1604.1,25.56,17.65
7/20/2015 11:50,42205.49,1606.7,25.56,17.66
7/20/2015 12:00,42205.50,1609.5,25.56,17.66
7/20/2015 12:10,42205.51,1612.5,25.56,17.66
7/20/2015 12:20,42205.51,1615.3,25.56,17.66
7/20/2015 12:30,42205.52,1618,25.56,17.66
7/20/2015 12:40,42205.53,1620.8,25.56,17.66
7/20/2015 12:50,42205.53,1623.4,25.56,17.66
7/20/2015 13:00,42205.54,1625.6,25.56,17.66
7/20/2015 13:10,42205.55,1627.4,25.56,17.66
7/20/2015 13:20,42205.56,1628.4,25.55,17.65
7/20/2015 13:30,42205.56,1629.3,25.56,17.66
7/20/2015 13:40,42205.57,1630.7,25.56,17.65
7/20/2015 13:50,42205.58,1632.1,25.56,17.65
7/20/2015 14:00,42205.58,1633.8,25.56,17.66
7/20/2015 14:10,42205.59,1635.4,25.56,17.66
7/20/2015 14:20,42205.60,1636.8,25.56,17.65
7/20/2015 14:30,42205.60,1638.4,25.56,17.65
7/20/2015 14:40,42205.61,1639.6,25.56,17.66
7/20/2015 14:50,42205.62,1640.8,25.56,17.66
7/20/2015 15:00,42205.63,1641.5,25.56,17.66
7/20/2015 15:10,42205.63,1642.3,25.56,17.66
7/20/2015 15:20,42205.64,1642.9,25.56,17.66
7/20/2015 15:30,42205.65,1643.2,25.56,17.66
7/20/2015 15:40,42205.65,1643,25.56,17.66
7/20/2015 15:50,42205.66,1642.9,25.56,17.66
7/20/2015 16:00,42205.67,1642,25.56,17.65
7/20/2015 16:10,42205.67,1640.6,25.56,17.66
7/20/2015 16:20,42205.68,1638.7,25.56,17.66
7/20/2015 16:30,42205.69,1636.4,25.56,17.66
7/20/2015 16:40,42205.69,1634,25.56,17.66
7/20/2015 16:50,42205.70,1631.9,25.56,17.66
7/20/2015 17:00,42205.71,1629.7,25.56,17.66
7/20/2015 17:10,42205.72,1627.6,25.56,17.66
7/20/2015 17:20,42205.72,1625.8,25.56,17.65
7/20/2015 17:30,42205.73,1624,25.56,17.65
7/20/2015 17:40,42205.74,1622.2,25.56,17.65
7/20/2015 17:50,42205.74,1620.3,25.56,17.65
7/20/2015 18:00,42205.75,1618.2,25.56,17.65
7/20/2015 18:10,42205.76,1616.5,25.56,17.65
7/20/2015 18:20,42205.76,1614.6,25.56,17.65
7/20/2015 18:30,42205.77,1612.8,25.55,17.65
7/20/2015 18:40,42205.78,1610.7,25.56,17.65
7/20/2015 18:50,42205.78,1608.4,25.55,17.65
7/20/2015 19:00,42205.79,1606,25.56,17.65
7/20/2015 19:10,42205.80,1603.6,25.55,17.65
7/20/2015 19:20,42205.81,1600.8,25.55,17.65
7/20/2015 19:30,42205.81,1598.2,25.55,17.65
7/20/2015 19:40,42205.82,1595.6,25.55,17.65
7/20/2015 19:50,42205.83,1593.3,25.56,17.65
7/20/2015 20:00,42205.83,1591.3,25.56,17.65
7/20/2015 20:10,42205.84,1589.4,25.56,17.65
7/20/2015 20:20,42205.85,1587.6,25.56,17.65
7/20/2015 20:30,42205.85,1586.2,25.56,17.65
7/20/2015 20:40,42205.86,1585,25.56,17.65
7/20/2015 20:50,42205.87,1583.8,25.56,17.65
7/20/2015 21:00,42205.88,1583.1,25.56,17.65
7/20/2015 21:10,42205.88,1582.2,25.55,17.65
7/20/2015 21:20,42205.89,1581.7,25.55,17.65
7/20/2015 21:30,42205.90,1581.2,25.56,17.65
7/20/2015 21:40,42205.90,1580.8,25.56,17.65
7/20/2015 21:50,42205.91,1580.8,25.56,17.65
7/20/2015 22:00,42205.92,1580.8,25.56,17.65
7/20/2015 22:10,42205.92,1581.5,25.56,17.65
7/20/2015 22:20,42205.93,1582.4,25.56,17.65
7/20/2015 22:30,42205.94,1583.4,25.55,17.65
7/20/2015 22:40,42205.94,1585,25.56,17.65
7/20/2015 22:50,42205.95,1586.4,25.56,17.65
7/20/2015 23:00,42205.96,1588.7,25.56,17.65
7/20/2015 23:10,42205.97,1590.8,25.56,17.65
7/20/2015 23:20,42205.97,1593.3,25.56,17.65
7/20/2015 23:30,42205.98,1595.8,25.56,17.65
7/20/2015 23:40,42205.99,1598.6,25.56,17.65
7/20/2015 23:50,42205.99,1601.1,25.56,17.65
7/21/2015 0:00,42206.00,1603.6,25.56,17.65
7/21/2015 0:10,42206.01,1606.2,25.56,17.65
7/21/2015 0:20,42206.01,1608.6,25.56,17.65
7/21/2015 0:30,42206.02,1611.1,25.56,17.65
7/21/2015 0:40,42206.03,1613.7,25.56,17.65
7/21/2015 0:50,42206.03,1616,25.56,17.66
7/21/2015 1:00,42206.04,1618.7,25.56,17.66
7/21/2015 1:10,42206.05,1621.2,25.56,17.66
7/21/2015 1:20,42206.06,1623.8,25.56,17.66
7/21/2015 1:30,42206.06,1625.5,25.56,17.66
7/21/2015 1:40,42206.07,1626.7,25.56,17.66
7/21/2015 1:50,42206.08,1628.1,25.56,17.66
7/21/2015 2:00,42206.08,1629.3,25.56,17.66
7/21/2015 2:10,42206.09,1630.4,25.57,17.66
7/21/2015 2:20,42206.10,1631.2,25.56,17.66
7/21/2015 2:30,42206.10,1632.3,25.56,17.66
7/21/2015 2:40,42206.11,1633.3,25.56,17.66
7/21/2015 2:50,42206.12,1634.2,25.56,17.66
7/21/2015 3:00,42206.13,1635,25.56,17.66
7/21/2015 3:10,42206.13,1636,25.57,17.66
7/21/2015 3:20,42206.14,1636.9,25.57,17.66
7/21/2015 3:30,42206.15,1637.4,25.57,17.66
7/21/2015 3:40,42206.15,1637.8,25.57,17.66
7/21/2015 3:50,42206.16,1637.8,25.56,17.66
7/21/2015 4:00,42206.17,1637.8,25.56,17.66
7/21/2015 4:10,42206.17,1637.1,25.56,17.66
7/21/2015 4:20,42206.18,1636.4,25.56,17.66
7/21/2015 4:30,42206.19,1635.4,25.56,17.66
7/21/2015 4:40,42206.19,1633.8,25.56,17.66
7/21/2015 4:50,42206.20,1632.6,25.56,17.65
7/21/2015 5:00,42206.21,1631.4,25.56,17.65
7/21/2015 5:10,42206.22,1630,25.56,17.65
7/21/2015 5:20,42206.22,1628.4,25.56,17.65
7/21/2015 5:30,42206.23,1626.9,25.56,17.66
7/21/2015 5:40,42206.24,1625.3,25.56,17.65
7/21/2015 5:50,42206.24,1623.4,25.56,17.66
7/21/2015 6:00,42206.25,1621.9,25.56,17.65
7/21/2015 6:10,42206.26,1619.8,25.56,17.65
7/21/2015 6:20,42206.26,1617.8,25.56,17.66
7/21/2015 6:30,42206.27,1616,25.56,17.66
7/21/2015 6:40,42206.28,1614,25.56,17.65
7/21/2015 6:50,42206.28,1611.8,25.56,17.65
7/21/2015 7:00,42206.29,1609.3,25.56,17.65
7/21/2015 7:10,42206.30,1606.9,25.56,17.65
7/21/2015 7:20,42206.31,1604.1,25.55,17.65
7/21/2015 7:30,42206.31,1601.7,25.55,17.65
7/21/2015 7:40,42206.32,1599.5,25.55,17.65
7/21/2015 7:50,42206.33,1597.2,25.56,17.65
7/21/2015 8:00,42206.33,1595.3,25.55,17.65
7/21/2015 8:10,42206.34,1593.5,25.56,17.65
7/21/2015 8:20,42206.35,1591.9,25.56,17.65
7/21/2015 8:30,42206.35,1590.6,25.56,17.66
7/21/2015 8:40,42206.36,1589.2,25.56,17.65
7/21/2015 8:50,42206.37,1588,25.56,17.65
7/21/2015 9:00,42206.38,1587.3,25.56,17.65
7/21/2015 9:10,42206.38,1586.6,25.56,17.65
7/21/2015 9:20,42206.39,1586,25.55,17.65
7/21/2015 9:30,42206.40,1585.5,25.55,17.65
7/21/2015 9:40,42206.40,1585,25.55,17.65
7/21/2015 9:50,42206.41,1584.8,25.55,17.65
7/21/2015 10:00,42206.42,1585,25.56,17.65
7/21/2015 10:10,42206.42,1585.5,25.56,17.65
7/21/2015 10:20,42206.43,1586,25.55,17.65
7/21/2015 10:30,42206.44,1587.1,25.56,17.65
7/21/2015 10:40,42206.44,1588.7,25.55,17.65
7/21/2015 10:50,42206.45,1590.1,25.55,17.65
7/21/2015 11:00,42206.46,1591.8,25.56,17.65
7/21/2015 11:10,42206.47,1594,25.56,17.65
7/21/2015 11:20,42206.47,1596,25.55,17.65
7/21/2015 11:30,42206.48,1598.4,25.56,17.65
7/21/2015 11:40,42206.49,1600.6,25.56,17.65
7/21/2015 11:50,42206.49,1603.4,25.56,17.65
7/21/2015 12:00,42206.50,1606,25.56,17.65
7/21/2015 12:10,42206.51,1608.4,25.56,17.66
7/21/2015 12:20,42206.51,1610.9,25.56,17.66
7/21/2015 12:30,42206.52,1613.4,25.57,17.66
7/21/2015 12:40,42206.53,1616.1,25.56,17.66
7/21/2015 12:50,42206.53,1618.7,25.56,17.66
7/21/2015 13:00,42206.54,1621.2,25.56,17.66
7/21/2015 13:10,42206.55,1623.5,25.57,17.66
7/21/2015 13:20,42206.56,1625.3,25.56,17.66
7/21/2015 13:30,42206.56,1627,25.56,17.66
7/21/2015 13:40,42206.57,1628.3,25.56,17.66
7/21/2015 13:50,42206.58,1629.7,25.56,17.66
7/21/2015 14:00,42206.58,1630.7,25.56,17.66
7/21/2015 14:10,42206.59,1631.8,25.57,17.66
7/21/2015 14:20,42206.60,1632.9,25.57,17.66
7/21/2015 14:30,42206.60,1634.5,25.57,17.66
7/21/2015 14:40,42206.61,1635.7,25.57,17.66
7/21/2015 14:50,42206.62,1636.8,25.56,17.66
7/21/2015 15:00,42206.63,1638.3,25.57,17.66
7/21/2015 15:10,42206.63,1639.2,25.56,17.66
7/21/2015 15:20,42206.64,1640.5,25.56,17.66
7/21/2015 15:30,42206.65,1641.3,25.56,17.66
7/21/2015 15:40,42206.65,1641.5,25.56,17.66
7/21/2015 15:50,42206.66,1641.7,25.57,17.66
7/21/2015 16:00,42206.67,1641.5,25.56,17.66
7/21/2015 16:10,42206.67,1641.2,25.56,17.66
7/21/2015 16:20,42206.68,1640.5,25.56,17.66
7/21/2015 16:30,42206.69,1639.8,25.56,17.66
7/21/2015 16:40,42206.69,1639.2,25.56,17.66
7/21/2015 16:50,42206.70,1637.7,25.56,17.66
7/21/2015 17:00,42206.71,1635.9,25.56,17.66
7/21/2015 17:10,42206.72,1634.3,25.56,17.66
7/21/2015 17:20,42206.72,1632.8,25.56,17.66
7/21/2015 17:30,42206.73,1631.4,25.56,17.66
7/21/2015 17:40,42206.74,1629.8,25.56,17.65
7/21/2015 17:50,42206.74,1628.3,25.56,17.65
7/21/2015 18:00,42206.75,1626.5,25.56,17.66
7/21/2015 18:10,42206.76,1625,25.56,17.66
7/21/2015 18:20,42206.76,1622.9,25.56,17.65
7/21/2015 18:30,42206.77,1621.9,25.56,17.65
7/21/2015 18:40,42206.78,1620.1,25.56,17.66
7/21/2015 18:50,42206.78,1618.2,25.56,17.65
7/21/2015 19:00,42206.79,1616.1,25.56,17.65
7/21/2015 19:10,42206.80,1614.4,25.56,17.66
7/21/2015 19:20,42206.81,1612.3,25.56,17.66
7/21/2015 19:30,42206.81,1609.7,25.56,17.66
7/21/2015 19:40,42206.82,1607.1,25.56,17.66
7/21/2015 19:50,42206.83,1604.6,25.56,17.66
7/21/2015 20:00,42206.83,1601.8,25.56,17.66
7/21/2015 20:10,42206.84,1599.6,25.56,17.66
7/21/2015 20:20,42206.85,1597.4,25.56,17.66
7/21/2015 20:30,42206.85,1595.4,25.56,17.66
7/21/2015 20:40,42206.86,1593.9,25.56,17.65
7/21/2015 20:50,42206.87,1592.1,25.56,17.66
7/21/2015 21:00,42206.88,1590.9,25.56,17.65
7/21/2015 21:10,42206.88,1589.7,25.56,17.65
7/21/2015 21:20,42206.89,1588.7,25.56,17.65
7/21/2015 21:30,42206.90,1587.8,25.56,17.65
7/21/2015 21:40,42206.90,1587.1,25.56,17.65
7/21/2015 21:50,42206.91,1586.6,25.56,17.66
7/21/2015 22:00,42206.92,1586,25.56,17.65
7/21/2015 22:10,42206.92,1585.9,25.56,17.66
7/21/2015 22:20,42206.93,1585.7,25.56,17.65
7/21/2015 22:30,42206.94,1586,25.56,17.65
7/21/2015 22:40,42206.94,1586.2,25.56,17.66
7/21/2015 22:50,42206.95,1586.9,25.56,17.65
7/21/2015 23:00,42206.96,1587.8,25.56,17.66
7/21/2015 23:10,42206.97,1589,25.56,17.66
7/21/2015 23:20,42206.97,1590.2,25.56,17.66
7/21/2015 23:30,42206.98,1592.1,25.56,17.66
7/21/2015 23:40,42206.99,1594,25.56,17.66
7/21/2015 23:50,42206.99,1596.1,25.56,17.66
7/22/2015 0:00,42207.00,1598.4,25.56,17.66
7/22/2015 0:10,42207.01,1600.6,25.56,17.66
7/22/2015 0:20,42207.01,1603.1,25.56,17.66
7/22/2015 0:30,42207.02,1605.7,25.56,17.65
7/22/2015 0:40,42207.03,1608.1,25.56,17.66
7/22/2015 0:50,42207.03,1610.4,25.56,17.66
7/22/2015 1:00,42207.04,1613,25.56,17.66
7/22/2015 1:10,42207.05,1615.3,25.56,17.66
7/22/2015 1:20,42207.06,1617.5,25.56,17.66
7/22/2015 1:30,42207.06,1619.9,25.56,17.66
7/22/2015 1:40,42207.07,1622.2,25.56,17.66
7/22/2015 1:50,42207.08,1624.3,25.56,17.66
7/22/2015 2:00,42207.08,1625.8,25.56,17.66
7/22/2015 2:10,42207.09,1628.1,25.56,17.66
7/22/2015 2:20,42207.10,1629.1,25.56,17.66
7/22/2015 2:30,42207.10,1630.2,25.56,17.66
7/22/2015 2:40,42207.11,1630.9,25.56,17.66
7/22/2015 2:50,42207.12,1631.9,25.56,17.66
7/22/2015 3:00,42207.13,1632.6,25.56,17.66
7/22/2015 3:10,42207.13,1633.3,25.56,17.66
7/22/2015 3:20,42207.14,1634.2,25.56,17.66
7/22/2015 3:30,42207.15,1634.9,25.56,17.66
7/22/2015 3:40,42207.15,1635.9,25.56,17.66
7/22/2015 3:50,42207.16,1636.6,25.56,17.66
7/22/2015 4:00,42207.17,1637.1,25.56,17.66
7/22/2015 4:10,42207.17,1637.7,25.56,17.66
7/22/2015 4:20,42207.18,1637.8,25.56,17.66
7/22/2015 4:30,42207.19,1637.7,25.56,17.66
7/22/2015 4:40,42207.19,1638.2,25.56,17.66
7/22/2015 4:50,42207.20,1636.8,25.56,17.66
7/22/2015 5:00,42207.21,1635.9,25.56,17.66
7/22/2015 5:10,42207.22,1635.2,25.56,17.66
7/22/2015 5:20,42207.22,1634.5,25.56,17.66
7/22/2015 5:30,42207.23,1633.6,25.56,17.66
7/22/2015 5:40,42207.24,1632.8,25.56,17.65
7/22/2015 5:50,42207.24,1631.4,25.56,17.66
7/22/2015 6:00,42207.25,1630,25.56,17.66
7/22/2015 6:10,42207.26,1628.6,25.56,17.66
7/22/2015 6:20,42207.26,1627.2,25.56,17.66
7/22/2015 6:30,42207.27,1625.8,25.56,17.66
7/22/2015 6:40,42207.28,1624.3,25.56,17.66
7/22/2015 6:50,42207.28,1622.6,25.56,17.66
7/22/2015 7:00,42207.29,1620.6,25.56,17.66
7/22/2015 7:10,42207.30,1618.5,25.56,17.66
7/22/2015 7:20,42207.31,1617,25.56,17.66
7/22/2015 7:30,42207.31,1614.8,25.57,17.66
7/22/2015 7:40,42207.32,1612.3,25.57,17.66
7/22/2015 7:50,42207.33,1609.8,25.56,17.66
7/22/2015 8:00,42207.33,1607.8,25.56,17.66
7/22/2015 8:10,42207.34,1605.2,25.56,17.66
7/22/2015 8:20,42207.35,1603.2,25.56,17.66
7/22/2015 8:30,42207.35,1601.3,25.56,17.66
7/22/2015 8:40,42207.36,1599.6,25.56,17.66
7/22/2015 8:50,42207.37,1597.9,25.56,17.66
7/22/2015 9:00,42207.38,1596,25.56,17.65
7/22/2015 9:10,42207.38,1594.7,25.56,17.66
7/22/2015 9:20,42207.39,1593.3,25.56,17.66
7/22/2015 9:30,42207.40,1592.3,25.56,17.66
7/22/2015 9:40,42207.40,1591.6,25.56,17.66
7/22/2015 9:50,42207.41,1590.9,25.56,17.66
7/22/2015 10:00,42207.42,1590.2,25.56,17.66
7/22/2015 10:10,42207.42,1589.9,25.56,17.65
7/22/2015 10:20,42207.43,1589.4,25.56,17.65
7/22/2015 10:30,42207.44,1589.5,25.56,17.65
7/22/2015 10:40,42207.44,1590.1,25.56,17.66
7/22/2015 10:50,42207.45,1590.6,25.56,17.66
7/22/2015 11:00,42207.46,1591.3,25.56,17.66
7/22/2015 11:10,42207.47,1592.3,25.56,17.66
7/22/2015 11:20,42207.47,1593.7,25.56,17.66
7/22/2015 11:30,42207.48,1595.1,25.56,17.65
7/22/2015 11:40,42207.49,1596.7,25.56,17.65
7/22/2015 11:50,42207.49,1598.9,25.56,17.65
7/22/2015 12:00,42207.50,1601,25.56,17.66
7/22/2015 12:10,42207.51,1603.8,25.56,17.65
7/22/2015 12:20,42207.51,1606,25.56,17.66
7/22/2015 12:30,42207.52,1608.8,25.56,17.66
7/22/2015 12:40,42207.53,1611.1,25.56,17.66
7/22/2015 12:50,42207.53,1613.5,25.56,17.66
7/22/2015 13:00,42207.54,1615.8,25.56,17.66
7/22/2015 13:10,42207.55,1618,25.56,17.66
7/22/2015 13:20,42207.56,1620.3,25.56,17.66
7/22/2015 13:30,42207.56,1622.4,25.57,17.66
7/22/2015 13:40,42207.57,1624.5,25.56,17.66
7/22/2015 13:50,42207.58,1626.3,25.56,17.66
7/22/2015 14:00,42207.58,1627.7,25.56,17.66
7/22/2015 14:10,42207.59,1629.1,25.57,17.66
7/22/2015 14:20,42207.60,1630.2,25.56,17.66
7/22/2015 14:30,42207.60,1631.1,25.56,17.66
7/22/2015 14:40,42207.61,1631.6,25.56,17.66
7/22/2015 14:50,42207.62,1632.6,25.56,17.66
7/22/2015 15:00,42207.63,1633.4,25.57,17.66
7/22/2015 15:10,42207.63,1634.3,25.57,17.66
7/22/2015 15:20,42207.64,1635.2,25.57,17.66
7/22/2015 15:30,42207.65,1635.6,25.56,17.66
7/22/2015 15:40,42207.65,1636.6,25.56,17.66
7/22/2015 15:50,42207.66,1637.3,25.56,17.66
7/22/2015 16:00,42207.67,1637.5,25.56,17.66
7/22/2015 16:10,42207.67,1637.8,25.56,17.66
7/22/2015 16:20,42207.68,1638,25.56,17.66
7/22/2015 16:30,42207.69,1638,25.56,17.66
7/22/2015 16:40,42207.69,1638.1,25.57,17.66
7/22/2015 16:50,42207.70,1637.6,25.57,17.66
7/22/2015 17:00,42207.71,1636.8,25.56,17.66
7/22/2015 17:10,42207.72,1636,25.57,17.66
7/22/2015 17:20,42207.72,1635.2,25.57,17.66
7/22/2015 17:30,42207.73,1634.2,25.57,17.66
7/22/2015 17:40,42207.74,1633.2,25.57,17.66
7/22/2015 17:50,42207.74,1631.9,25.56,17.66
7/22/2015 18:00,42207.75,1630.9,25.56,17.66
7/22/2015 18:10,42207.76,1629.7,25.56,17.66
7/22/2015 18:20,42207.76,1627.9,25.56,17.66
7/22/2015 18:30,42207.77,1626.3,25.57,17.66
7/22/2015 18:40,42207.78,1624.8,25.56,17.66
7/22/2015 18:50,42207.78,1623.1,25.56,17.66
7/22/2015 19:00,42207.79,1621.5,25.56,17.66
7/22/2015 19:10,42207.80,1619.8,25.56,17.66
7/22/2015 19:20,42207.81,1617.8,25.56,17.66
7/22/2015 19:30,42207.81,1616.1,25.56,17.66
7/22/2015 19:40,42207.82,1614.2,25.56,17.66
7/22/2015 19:50,42207.83,1611.8,25.56,17.66
7/22/2015 20:00,42207.83,1609.1,25.56,17.65
7/22/2015 20:10,42207.84,1606.7,25.56,17.66
7/22/2015 20:20,42207.85,1604.6,25.56,17.66
7/22/2015 20:30,42207.85,1602.4,25.56,17.66
7/22/2015 20:40,42207.86,1600.8,25.56,17.66
7/22/2015 20:50,42207.87,1599.1,25.56,17.65
7/22/2015 21:00,42207.88,1597.7,25.56,17.66
7/22/2015 21:10,42207.88,1596.1,25.56,17.66
7/22/2015 21:20,42207.89,1594.9,25.56,17.66
7/22/2015 21:30,42207.90,1594,25.56,17.65
7/22/2015 21:40,42207.90,1592.8,25.56,17.66
7/22/2015 21:50,42207.91,1591.9,25.56,17.66
7/22/2015 22:00,42207.92,1591.1,25.56,17.66
7/22/2015 22:10,42207.92,1590.4,25.56,17.66
7/22/2015 22:20,42207.93,1589.9,25.56,17.65
7/22/2015 22:30,42207.94,1589.5,25.56,17.65
7/22/2015 22:40,42207.94,1589.7,25.56,17.65
7/22/2015 22:50,42207.95,1589.4,25.56,17.66
7/22/2015 23:00,42207.96,1589.7,25.56,17.65
7/22/2015 23:10,42207.97,1590.1,25.56,17.65
7/22/2015 23:20,42207.97,1590.8,25.56,17.65
7/22/2015 23:30,42207.98,1591.6,25.56,17.65
7/22/2015 23:40,42207.99,1592.8,25.56,17.66
7/22/2015 23:50,42207.99,1594.2,25.56,17.66
7/23/2015 0:00,42208.00,1595.8,25.56,17.65
7/23/2015 0:10,42208.01,1597.5,25.56,17.65
7/23/2015 0:20,42208.01,1599.3,25.56,17.66
7/23/2015 0:30,42208.02,1601.3,25.56,17.66
7/23/2015 0:40,42208.03,1603.4,25.56,17.65
7/23/2015 0:50,42208.03,1605.5,25.56,17.66
7/23/2015 1:00,42208.04,1607.6,25.56,17.66
7/23/2015 1:10,42208.05,1609.7,25.56,17.66
7/23/2015 1:20,42208.06,1611.8,25.56,17.66
7/23/2015 1:30,42208.06,1614,25.56,17.66
7/23/2015 1:40,42208.07,1616.1,25.56,17.66
7/23/2015 1:50,42208.08,1618.4,25.56,17.66
7/23/2015 2:00,42208.08,1620.5,25.56,17.66
7/23/2015 2:10,42208.09,1623.1,25.56,17.66
7/23/2015 2:20,42208.10,1624.8,25.56,17.66
7/23/2015 2:30,42208.10,1626.3,25.56,17.66
7/23/2015 2:40,42208.11,1627.9,25.56,17.66
7/23/2015 2:50,42208.12,1629.3,25.57,17.66
7/23/2015 3:00,42208.13,1630.3,25.57,17.66
7/23/2015 3:10,42208.13,1631.1,25.57,17.66
7/23/2015 3:20,42208.14,1631.8,25.56,17.66
7/23/2015 3:30,42208.15,1632.5,25.57,17.66
7/23/2015 3:40,42208.15,1633,25.56,17.66
7/23/2015 3:50,42208.16,1633.9,25.57,17.66
7/23/2015 4:00,42208.17,1634.5,25.57,17.66
7/23/2015 4:10,42208.17,1635,25.57,17.66
7/23/2015 4:20,42208.18,1635.2,25.56,17.66
7/23/2015 4:30,42208.19,1635.6,25.56,17.66
7/23/2015 4:40,42208.19,1635.4,25.56,17.66
7/23/2015 4:50,42208.20,1635.9,25.57,17.66
7/23/2015 5:00,42208.21,1635.7,25.56,17.66
7/23/2015 5:10,42208.22,1635.4,25.56,17.66
7/23/2015 5:20,42208.22,1635.2,25.56,17.66
7/23/2015 5:30,42208.23,1635,25.56,17.66
7/23/2015 5:40,42208.24,1634.5,25.56,17.66
7/23/2015 5:50,42208.24,1633.8,25.56,17.66
7/23/2015 6:00,42208.25,1633,25.56,17.66
7/23/2015 6:10,42208.26,1632.1,25.56,17.66
7/23/2015 6:20,42208.26,1631.1,25.56,17.66
7/23/2015 6:30,42208.27,1629.9,25.57,17.66
7/23/2015 6:40,42208.28,1628.2,25.57,17.66
7/23/2015 6:50,42208.28,1626.6,25.57,17.66
7/23/2015 7:00,42208.29,1625.1,25.56,17.66
7/23/2015 7:10,42208.30,1623.3,25.57,17.66
7/23/2015 7:20,42208.31,1621.7,25.56,17.66
7/23/2015 7:30,42208.31,1619.6,25.56,17.66
7/23/2015 7:40,42208.32,1617.6,25.57,17.66
7/23/2015 7:50,42208.33,1615.4,25.56,17.66
7/23/2015 8:00,42208.33,1613.2,25.56,17.66
7/23/2015 8:10,42208.34,1611.1,25.56,17.66
7/23/2015 8:20,42208.35,1609.1,25.56,17.66
7/23/2015 8:30,42208.35,1607.3,25.56,17.65
7/23/2015 8:40,42208.36,1605.5,25.56,17.66
7/23/2015 8:50,42208.37,1603.8,25.56,17.66
7/23/2015 9:00,42208.38,1602.4,25.56,17.66
7/23/2015 9:10,42208.38,1601,25.56,17.66
7/23/2015 9:20,42208.39,1600,25.56,17.66
7/23/2015 9:30,42208.40,1598.6,25.56,17.66
7/23/2015 9:40,42208.40,1597.5,25.57,17.66
7/23/2015 9:50,42208.41,1596.9,25.57,17.66
7/23/2015 10:00,42208.42,1596.1,25.56,17.66
7/23/2015 10:10,42208.42,1595.8,25.56,17.66
7/23/2015 10:20,42208.43,1595.3,25.56,17.66
7/23/2015 10:30,42208.44,1595,25.57,17.66
7/23/2015 10:40,42208.44,1594.7,25.57,17.66
7/23/2015 10:50,42208.45,1594.6,25.57,17.66
7/23/2015 11:00,42208.46,1594.6,25.56,17.66
7/23/2015 11:10,42208.47,1594.4,25.57,17.66
7/23/2015 11:20,42208.47,1594.7,25.56,17.66
7/23/2015 11:30,42208.48,1595.6,25.56,17.66
7/23/2015 11:40,42208.49,1596.5,25.56,17.66
7/23/2015 11:50,42208.49,1597.4,25.56,17.66
7/23/2015 12:00,42208.50,1598.6,25.56,17.66
7/23/2015 12:10,42208.51,1600,25.56,17.66
7/23/2015 12:20,42208.51,1601.7,25.56,17.66
7/23/2015 12:30,42208.52,1603.3,25.57,17.66
7/23/2015 12:40,42208.53,1605.1,25.57,17.66
7/23/2015 12:50,42208.53,1606.8,25.57,17.66
7/23/2015 13:00,42208.54,1608.6,25.56,17.66
7/23/2015 13:10,42208.55,1610.5,25.56,17.66
7/23/2015 13:20,42208.56,1612.6,25.56,17.66
7/23/2015 13:30,42208.56,1614.7,25.56,17.66
7/23/2015 13:40,42208.57,1616.7,25.57,17.66
7/23/2015 13:50,42208.58,1618.5,25.56,17.66
7/23/2015 14:00,42208.58,1621,25.57,17.66
7/23/2015 14:10,42208.59,1623.3,25.57,17.66
7/23/2015 14:20,42208.60,1625.5,25.57,17.66
7/23/2015 14:30,42208.60,1627,25.57,17.66
7/23/2015 14:40,42208.61,1628.4,25.57,17.66
7/23/2015 14:50,42208.62,1629.9,25.57,17.66
7/23/2015 15:00,42208.63,1630.5,25.56,17.66
7/23/2015 15:10,42208.63,1631.2,25.56,17.66
7/23/2015 15:20,42208.64,1632.6,25.56,17.66
7/23/2015 15:30,42208.65,1633.4,25.57,17.66
7/23/2015 15:40,42208.65,1633.8,25.57,17.66
7/23/2015 15:50,42208.66,1634.5,25.57,17.66
7/23/2015 16:00,42208.67,1634.7,25.56,17.66
7/23/2015 16:10,42208.67,1635,25.57,17.66
7/23/2015 16:20,42208.68,1635.7,25.57,17.66
7/23/2015 16:30,42208.69,1635.9,25.56,17.66
7/23/2015 16:40,42208.69,1636.2,25.57,17.66
7/23/2015 16:50,42208.70,1636.3,25.57,17.66
7/23/2015 17:00,42208.71,1636.7,25.57,17.66
7/23/2015 17:10,42208.72,1636.3,25.56,17.66
7/23/2015 17:20,42208.72,1636.4,25.56,17.66
7/23/2015 17:30,42208.73,1636.1,25.56,17.66
7/23/2015 17:40,42208.74,1635.7,25.56,17.66
7/23/2015 17:50,42208.74,1635.5,25.57,17.66
7/23/2015 18:00,42208.75,1634.5,25.56,17.66
7/23/2015 18:10,42208.76,1634.1,25.57,17.66
7/23/2015 18:20,42208.76,1633.2,25.57,17.66
7/23/2015 18:30,42208.77,1631.9,25.56,17.66
7/23/2015 18:40,42208.78,1630.7,25.57,17.66
7/23/2015 18:50,42208.78,1629.5,25.57,17.66
7/23/2015 19:00,42208.79,1628.1,25.57,17.66
7/23/2015 19:10,42208.80,1626.8,25.57,17.66
7/23/2015 19:20,42208.81,1625.1,25.57,17.66
7/23/2015 19:30,42208.81,1623.5,25.57,17.66
7/23/2015 19:40,42208.82,1621.3,25.57,17.66
7/23/2015 19:50,42208.83,1619.8,25.56,17.66
7/23/2015 20:00,42208.83,1617.4,25.57,17.66
7/23/2015 20:10,42208.84,1615.4,25.56,17.66
7/23/2015 20:20,42208.85,1613.2,25.56,17.66
7/23/2015 20:30,42208.85,1610.7,25.56,17.66
7/23/2015 20:40,42208.86,1609,25.56,17.66
7/23/2015 20:50,42208.87,1607.1,25.56,17.66
7/23/2015 21:00,42208.88,1605,25.56,17.66
7/23/2015 21:10,42208.88,1603.6,25.56,17.66
7/23/2015 21:20,42208.89,1601.8,25.56,17.66
7/23/2015 21:30,42208.90,1600.7,25.57,17.66
7/23/2015 21:40,42208.90,1599.3,25.56,17.66
7/23/2015 21:50,42208.91,1598.4,25.56,17.66
7/23/2015 22:00,42208.92,1597.2,25.56,17.66
7/23/2015 22:10,42208.92,1596.5,25.56,17.66
7/23/2015 22:20,42208.93,1595.7,25.57,17.66
7/23/2015 22:30,42208.94,1594.7,25.56,17.66
7/23/2015 22:40,42208.94,1594,25.56,17.66
7/23/2015 22:50,42208.95,1593.5,25.56,17.66
7/23/2015 23:00,42208.96,1592.9,25.57,17.66
7/23/2015 23:10,42208.97,1592.3,25.56,17.66
7/23/2015 23:20,42208.97,1592.3,25.56,17.66
7/23/2015 23:30,42208.98,1592.1,25.56,17.66
7/23/2015 23:40,42208.99,1592.6,25.56,17.66
7/23/2015 23:50,42208.99,1593.2,25.56,17.66
7/24/2015 0:00,42209.00,1593.7,25.56,17.65
7/24/2015 0:10,42209.01,1594.7,25.56,17.66
7/24/2015 0:20,42209.01,1595.8,25.57,17.66
7/24/2015 0:30,42209.02,1597,25.56,17.66
7/24/2015 0:40,42209.03,1598.6,25.56,17.66
7/24/2015 0:50,42209.03,1600,25.57,17.66
7/24/2015 1:00,42209.04,1602,25.57,17.66
7/24/2015 1:10,42209.05,1603.8,25.57,17.66
7/24/2015 1:20,42209.06,1605.9,25.57,17.66
7/24/2015 1:30,42209.06,1607.6,25.56,17.66
7/24/2015 1:40,42209.07,1609.4,25.57,17.66
7/24/2015 1:50,42209.08,1611.4,25.57,17.66
7/24/2015 2:00,42209.08,1612.8,25.56,17.66
7/24/2015 2:10,42209.09,1614.6,25.57,17.66
7/24/2015 2:20,42209.10,1616.4,25.57,17.66
7/24/2015 2:30,42209.10,1618.4,25.57,17.66
7/24/2015 2:40,42209.11,1620.7,25.57,17.66
7/24/2015 2:50,42209.12,1622.6,25.57,17.66
7/24/2015 3:00,42209.13,1624.4,25.57,17.66
7/24/2015 3:10,42209.13,1625.8,25.57,17.66
7/24/2015 3:20,42209.14,1627.2,25.57,17.66
7/24/2015 3:30,42209.15,1628.6,25.57,17.66
7/24/2015 3:40,42209.15,1629.7,25.57,17.66
7/24/2015 3:50,42209.16,1630.5,25.57,17.66
7/24/2015 4:00,42209.17,1631.2,25.57,17.66
7/24/2015 4:10,42209.17,1631.9,25.57,17.66
7/24/2015 4:20,42209.18,1632.5,25.57,17.66
7/24/2015 4:30,42209.19,1632.9,25.57,17.66
7/24/2015 4:40,42209.19,1633.2,25.56,17.66
7/24/2015 4:50,42209.20,1633.6,25.57,17.66
7/24/2015 5:00,42209.21,1633.9,25.57,17.66
7/24/2015 5:10,42209.22,1634.1,25.57,17.66
7/24/2015 5:20,42209.22,1634.1,25.57,17.66
7/24/2015 5:30,42209.23,1634.1,25.57,17.66
7/24/2015 5:40,42209.24,1633.8,25.56,17.66
7/24/2015 5:50,42209.24,1634.3,25.57,17.66
7/24/2015 6:00,42209.25,1633.8,25.57,17.66
7/24/2015 6:10,42209.26,1633.6,25.57,17.66
7/24/2015 6:20,42209.26,1632.8,25.56,17.66
7/24/2015 6:30,42209.27,1632.2,25.57,17.66
7/24/2015 6:40,42209.28,1631.3,25.57,17.66
7/24/2015 6:50,42209.28,1630,25.57,17.66
7/24/2015 7:00,42209.29,1629,25.56,17.66
7/24/2015 7:10,42209.30,1627.7,25.56,17.66
7/24/2015 7:20,42209.31,1626.2,25.56,17.66
7/24/2015 7:30,42209.31,1624.7,25.56,17.66
7/24/2015 7:40,42209.32,1623.3,25.56,17.66
7/24/2015 7:50,42209.33,1621.3,25.56,17.66
7/24/2015 8:00,42209.33,1619.5,25.57,17.66
7/24/2015 8:10,42209.34,1617.6,25.57,17.66
7/24/2015 8:20,42209.35,1615.7,25.57,17.66
7/24/2015 8:30,42209.35,1613.6,25.57,17.66
7/24/2015 8:40,42209.36,1611.8,25.57,17.66
7/24/2015 8:50,42209.37,1610.8,25.57,17.66
7/24/2015 9:00,42209.38,1609.6,25.57,17.66
7/24/2015 9:10,42209.38,1607.6,25.56,17.66
7/24/2015 9:20,42209.39,1606.6,25.56,17.66
7/24/2015 9:30,42209.40,1605.2,25.56,17.66
7/24/2015 9:40,42209.40,1603.8,25.56,17.66
7/24/2015 9:50,42209.41,1602.9,25.56,17.66
7/24/2015 10:00,42209.42,1601.8,25.56,17.66
7/24/2015 10:10,42209.42,1600.8,25.56,17.66
7/24/2015 10:20,42209.43,1600,25.57,17.66
7/24/2015 10:30,42209.44,1599.1,25.56,17.66
7/24/2015 10:40,42209.44,1598.6,25.57,17.66
7/24/2015 10:50,42209.45,1598.3,25.57,17.66
7/24/2015 11:00,42209.46,1597.6,25.57,17.66
7/24/2015 11:10,42209.47,1597.4,25.57,17.66
7/24/2015 11:20,42209.47,1597.2,25.57,17.66
7/24/2015 11:30,42209.48,1596.8,25.56,17.66
7/24/2015 11:40,42209.49,1596.7,25.56,17.66
7/24/2015 11:50,42209.49,1597,25.56,17.66
7/24/2015 12:00,42209.50,1597.2,25.56,17.66
7/24/2015 12:10,42209.51,1597.7,25.56,17.66
7/24/2015 12:20,42209.51,1598.6,25.56,17.66
7/24/2015 12:30,42209.52,1599.2,25.57,17.66
7/24/2015 12:40,42209.53,1600.2,25.57,17.66
7/24/2015 12:50,42209.53,1601.3,25.57,17.66
7/24/2015 13:00,42209.54,1602.6,25.57,17.66
7/24/2015 13:10,42209.55,1603.8,25.57,17.66
7/24/2015 13:20,42209.56,1605.5,25.56,17.66
7/24/2015 13:30,42209.56,1606.9,25.56,17.66
7/24/2015 13:40,42209.57,1608.2,25.57,17.66
7/24/2015 13:50,42209.58,1609.3,25.56,17.66
7/24/2015 14:00,42209.58,1611.5,25.57,17.66
7/24/2015 14:10,42209.59,1613,25.56,17.66
7/24/2015 14:20,42209.60,1614.6,25.57,17.66
7/24/2015 14:30,42209.60,1616.4,25.57,17.66
7/24/2015 14:40,42209.61,1617.8,25.57,17.66
7/24/2015 14:50,42209.62,1620,25.57,17.66
7/24/2015 15:00,42209.63,1621.7,25.57,17.66
7/24/2015 15:10,42209.63,1623.3,25.57,17.66
7/24/2015 15:20,42209.64,1624.3,25.58,17.64
7/24/2015 15:30,42209.65,1625.6,25.57,17.66
7/24/2015 15:40,42209.65,1627,25.57,17.66
7/24/2015 15:50,42209.66,1627.6,25.57,17.66
7/24/2015 16:00,42209.67,1628.1,25.58,17.64
7/24/2015 16:10,42209.67,1628.8,25.58,17.64
7/24/2015 16:20,42209.68,1629.7,25.57,17.66
7/24/2015 16:30,42209.69,1630,25.57,17.66
7/24/2015 16:40,42209.69,1630.4,25.57,17.66
7/24/2015 16:50,42209.70,1630.8,25.57,17.66
7/24/2015 17:00,42209.71,1631.1,25.57,17.66
7/24/2015 17:10,42209.72,1631.3,25.57,17.66
7/24/2015 17:20,42209.72,1631.4,25.57,17.66
7/24/2015 17:30,42209.73,1631.8,25.57,17.66
7/24/2015 17:40,42209.74,1631.9,25.57,17.66
7/24/2015 17:50,42209.74,1631.8,25.57,17.66
7/24/2015 18:00,42209.75,1631.5,25.57,17.66
7/24/2015 18:10,42209.76,1630.7,25.57,17.66
7/24/2015 18:20,42209.76,1630,25.57,17.66
7/24/2015 18:30,42209.77,1629.8,25.57,17.66
7/24/2015 18:40,42209.78,1629.1,25.57,17.66
7/24/2015 18:50,42209.78,1628.2,25.57,17.66
7/24/2015 19:00,42209.79,1627.2,25.57,17.66
7/24/2015 19:10,42209.80,1625.5,25.56,17.66
7/24/2015 19:20,42209.81,1624.3,25.56,17.66
7/24/2015 19:30,42209.81,1623.3,25.56,17.66
7/24/2015 19:40,42209.82,1621.7,25.57,17.66
7/24/2015 19:50,42209.83,1620,25.57,17.66
7/24/2015 20:00,42209.83,1617.8,25.56,17.66
7/24/2015 20:10,42209.84,1616,25.56,17.66
7/24/2015 20:20,42209.85,1614,25.56,17.66
7/24/2015 20:30,42209.85,1612.5,25.56,17.66
7/24/2015 20:40,42209.86,1610.7,25.56,17.66
7/24/2015 20:50,42209.87,1609,25.56,17.66
7/24/2015 21:00,42209.88,1607.3,25.56,17.66
7/24/2015 21:10,42209.88,1605.9,25.56,17.66
7/24/2015 21:20,42209.89,1604.5,25.56,17.66
7/24/2015 21:30,42209.90,1603.2,25.56,17.66
7/24/2015 21:40,42209.90,1601.8,25.56,17.66
7/24/2015 21:50,42209.91,1600.6,25.56,17.66
7/24/2015 22:00,42209.92,1599.1,25.56,17.66
7/24/2015 22:10,42209.92,1598.4,25.56,17.66
7/24/2015 22:20,42209.93,1597.4,25.56,17.66
7/24/2015 22:30,42209.94,1596.3,25.56,17.66
7/24/2015 22:40,42209.94,1595.3,25.56,17.66
7/24/2015 22:50,42209.95,1594.6,25.56,17.66
7/24/2015 23:00,42209.96,1593.7,25.57,17.66
7/24/2015 23:10,42209.97,1593,25.56,17.66
7/24/2015 23:20,42209.97,1592,25.57,17.66
7/24/2015 23:30,42209.98,1591.6,25.56,17.66
7/24/2015 23:40,42209.99,1591.3,25.57,17.66
7/24/2015 23:50,42209.99,1590.6,25.56,17.66
7/25/2015 0:00,42210.00,1590.4,25.57,17.66
7/25/2015 0:10,42210.01,1590.4,25.57,17.66
7/25/2015 0:20,42210.01,1590.8,25.57,17.66
7/25/2015 0:30,42210.02,1591,25.57,17.66
7/25/2015 0:40,42210.03,1591.9,25.57,17.66
7/25/2015 0:50,42210.03,1592.6,25.57,17.66
7/25/2015 1:00,42210.04,1593.3,25.57,17.66
7/25/2015 1:10,42210.05,1594.8,25.57,17.66
7/25/2015 1:20,42210.06,1596.2,25.57,17.66
7/25/2015 1:30,42210.06,1597.5,25.56,17.66
7/25/2015 1:40,42210.07,1599,25.57,17.66
7/25/2015 1:50,42210.08,1600.3,25.57,17.66
7/25/2015 2:00,42210.08,1602,25.57,17.66
7/25/2015 2:10,42210.09,1603.1,25.57,17.66
7/25/2015 2:20,42210.10,1604.2,25.57,17.66
7/25/2015 2:30,42210.10,1605.3,25.57,17.66
7/25/2015 2:40,42210.11,1606.4,25.57,17.66
7/25/2015 2:50,42210.12,1608,25.57,17.66
7/25/2015 3:00,42210.13,1609,25.57,17.66
7/25/2015 3:10,42210.13,1610.5,25.57,17.66
7/25/2015 3:20,42210.14,1612.3,25.57,17.66
7/25/2015 3:30,42210.15,1614.3,25.57,17.66
7/25/2015 3:40,42210.15,1615.5,25.57,17.66
7/25/2015 3:50,42210.16,1617,25.57,17.66
7/25/2015 4:00,42210.17,1618.6,25.57,17.66
7/25/2015 4:10,42210.17,1620.3,25.57,17.66
7/25/2015 4:20,42210.18,1622.1,25.57,17.66
7/25/2015 4:30,42210.19,1623.4,25.57,17.66
7/25/2015 4:40,42210.19,1624.8,25.57,17.66
7/25/2015 4:50,42210.20,1625.8,25.57,17.66
7/25/2015 5:00,42210.21,1626.5,25.57,17.66
7/25/2015 5:10,42210.22,1627.2,25.57,17.66
7/25/2015 5:20,42210.22,1627.6,25.57,17.66
7/25/2015 5:30,42210.23,1628.1,25.57,17.66
7/25/2015 5:40,42210.24,1628.4,25.57,17.66
7/25/2015 5:50,42210.24,1628.8,25.57,17.66
7/25/2015 6:00,42210.25,1629.1,25.57,17.66
7/25/2015 6:10,42210.26,1629.5,25.57,17.66
7/25/2015 6:20,42210.26,1629.5,25.57,17.66
7/25/2015 6:30,42210.27,1629.5,25.57,17.66
7/25/2015 6:40,42210.28,1629.3,25.57,17.66
7/25/2015 6:50,42210.28,1629.1,25.57,17.66
7/25/2015 7:00,42210.29,1629.3,25.57,17.66
7/25/2015 7:10,42210.30,1629,25.57,17.66
7/25/2015 7:20,42210.31,1628.6,25.57,17.66
7/25/2015 7:30,42210.31,1627.9,25.57,17.66
7/25/2015 7:40,42210.32,1627.4,25.57,17.66
7/25/2015 7:50,42210.33,1626.7,25.57,17.66
7/25/2015 8:00,42210.33,1625.8,25.57,17.66
7/25/2015 8:10,42210.34,1624.5,25.57,17.66
7/25/2015 8:20,42210.35,1623.4,25.57,17.66
7/25/2015 8:30,42210.35,1622,25.57,17.66
7/25/2015 8:40,42210.36,1620.5,25.57,17.66
7/25/2015 8:50,42210.37,1618.9,25.56,17.66
7/25/2015 9:00,42210.38,1617.1,25.57,17.66
7/25/2015 9:10,42210.38,1615.7,25.57,17.66
7/25/2015 9:20,42210.39,1614.2,25.56,17.66
7/25/2015 9:30,42210.40,1612.3,25.57,17.66
7/25/2015 9:40,42210.40,1610.7,25.57,17.66
7/25/2015 9:50,42210.41,1609.1,25.57,17.66
7/25/2015 10:00,42210.42,1607.4,25.58,17.64
7/25/2015 10:10,42210.42,1606.2,25.58,17.64
7/25/2015 10:20,42210.43,1604.6,25.57,17.66
7/25/2015 10:30,42210.44,1603.4,25.57,17.66
7/25/2015 10:40,42210.44,1601.5,25.56,17.66
7/25/2015 10:50,42210.45,1600.4,25.57,17.66
7/25/2015 11:00,42210.46,1599.5,25.57,17.66
7/25/2015 11:10,42210.47,1598.4,25.56,17.66
7/25/2015 11:20,42210.47,1597.2,25.56,17.66
7/25/2015 11:30,42210.48,1596.5,25.57,17.66
7/25/2015 11:40,42210.49,1595.6,25.56,17.66
7/25/2015 11:50,42210.49,1595,25.57,17.66
7/25/2015 12:00,42210.50,1594.6,25.57,17.66
7/25/2015 12:10,42210.51,1594,25.57,17.66
7/25/2015 12:20,42210.51,1593.9,25.57,17.66
7/25/2015 12:30,42210.52,1593.6,25.57,17.66
7/25/2015 12:40,42210.53,1593.5,25.57,17.66
7/25/2015 12:50,42210.53,1593.3,25.57,17.66
7/25/2015 13:00,42210.54,1593.5,25.57,17.66
7/25/2015 13:10,42210.55,1593.7,25.57,17.66
7/25/2015 13:20,42210.56,1594.4,25.57,17.66
7/25/2015 13:30,42210.56,1594.6,25.57,17.66
7/25/2015 13:40,42210.57,1595.5,25.57,17.66
7/25/2015 13:50,42210.58,1596.4,25.57,17.66
7/25/2015 14:00,42210.58,1597.4,25.57,17.66
7/25/2015 14:10,42210.59,1598.3,25.57,17.66
7/25/2015 14:20,42210.60,1599.8,25.56,17.66
7/25/2015 14:30,42210.60,1600.9,25.57,17.66
7/25/2015 14:40,42210.61,1602,25.57,17.66
7/25/2015 14:50,42210.62,1603.2,25.57,17.66
7/25/2015 15:00,42210.63,1604.4,25.57,17.66
7/25/2015 15:10,42210.63,1605.9,25.57,17.66
7/25/2015 15:20,42210.64,1607.1,25.57,17.66
7/25/2015 15:30,42210.65,1608.6,25.57,17.66
7/25/2015 15:40,42210.65,1609.8,25.57,17.66
7/25/2015 15:50,42210.66,1611,25.57,17.66
7/25/2015 16:00,42210.67,1612.3,25.57,17.66
7/25/2015 16:10,42210.67,1613.9,25.57,17.66
7/25/2015 16:20,42210.68,1615.5,25.57,17.66
7/25/2015 16:30,42210.69,1616.5,25.57,17.66
7/25/2015 16:40,42210.69,1618.1,25.57,17.66
7/25/2015 16:50,42210.70,1619.1,25.57,17.66
7/25/2015 17:00,42210.71,1620.1,25.57,17.66
7/25/2015 17:10,42210.72,1621,25.57,17.66
7/25/2015 17:20,42210.72,1622,25.57,17.66
7/25/2015 17:30,42210.73,1623,25.57,17.66
7/25/2015 17:40,42210.74,1623.5,25.57,17.66
7/25/2015 17:50,42210.74,1623.8,25.57,17.66
7/25/2015 18:00,42210.75,1624.1,25.57,17.66
7/25/2015 18:10,42210.76,1624.3,25.57,17.66
7/25/2015 18:20,42210.76,1624.7,25.57,17.66
7/25/2015 18:30,42210.77,1624.8,25.57,17.66
7/25/2015 18:40,42210.78,1625,25.57,17.66
7/25/2015 18:50,42210.78,1624.8,25.57,17.66
7/25/2015 19:00,42210.79,1624.5,25.57,17.66
7/25/2015 19:10,42210.80,1624.3,25.57,17.66
7/25/2015 19:20,42210.81,1624,25.57,17.66
7/25/2015 19:30,42210.81,1623.4,25.57,17.66
7/25/2015 19:40,42210.82,1622.6,25.57,17.66
7/25/2015 19:50,42210.83,1621.9,25.57,17.66
7/25/2015 20:00,42210.83,1620.6,25.57,17.66
7/25/2015 20:10,42210.84,1619.5,25.57,17.66
7/25/2015 20:20,42210.85,1617.8,25.57,17.66
7/25/2015 20:30,42210.85,1616.5,25.57,17.66
7/25/2015 20:40,42210.86,1614.6,25.57,17.66
7/25/2015 20:50,42210.87,1613,25.57,17.66
7/25/2015 21:00,42210.88,1611.2,25.57,17.66
7/25/2015 21:10,42210.88,1609.6,25.57,17.66
7/25/2015 21:20,42210.89,1608,25.57,17.66
7/25/2015 21:30,42210.90,1606.3,25.57,17.66
7/25/2015 21:40,42210.90,1604.5,25.57,17.66
7/25/2015 21:50,42210.91,1602.9,25.57,17.66
7/25/2015 22:00,42210.92,1601.3,25.57,17.66
7/25/2015 22:10,42210.92,1599.9,25.57,17.66
7/25/2015 22:20,42210.93,1598.1,25.56,17.66
7/25/2015 22:30,42210.94,1596.9,25.57,17.66
7/25/2015 22:40,42210.94,1595.8,25.57,17.66
7/25/2015 22:50,42210.95,1594.6,25.57,17.66
7/25/2015 23:00,42210.96,1593.7,25.57,17.66
7/25/2015 23:10,42210.97,1592.6,25.57,17.66
7/25/2015 23:20,42210.97,1591.7,25.57,17.66
7/25/2015 23:30,42210.98,1590.8,25.57,17.66
7/25/2015 23:40,42210.99,1589.7,25.57,17.66
7/25/2015 23:50,42210.99,1589.4,25.57,17.66
7/26/2015 0:00,42211.00,1588.5,25.57,17.66
7/26/2015 0:10,42211.01,1588.1,25.57,17.66
7/26/2015 0:20,42211.01,1587.3,25.57,17.66
7/26/2015 0:30,42211.02,1587,25.57,17.66
7/26/2015 0:40,42211.03,1586.6,25.56,17.66
7/26/2015 0:50,42211.03,1586.3,25.57,17.66
7/26/2015 1:00,42211.04,1585.9,25.56,17.66
7/26/2015 1:10,42211.05,1586.1,25.57,17.66
7/26/2015 1:20,42211.06,1586.3,25.57,17.66
7/26/2015 1:30,42211.06,1586.2,25.56,17.66
7/26/2015 1:40,42211.07,1586.7,25.56,17.66
7/26/2015 1:50,42211.08,1587.3,25.56,17.66
7/26/2015 2:00,42211.08,1587.8,25.57,17.66
7/26/2015 2:10,42211.09,1588.5,25.57,17.66
7/26/2015 2:20,42211.10,1589.5,25.57,17.66
7/26/2015 2:30,42211.10,1590.4,25.57,17.66
7/26/2015 2:40,42211.11,1591.8,25.57,17.66
7/26/2015 2:50,42211.12,1593.7,25.57,17.66
7/26/2015 3:00,42211.13,1594.7,25.57,17.66
7/26/2015 3:10,42211.13,1596.3,25.57,17.66
7/26/2015 3:20,42211.14,1597.5,25.57,17.66
7/26/2015 3:30,42211.15,1598.9,25.57,17.66
7/26/2015 3:40,42211.15,1600,25.58,17.64
7/26/2015 3:50,42211.16,1601.3,25.57,17.66
7/26/2015 4:00,42211.17,1602,25.57,17.66
7/26/2015 4:10,42211.17,1603.6,25.57,17.66
7/26/2015 4:20,42211.18,1605,25.57,17.66
7/26/2015 4:30,42211.19,1606.6,25.57,17.66
7/26/2015 4:40,42211.19,1608.4,25.57,17.66
7/26/2015 4:50,42211.20,1610,25.57,17.66
7/26/2015 5:00,42211.21,1612.1,25.57,17.66
7/26/2015 5:10,42211.22,1613.7,25.57,17.66
7/26/2015 5:20,42211.22,1615.3,25.57,17.66
7/26/2015 5:30,42211.23,1616.5,25.57,17.66
7/26/2015 5:40,42211.24,1617.9,25.57,17.66
7/26/2015 5:50,42211.24,1618.7,25.57,17.66
7/26/2015 6:00,42211.25,1619.8,25.57,17.66
7/26/2015 6:10,42211.26,1620.5,25.57,17.66
7/26/2015 6:20,42211.26,1621.3,25.57,17.66
7/26/2015 6:30,42211.27,1622,25.57,17.66
7/26/2015 6:40,42211.28,1622.4,25.57,17.66
7/26/2015 6:50,42211.28,1622.9,25.57,17.66
7/26/2015 7:00,42211.29,1623.4,25.57,17.66
7/26/2015 7:10,42211.30,1623.6,25.57,17.66
7/26/2015 7:20,42211.31,1623.6,25.57,17.66
7/26/2015 7:30,42211.31,1623.6,25.57,17.66
7/26/2015 7:40,42211.32,1623.6,25.57,17.66
7/26/2015 7:50,42211.33,1623.3,25.57,17.66
7/26/2015 8:00,42211.33,1622.7,25.57,17.66
7/26/2015 8:10,42211.34,1622.4,25.57,17.66
7/26/2015 8:20,42211.35,1621.7,25.57,17.66
7/26/2015 8:30,42211.35,1620.8,25.57,17.66
7/26/2015 8:40,42211.36,1619.9,25.57,17.66
7/26/2015 8:50,42211.37,1618.7,25.58,17.64
7/26/2015 9:00,42211.38,1617.7,25.57,17.66
7/26/2015 9:10,42211.38,1616.5,25.57,17.66
7/26/2015 9:20,42211.39,1615.1,25.57,17.66
7/26/2015 9:30,42211.40,1613.5,25.57,17.66
7/26/2015 9:40,42211.40,1611.9,25.57,17.66
7/26/2015 9:50,42211.41,1610.5,25.57,17.66
7/26/2015 10:00,42211.42,1609.1,25.57,17.66
7/26/2015 10:10,42211.42,1607.9,25.57,17.66
7/26/2015 10:20,42211.43,1606.5,25.57,17.66
7/26/2015 10:30,42211.44,1605,25.57,17.66
7/26/2015 10:40,42211.44,1603.7,25.57,17.66
7/26/2015 10:50,42211.45,1602,25.57,17.66
7/26/2015 11:00,42211.46,1600.6,25.57,17.66
7/26/2015 11:10,42211.47,1599.5,25.57,17.66
7/26/2015 11:20,42211.47,1598.3,25.57,17.66
7/26/2015 11:30,42211.48,1596.7,25.57,17.66
7/26/2015 11:40,42211.49,1595.4,25.57,17.66
7/26/2015 11:50,42211.49,1594.4,25.57,17.66
7/26/2015 12:00,42211.50,1593.4,25.57,17.66
7/26/2015 12:10,42211.51,1592.4,25.57,17.66
7/26/2015 12:20,42211.51,1591.3,25.57,17.66
7/26/2015 12:30,42211.52,1590.4,25.57,17.66
7/26/2015 12:40,42211.53,1589.5,25.57,17.66
7/26/2015 12:50,42211.53,1588.7,25.57,17.66
7/26/2015 13:00,42211.54,1588.1,25.57,17.66
7/26/2015 13:10,42211.55,1587.4,25.57,17.66
7/26/2015 13:20,42211.56,1587,25.57,17.66
7/26/2015 13:30,42211.56,1586.4,25.57,17.66
7/26/2015 13:40,42211.57,1586.1,25.57,17.66
7/26/2015 13:50,42211.58,1586,25.57,17.66
7/26/2015 14:00,42211.58,1585.9,25.57,17.66
7/26/2015 14:10,42211.59,1586.2,25.57,17.66
7/26/2015 14:20,42211.60,1586.6,25.58,17.64
7/26/2015 14:30,42211.60,1587.3,25.58,17.64
7/26/2015 14:40,42211.61,1588,25.57,17.66
7/26/2015 14:50,42211.62,1588.7,25.58,17.64
7/26/2015 15:00,42211.63,1589.7,25.57,17.66
7/26/2015 15:10,42211.63,1590.8,25.57,17.66
7/26/2015 15:20,42211.64,1591.3,25.57,17.66
7/26/2015 15:30,42211.65,1592.5,25.57,17.66
7/26/2015 15:40,42211.65,1593.9,25.57,17.66
7/26/2015 15:50,42211.66,1594.9,25.57,17.66
7/26/2015 16:00,42211.67,1596,25.57,17.66
7/26/2015 16:10,42211.67,1597,25.57,17.66
7/26/2015 16:20,42211.68,1598.2,25.57,17.66
7/26/2015 16:30,42211.69,1599.5,25.57,17.66
7/26/2015 16:40,42211.69,1600.8,25.57,17.66
7/26/2015 16:50,42211.70,1601.8,25.57,17.66
7/26/2015 17:00,42211.71,1603.6,25.57,17.66
7/26/2015 17:10,42211.72,1605,25.57,17.66
7/26/2015 17:20,42211.72,1606.6,25.57,17.66
7/26/2015 17:30,42211.73,1608,25.57,17.66
7/26/2015 17:40,42211.74,1609.7,25.58,17.64
7/26/2015 17:50,42211.74,1610.9,25.58,17.64
7/26/2015 18:00,42211.75,1612.1,25.58,17.64
7/26/2015 18:10,42211.76,1613.3,25.58,17.64
7/26/2015 18:20,42211.76,1614.7,25.58,17.64
7/26/2015 18:30,42211.77,1615.8,25.58,17.64
7/26/2015 18:40,42211.78,1616.7,25.58,17.64
7/26/2015 18:50,42211.78,1617.5,25.57,17.66
7/26/2015 19:00,42211.79,1618.4,25.57,17.66
7/26/2015 19:10,42211.80,1618.9,25.58,17.64
7/26/2015 19:20,42211.81,1619.2,25.57,17.66
7/26/2015 19:30,42211.81,1619.6,25.57,17.66
7/26/2015 19:40,42211.82,1619.9,25.57,17.66
7/26/2015 19:50,42211.83,1620.1,25.57,17.66
7/26/2015 20:00,42211.83,1620.5,25.58,17.64
7/26/2015 20:10,42211.84,1620.1,25.58,17.64
7/26/2015 20:20,42211.85,1620.1,25.57,17.66
7/26/2015 20:30,42211.85,1619.8,25.57,17.66
7/26/2015 20:40,42211.86,1619.4,25.57,17.66
7/26/2015 20:50,42211.87,1618.9,25.57,17.66
7/26/2015 21:00,42211.88,1618.4,25.57,17.66
7/26/2015 21:10,42211.88,1617.5,25.57,17.66
7/26/2015 21:20,42211.89,1616.8,25.57,17.66
7/26/2015 21:30,42211.90,1615.8,25.57,17.66
7/26/2015 21:40,42211.90,1614.4,25.57,17.66
7/26/2015 21:50,42211.91,1613,25.57,17.66
7/26/2015 22:00,42211.92,1611.4,25.57,17.66
7/26/2015 22:10,42211.92,1610,25.57,17.66
7/26/2015 22:20,42211.93,1608.4,25.57,17.66
7/26/2015 22:30,42211.94,1606.7,25.57,17.66
7/26/2015 22:40,42211.94,1605.6,25.57,17.66
7/26/2015 22:50,42211.95,1603.8,25.57,17.66
7/26/2015 23:00,42211.96,1602.5,25.57,17.66
7/26/2015 23:10,42211.97,1601.1,25.57,17.66
7/26/2015 23:20,42211.97,1599.6,25.57,17.66
7/26/2015 23:30,42211.98,1598.4,25.57,17.66
7/26/2015 23:40,42211.99,1597,25.57,17.66
7/26/2015 23:50,42211.99,1595.6,25.57,17.66
7/27/2015 0:00,42212.00,1594.2,25.57,17.66
7/27/2015 0:10,42212.01,1593.1,25.57,17.66
7/27/2015 0:20,42212.01,1591.9,25.57,17.66
7/27/2015 0:30,42212.02,1590.3,25.57,17.66
7/27/2015 0:40,42212.03,1589,25.57,17.66
7/27/2015 0:50,42212.03,1588,25.57,17.66
7/27/2015 1:00,42212.04,1586.7,25.57,17.66
7/27/2015 1:10,42212.05,1586,25.57,17.66
7/27/2015 1:20,42212.06,1585.2,25.57,17.66
7/27/2015 1:30,42212.06,1584.3,25.57,17.66
7/27/2015 1:40,42212.07,1583.7,25.57,17.66
7/27/2015 1:50,42212.08,1583.1,25.57,17.66
7/27/2015 2:00,42212.08,1582.8,25.57,17.66
7/27/2015 2:10,42212.09,1582.4,25.57,17.66
7/27/2015 2:20,42212.10,1582.4,25.57,17.66
7/27/2015 2:30,42212.10,1582.6,25.57,17.66
7/27/2015 2:40,42212.11,1582.6,25.57,17.66
7/27/2015 2:50,42212.12,1582.8,25.57,17.66
7/27/2015 3:00,42212.13,1583.3,25.57,17.66
7/27/2015 3:10,42212.13,1584.3,25.57,17.66
7/27/2015 3:20,42212.14,1585,25.57,17.66
7/27/2015 3:30,42212.15,1586,25.57,17.66
7/27/2015 3:40,42212.15,1586.9,25.57,17.66
7/27/2015 3:50,42212.16,1588.1,25.57,17.66
7/27/2015 4:00,42212.17,1589.5,25.57,17.66
7/27/2015 4:10,42212.17,1590.8,25.57,17.66
7/27/2015 4:20,42212.18,1592.3,25.57,17.66
7/27/2015 4:30,42212.19,1593.6,25.57,17.66
7/27/2015 4:40,42212.19,1594.9,25.57,17.66
7/27/2015 4:50,42212.20,1596.5,25.57,17.66
7/27/2015 5:00,42212.21,1598.2,25.57,17.66
7/27/2015 5:10,42212.22,1600,25.57,17.66
7/27/2015 5:20,42212.22,1601.7,25.57,17.66
7/27/2015 5:30,42212.23,1603.4,25.57,17.66
7/27/2015 5:40,42212.24,1605.3,25.57,17.66
7/27/2015 5:50,42212.24,1607.4,25.57,17.66
7/27/2015 6:00,42212.25,1609.7,25.58,17.64
7/27/2015 6:10,42212.26,1611.4,25.58,17.64
7/27/2015 6:20,42212.26,1613.2,25.58,17.64
7/27/2015 6:30,42212.27,1614.7,25.57,17.66
7/27/2015 6:40,42212.28,1616.5,25.58,17.64
7/27/2015 6:50,42212.28,1618,25.58,17.64
7/27/2015 7:00,42212.29,1619.2,25.58,17.64
7/27/2015 7:10,42212.30,1620.5,25.58,17.64
7/27/2015 7:20,42212.31,1621.5,25.58,17.64
7/27/2015 7:30,42212.31,1622.4,25.57,17.66
7/27/2015 7:40,42212.32,1623.3,25.58,17.64
7/27/2015 7:50,42212.33,1623.8,25.58,17.64
7/27/2015 8:00,42212.33,1624.5,25.58,17.64
7/27/2015 8:10,42212.34,1624.8,25.58,17.64
7/27/2015 8:20,42212.35,1625.3,25.58,17.64
7/27/2015 8:30,42212.35,1625.8,25.57,17.66
7/27/2015 8:40,42212.36,1626.3,25.57,17.66
7/27/2015 8:50,42212.37,1626.5,25.57,17.66
7/27/2015 9:00,42212.38,1626.5,25.58,17.64
7/27/2015 9:10,42212.38,1626.5,25.58,17.64
7/27/2015 9:20,42212.39,1626.5,25.58,17.64
7/27/2015 9:30,42212.40,1626.3,25.58,17.64
7/27/2015 9:40,42212.40,1626.2,25.57,17.66
7/27/2015 9:50,42212.41,1625.5,25.57,17.66
7/27/2015 10:00,42212.42,1624.8,25.57,17.66
7/27/2015 10:10,42212.42,1623.8,25.57,17.66
7/27/2015 10:20,42212.43,1623.3,25.57,17.66
7/27/2015 10:30,42212.44,1622,25.57,17.66
7/27/2015 10:40,42212.44,1620.8,25.57,17.66
7/27/2015 10:50,42212.45,1619.8,25.58,17.64
7/27/2015 11:00,42212.46,1618.2,25.58,17.64
7/27/2015 11:10,42212.47,1616.5,25.57,17.66
7/27/2015 11:20,42212.47,1614.6,25.58,17.64
7/27/2015 11:30,42212.48,1612.5,25.58,17.64
7/27/2015 11:40,42212.49,1610.5,25.57,17.66
7/27/2015 11:50,42212.49,1608.4,25.57,17.66
7/27/2015 12:00,42212.50,1606.7,25.57,17.66
7/27/2015 12:10,42212.51,1604.6,25.57,17.66
7/27/2015 12:20,42212.51,1602.7,25.57,17.66
7/27/2015 12:30,42212.52,1601,25.57,17.66
7/27/2015 12:40,42212.53,1599.6,25.57,17.66
7/27/2015 12:50,42212.53,1597.9,25.58,17.64
7/27/2015 13:00,42212.54,1596.1,25.58,17.64
7/27/2015 13:10,42212.55,1594.6,25.57,17.66
7/27/2015 13:20,42212.56,1593.2,25.57,17.66
7/27/2015 13:30,42212.56,1591.8,25.57,17.66
7/27/2015 13:40,42212.57,1590.6,25.57,17.66
7/27/2015 13:50,42212.58,1589.7,25.57,17.66
7/27/2015 14:00,42212.58,1588.8,25.57,17.66
7/27/2015 14:10,42212.59,1588,25.57,17.66
7/27/2015 14:20,42212.60,1587.1,25.57,17.66
7/27/2015 14:30,42212.60,1586,25.57,17.66
7/27/2015 14:40,42212.61,1585.3,25.57,17.66
7/27/2015 14:50,42212.62,1585,25.57,17.66
7/27/2015 15:00,42212.63,1584.5,25.57,17.66
7/27/2015 15:10,42212.63,1583.9,25.57,17.66
7/27/2015 15:20,42212.64,1583.8,25.57,17.66
7/27/2015 15:30,42212.65,1583.6,25.57,17.66
7/27/2015 15:40,42212.65,1583.4,25.57,17.66
7/27/2015 15:50,42212.66,1583.8,25.57,17.66
7/27/2015 16:00,42212.67,1584.5,25.57,17.66
7/27/2015 16:10,42212.67,1585.2,25.57,17.66
7/27/2015 16:20,42212.68,1586,25.57,17.66
7/27/2015 16:30,42212.69,1586.9,25.58,17.64
7/27/2015 16:40,42212.69,1588,25.58,17.64
7/27/2015 16:50,42212.70,1589.2,25.57,17.66
7/27/2015 17:00,42212.71,1590.6,25.57,17.66
7/27/2015 17:10,42212.72,1591.8,25.57,17.66
7/27/2015 17:20,42212.72,1593.3,25.58,17.64
7/27/2015 17:30,42212.73,1594.9,25.57,17.66
7/27/2015 17:40,42212.74,1596.7,25.57,17.66
7/27/2015 17:50,42212.74,1597.9,25.58,17.64
7/27/2015 18:00,42212.75,1599.6,25.57,17.66
7/27/2015 18:10,42212.76,1601.1,25.57,17.66
7/27/2015 18:20,42212.76,1603.1,25.58,17.64
7/27/2015 18:30,42212.77,1604.8,25.57,17.66
7/27/2015 18:40,42212.78,1606.7,25.57,17.66
7/27/2015 18:50,42212.78,1608.8,25.57,17.66
7/27/2015 19:00,42212.79,1610.7,25.58,17.64
7/27/2015 19:10,42212.80,1612.5,25.58,17.64
7/27/2015 19:20,42212.81,1614.4,25.58,17.64
7/27/2015 19:30,42212.81,1615.8,25.58,17.64
7/27/2015 19:40,42212.82,1617.5,25.58,17.64
7/27/2015 19:50,42212.83,1618.9,25.58,17.64
7/27/2015 20:00,42212.83,1620.1,25.58,17.64
7/27/2015 20:10,42212.84,1621.2,25.58,17.64
7/27/2015 20:20,42212.85,1622.2,25.57,17.66
7/27/2015 20:30,42212.85,1622.7,25.57,17.66
7/27/2015 20:40,42212.86,1623.4,25.58,17.64
7/27/2015 20:50,42212.87,1624,25.58,17.64
7/27/2015 21:00,42212.88,1624.1,25.58,17.64
7/27/2015 21:10,42212.88,1624.7,25.58,17.64
7/27/2015 21:20,42212.89,1625,25.58,17.64
7/27/2015 21:30,42212.90,1625,25.57,17.66
7/27/2015 21:40,42212.90,1625.1,25.57,17.66
7/27/2015 21:50,42212.91,1625,25.57,17.66
7/27/2015 22:00,42212.92,1624.8,25.57,17.66
7/27/2015 22:10,42212.92,1624.5,25.58,17.64
7/27/2015 22:20,42212.93,1624,25.57,17.66
7/27/2015 22:30,42212.94,1623.3,25.58,17.64
7/27/2015 22:40,42212.94,1622.4,25.58,17.64
7/27/2015 22:50,42212.95,1621.2,25.57,17.66
7/27/2015 23:00,42212.96,1619.9,25.57,17.66
7/27/2015 23:10,42212.97,1618.4,25.58,17.64
7/27/2015 23:20,42212.97,1616.7,25.58,17.64
7/27/2015 23:30,42212.98,1614.7,25.57,17.66
7/27/2015 23:40,42212.99,1612.8,25.57,17.66
7/27/2015 23:50,42212.99,1610.7,25.57,17.66
7/28/2015 0:00,42213.00,1609,25.58,17.64
7/28/2015 0:10,42213.01,1606.9,25.58,17.64
7/28/2015 0:20,42213.01,1605.3,25.57,17.66
7/28/2015 0:30,42213.02,1603.4,25.58,17.64
7/28/2015 0:40,42213.03,1601.5,25.57,17.66
7/28/2015 0:50,42213.03,1599.8,25.58,17.64
7/28/2015 1:00,42213.04,1598.2,25.57,17.66
7/28/2015 1:10,42213.05,1596.3,25.57,17.66
7/28/2015 1:20,42213.06,1594.7,25.57,17.66
7/28/2015 1:30,42213.06,1593.2,25.57,17.66
7/28/2015 1:40,42213.07,1591.6,25.57,17.66
7/28/2015 1:50,42213.08,1590.4,25.57,17.66
7/28/2015 2:00,42213.08,1589.2,25.57,17.66
7/28/2015 2:10,42213.09,1588.1,25.57,17.66
7/28/2015 2:20,42213.10,1586.9,25.57,17.66
7/28/2015 2:30,42213.10,1586,25.57,17.66
7/28/2015 2:40,42213.11,1585,25.57,17.66
7/28/2015 2:50,42213.12,1584.1,25.57,17.66
7/28/2015 3:00,42213.13,1583.3,25.57,17.66
7/28/2015 3:10,42213.13,1582.8,25.57,17.66
7/28/2015 3:20,42213.14,1582.2,25.58,17.64
7/28/2015 3:30,42213.15,1582.2,25.57,17.66
7/28/2015 3:40,42213.15,1582.1,25.58,17.64
7/28/2015 3:50,42213.16,1581.7,25.57,17.66
7/28/2015 4:00,42213.17,1581.7,25.57,17.66
7/28/2015 4:10,42213.17,1582.2,25.57,17.66
7/28/2015 4:20,42213.18,1583.1,25.57,17.66
7/28/2015 4:30,42213.19,1583.8,25.57,17.66
7/28/2015 4:40,42213.19,1584.8,25.57,17.66
7/28/2015 4:50,42213.20,1586,25.57,17.66
7/28/2015 5:00,42213.21,1587.3,25.57,17.66
7/28/2015 5:10,42213.22,1589,25.57,17.66
7/28/2015 5:20,42213.22,1590.6,25.58,17.64
7/28/2015 5:30,42213.23,1592.5,25.58,17.64
7/28/2015 5:40,42213.24,1594.2,25.58,17.64
7/28/2015 5:50,42213.24,1595.8,25.58,17.64
7/28/2015 6:00,42213.25,1597.7,25.58,17.64
7/28/2015 6:10,42213.26,1599.8,25.57,17.66
7/28/2015 6:20,42213.26,1601.5,25.57,17.66
7/28/2015 6:30,42213.27,1603.6,25.57,17.66
7/28/2015 6:40,42213.28,1605.7,25.57,17.66
7/28/2015 6:50,42213.28,1608,25.58,17.64
7/28/2015 7:00,42213.29,1610.5,25.58,17.64
7/28/2015 7:10,42213.30,1612.8,25.58,17.64
7/28/2015 7:20,42213.31,1614.9,25.58,17.64
7/28/2015 7:30,42213.31,1617,25.57,17.66
7/28/2015 7:40,42213.32,1618.5,25.58,17.64
7/28/2015 7:50,42213.33,1619.9,25.57,17.66
7/28/2015 8:00,42213.33,1621.5,25.58,17.64
7/28/2015 8:10,42213.34,1623.3,25.57,17.66
7/28/2015 8:20,42213.35,1624.5,25.58,17.64
7/28/2015 8:30,42213.35,1625.3,25.57,17.66
7/28/2015 8:40,42213.36,1626.2,25.58,17.64
7/28/2015 8:50,42213.37,1626.9,25.58,17.64
7/28/2015 9:00,42213.38,1627.4,25.58,17.64
7/28/2015 9:10,42213.38,1627.9,25.58,17.64
7/28/2015 9:20,42213.39,1628.6,25.58,17.64
7/28/2015 9:30,42213.40,1629.1,25.58,17.64
7/28/2015 9:40,42213.40,1629.7,25.58,17.64
7/28/2015 9:50,42213.41,1630,25.58,17.64
7/28/2015 10:00,42213.42,1630.4,25.58,17.64
7/28/2015 10:10,42213.42,1630.7,25.58,17.64
7/28/2015 10:20,42213.43,1631.1,25.58,17.64
7/28/2015 10:30,42213.44,1631.2,25.58,17.64
7/28/2015 10:40,42213.44,1631.2,25.58,17.64
7/28/2015 10:50,42213.45,1630.9,25.58,17.64
7/28/2015 11:00,42213.46,1630.7,25.58,17.64
7/28/2015 11:10,42213.47,1630.4,25.58,17.64
7/28/2015 11:20,42213.47,1629.7,25.58,17.64
7/28/2015 11:30,42213.48,1629,25.58,17.64
7/28/2015 11:40,42213.49,1627.9,25.58,17.64
7/28/2015 11:50,42213.49,1627,25.58,17.64
7/28/2015 12:00,42213.50,1625.8,25.57,17.66
7/28/2015 12:10,42213.51,1624.7,25.57,17.66
7/28/2015 12:20,42213.51,1623.3,25.57,17.66
7/28/2015 12:30,42213.52,1621.9,25.58,17.64
7/28/2015 12:40,42213.53,1620.5,25.57,17.66
7/28/2015 12:50,42213.53,1618.7,25.57,17.66
7/28/2015 13:00,42213.54,1617.3,25.57,17.66
7/28/2015 13:10,42213.55,1615.4,25.57,17.66
7/28/2015 13:20,42213.56,1613.7,25.57,17.66
7/28/2015 13:30,42213.56,1611.6,25.57,17.66
7/28/2015 13:40,42213.57,1609.3,25.57,17.66
7/28/2015 13:50,42213.58,1607.4,25.57,17.66
7/28/2015 14:00,42213.58,1605,25.57,17.66
7/28/2015 14:10,42213.59,1602.9,25.57,17.66
7/28/2015 14:20,42213.60,1600.6,25.57,17.66
7/28/2015 14:30,42213.60,1598.9,25.58,17.64
7/28/2015 14:40,42213.61,1597,25.57,17.66
7/28/2015 14:50,42213.62,1595.1,25.57,17.66
7/28/2015 15:00,42213.63,1593.5,25.57,17.66
7/28/2015 15:10,42213.63,1592.1,25.57,17.66
7/28/2015 15:20,42213.64,1590.8,25.57,17.66
7/28/2015 15:30,42213.65,1589.5,25.58,17.64
7/28/2015 15:40,42213.65,1588.5,25.58,17.64
7/28/2015 15:50,42213.66,1587.8,25.58,17.64
7/28/2015 16:00,42213.67,1586.7,25.58,17.64
7/28/2015 16:10,42213.67,1586.2,25.57,17.66
7/28/2015 16:20,42213.68,1586,25.58,17.64
7/28/2015 16:30,42213.69,1585.7,25.57,17.66
7/28/2015 16:40,42213.69,1585.7,25.58,17.64
7/28/2015 16:50,42213.70,1585.7,25.57,17.66
7/28/2015 17:00,42213.71,1585.9,25.57,17.66
7/28/2015 17:10,42213.72,1586.2,25.58,17.64
7/28/2015 17:20,42213.72,1586.6,25.57,17.66
7/28/2015 17:30,42213.73,1587.3,25.57,17.66
7/28/2015 17:40,42213.74,1588.3,25.57,17.66
7/28/2015 17:50,42213.74,1589.7,25.58,17.64
7/28/2015 18:00,42213.75,1590.9,25.57,17.66
7/28/2015 18:10,42213.76,1592.6,25.58,17.64
7/28/2015 18:20,42213.76,1594.6,25.58,17.64
7/28/2015 18:30,42213.77,1596.3,25.58,17.64
7/28/2015 18:40,42213.78,1598.1,25.58,17.64
7/28/2015 18:50,42213.78,1600.1,25.58,17.64
7/28/2015 19:00,42213.79,1601.7,25.58,17.64
7/28/2015 19:10,42213.80,1603.8,25.58,17.64
7/28/2015 19:20,42213.81,1605.9,25.58,17.64
7/28/2015 19:30,42213.81,1608,25.58,17.64
7/28/2015 19:40,42213.82,1609.8,25.58,17.64
7/28/2015 19:50,42213.83,1611.8,25.58,17.64
7/28/2015 20:00,42213.83,1613.9,25.58,17.64
7/28/2015 20:10,42213.84,1616,25.58,17.64
7/28/2015 20:20,42213.85,1618,25.58,17.64
7/28/2015 20:30,42213.85,1619.8,25.58,17.64
7/28/2015 20:40,42213.86,1621.2,25.58,17.64
7/28/2015 20:50,42213.87,1622.6,25.58,17.64
7/28/2015 21:00,42213.88,1624,25.58,17.64
7/28/2015 21:10,42213.88,1624.8,25.58,17.64
7/28/2015 21:20,42213.89,1625.5,25.57,17.66
7/28/2015 21:30,42213.90,1626.3,25.58,17.64
7/28/2015 21:40,42213.90,1626.9,25.58,17.64
7/28/2015 21:50,42213.91,1627.2,25.58,17.64
7/28/2015 22:00,42213.92,1627.7,25.57,17.66
7/28/2015 22:10,42213.92,1628.1,25.58,17.64
7/28/2015 22:20,42213.93,1628.4,25.57,17.66
7/28/2015 22:30,42213.94,1628.6,25.58,17.64
7/28/2015 22:40,42213.94,1628.8,25.58,17.64
7/28/2015 22:50,42213.95,1629,25.58,17.64
7/28/2015 23:00,42213.96,1629.1,25.58,17.64
7/28/2015 23:10,42213.97,1629,25.58,17.64
7/28/2015 23:20,42213.97,1628.8,25.58,17.64
7/28/2015 23:30,42213.98,1628.4,25.58,17.64
7/28/2015 23:40,42213.99,1627.9,25.58,17.64
7/28/2015 23:50,42213.99,1627.4,25.58,17.64
7/29/2015 0:00,42214.00,1626.5,25.58,17.64
7/29/2015 0:10,42214.01,1625.3,25.57,17.66
7/29/2015 0:20,42214.01,1624.1,25.58,17.64
7/29/2015 0:30,42214.02,1622.6,25.58,17.64
7/29/2015 0:40,42214.03,1621,25.58,17.64
7/29/2015 0:50,42214.03,1619.1,25.58,17.64
7/29/2015 1:00,42214.04,1617.3,25.58,17.64
7/29/2015 1:10,42214.05,1614.9,25.58,17.64
7/29/2015 1:20,42214.06,1613.2,25.58,17.64
7/29/2015 1:30,42214.06,1610.7,25.58,17.64
7/29/2015 1:40,42214.07,1608.4,25.58,17.64
7/29/2015 1:50,42214.08,1606,25.58,17.64
7/29/2015 2:00,42214.08,1603.2,25.58,17.64
7/29/2015 2:10,42214.09,1600.8,25.58,17.64
7/29/2015 2:20,42214.10,1598.8,25.57,17.66
7/29/2015 2:30,42214.10,1596.8,25.57,17.66
7/29/2015 2:40,42214.11,1594.7,25.57,17.66
7/29/2015 2:50,42214.12,1592.6,25.58,17.64
7/29/2015 3:00,42214.13,1590.9,25.58,17.64
7/29/2015 3:10,42214.13,1589.5,25.58,17.64
7/29/2015 3:20,42214.14,1588.1,25.57,17.66
7/29/2015 3:30,42214.15,1586.9,25.58,17.64
7/29/2015 3:40,42214.15,1585.7,25.57,17.66
7/29/2015 3:50,42214.16,1584.3,25.57,17.66
7/29/2015 4:00,42214.17,1583.3,25.58,17.64
7/29/2015 4:10,42214.17,1582.1,25.58,17.64
7/29/2015 4:20,42214.18,1581.2,25.58,17.64
7/29/2015 4:30,42214.19,1580.1,25.58,17.64
7/29/2015 4:40,42214.19,1579.3,25.58,17.64
7/29/2015 4:50,42214.20,1578.6,25.57,17.66
7/29/2015 5:00,42214.21,1578.2,25.57,17.66
7/29/2015 5:10,42214.22,1578,25.58,17.64
7/29/2015 5:20,42214.22,1578.4,25.58,17.64
7/29/2015 5:30,42214.23,1578.7,25.58,17.64
7/29/2015 5:40,42214.24,1579.8,25.58,17.64
7/29/2015 5:50,42214.24,1581.2,25.57,17.66
7/29/2015 6:00,42214.25,1582.8,25.58,17.64
7/29/2015 6:10,42214.26,1584.5,25.58,17.64
7/29/2015 6:20,42214.26,1586.6,25.58,17.64
7/29/2015 6:30,42214.27,1588.1,25.58,17.64
7/29/2015 6:40,42214.28,1590.4,25.58,17.64
7/29/2015 6:50,42214.28,1592.6,25.58,17.64
7/29/2015 7:00,42214.29,1595.1,25.58,17.64
7/29/2015 7:10,42214.30,1597.4,25.58,17.64
7/29/2015 7:20,42214.31,1600.1,25.58,17.64
7/29/2015 7:30,42214.31,1602.5,25.58,17.64
7/29/2015 7:40,42214.32,1604.8,25.58,17.64
7/29/2015 7:50,42214.33,1607.6,25.58,17.64
7/29/2015 8:00,42214.33,1610.4,25.58,17.64
7/29/2015 8:10,42214.34,1613,25.58,17.64
7/29/2015 8:20,42214.35,1615.6,25.58,17.64
7/29/2015 8:30,42214.35,1618,25.58,17.64
7/29/2015 8:40,42214.36,1620.1,25.58,17.64
7/29/2015 8:50,42214.37,1621.9,25.58,17.64
7/29/2015 9:00,42214.38,1623.3,25.58,17.64
7/29/2015 9:10,42214.38,1624.5,25.58,17.64
7/29/2015 9:20,42214.39,1625.6,25.58,17.64
7/29/2015 9:30,42214.40,1626.5,25.58,17.64
7/29/2015 9:40,42214.40,1627,25.58,17.64
7/29/2015 9:50,42214.41,1628.3,25.58,17.64
7/29/2015 10:00,42214.42,1629.3,25.58,17.64
7/29/2015 10:10,42214.42,1629.5,25.58,17.64
7/29/2015 10:20,42214.43,1630.4,25.58,17.65
7/29/2015 10:30,42214.44,1631.1,25.58,17.65
7/29/2015 10:40,42214.44,1631.9,25.59,17.65
7/29/2015 10:50,42214.45,1632.6,25.58,17.64
7/29/2015 11:00,42214.46,1633.3,25.58,17.64
7/29/2015 11:10,42214.47,1633.6,25.58,17.64
7/29/2015 11:20,42214.47,1634,25.58,17.64
7/29/2015 11:30,42214.48,1633.6,25.58,17.64
7/29/2015 11:40,42214.49,1633.5,25.58,17.64
7/29/2015 11:50,42214.49,1633.2,25.58,17.64
7/29/2015 12:00,42214.50,1632.1,25.58,17.65
7/29/2015 12:10,42214.51,1631.2,25.58,17.64
7/29/2015 12:20,42214.51,1630.4,25.58,17.65
7/29/2015 12:30,42214.52,1629.5,25.58,17.64
7/29/2015 12:40,42214.53,1628.3,25.58,17.64
7/29/2015 12:50,42214.53,1627,25.58,17.64
7/29/2015 13:00,42214.54,1625.5,25.58,17.64
7/29/2015 13:10,42214.55,1624.3,25.58,17.64
7/29/2015 13:20,42214.56,1622.9,25.58,17.64
7/29/2015 13:30,42214.56,1621.3,25.58,17.64
7/29/2015 13:40,42214.57,1619.8,25.58,17.64
7/29/2015 13:50,42214.58,1618,25.58,17.64
7/29/2015 14:00,42214.58,1616.1,25.58,17.64
7/29/2015 14:10,42214.59,1614.4,25.58,17.64
7/29/2015 14:20,42214.60,1612.5,25.58,17.64
7/29/2015 14:30,42214.60,1610,25.57,17.66
7/29/2015 14:40,42214.61,1608,25.58,17.64
7/29/2015 14:50,42214.62,1605.5,25.58,17.64
7/29/2015 15:00,42214.63,1602.9,25.58,17.64
7/29/2015 15:10,42214.63,1600,25.58,17.64
7/29/2015 15:20,42214.64,1597.2,25.58,17.64
7/29/2015 15:30,42214.65,1594.6,25.58,17.64
7/29/2015 15:40,42214.65,1592.1,25.57,17.66
7/29/2015 15:50,42214.66,1590.2,25.58,17.64
7/29/2015 16:00,42214.67,1588.5,25.58,17.64
7/29/2015 16:10,42214.67,1586.9,25.58,17.64
7/29/2015 16:20,42214.68,1584.8,25.58,17.64
7/29/2015 16:30,42214.69,1583.1,25.57,17.66
7/29/2015 16:40,42214.69,1582.1,25.58,17.64
7/29/2015 16:50,42214.70,1581,25.58,17.64
7/29/2015 17:00,42214.71,1579.6,25.57,17.66
7/29/2015 17:10,42214.72,1580.3,25.57,17.66
7/29/2015 17:20,42214.72,1578.9,25.57,17.66
7/29/2015 17:30,42214.73,1578.7,25.57,17.66
7/29/2015 17:40,42214.74,1578.4,25.58,17.64
7/29/2015 17:50,42214.74,1579.3,25.58,17.64
7/29/2015 18:00,42214.75,1579.3,25.58,17.64
7/29/2015 18:10,42214.76,1580,25.58,17.64
7/29/2015 18:20,42214.76,1580.8,25.58,17.64
7/29/2015 18:30,42214.77,1581.9,25.58,17.64
7/29/2015 18:40,42214.78,1583.3,25.58,17.64
7/29/2015 18:50,42214.78,1584.6,25.58,17.64
7/29/2015 19:00,42214.79,1586.4,25.57,17.66
7/29/2015 19:10,42214.80,1588.7,25.58,17.64
7/29/2015 19:20,42214.81,1590.9,25.58,17.64
7/29/2015 19:30,42214.81,1593.2,25.58,17.64
7/29/2015 19:40,42214.82,1595.4,25.58,17.64
7/29/2015 19:50,42214.83,1597.9,25.58,17.64
7/29/2015 20:00,42214.83,1600.1,25.58,17.64
7/29/2015 20:10,42214.84,1602.4,25.58,17.64
7/29/2015 20:20,42214.85,1604.5,25.58,17.64
7/29/2015 20:30,42214.85,1606.7,25.58,17.64
7/29/2015 20:40,42214.86,1609,25.58,17.64
7/29/2015 20:50,42214.87,1611.6,25.58,17.64
7/29/2015 21:00,42214.88,1614,25.58,17.64
7/29/2015 21:10,42214.88,1616.3,25.58,17.64
7/29/2015 21:20,42214.89,1618.5,25.58,17.64
7/29/2015 21:30,42214.90,1620.3,25.58,17.64
7/29/2015 21:40,42214.90,1622,25.58,17.64
7/29/2015 21:50,42214.91,1623.3,25.58,17.64
7/29/2015 22:00,42214.92,1624.3,25.58,17.64
7/29/2015 22:10,42214.92,1625.3,25.58,17.64
7/29/2015 22:20,42214.93,1626.2,25.58,17.64
7/29/2015 22:30,42214.94,1626.9,25.58,17.64
7/29/2015 22:40,42214.94,1627.4,25.58,17.64
7/29/2015 22:50,42214.95,1627.4,25.58,17.64
7/29/2015 23:00,42214.96,1627.6,25.58,17.64
7/29/2015 23:10,42214.97,1628.3,25.58,17.64
7/29/2015 23:20,42214.97,1628.3,25.58,17.64
7/29/2015 23:30,42214.98,1628.8,25.58,17.64
7/29/2015 23:40,42214.99,1629.1,25.58,17.64
7/29/2015 23:50,42214.99,1629.7,25.58,17.64
7/30/2015 0:00,42215.00,1629.1,25.58,17.64
7/30/2015 0:10,42215.01,1629.1,25.58,17.64
7/30/2015 0:20,42215.01,1629,25.58,17.64
7/30/2015 0:30,42215.02,1628.3,25.58,17.64
7/30/2015 0:40,42215.03,1627.6,25.58,17.64
7/30/2015 0:50,42215.03,1626.5,25.58,17.64
7/30/2015 1:00,42215.04,1625.3,25.58,17.64
7/30/2015 1:10,42215.05,1623.8,25.58,17.64
7/30/2015 1:20,42215.06,1621.9,25.59,17.65
7/30/2015 1:30,42215.06,1619.9,25.58,17.64
7/30/2015 1:40,42215.07,1617.8,25.58,17.64
7/30/2015 1:50,42215.08,1615.8,25.58,17.64
7/30/2015 2:00,42215.08,1613.7,25.58,17.64
7/30/2015 2:10,42215.09,1611.6,25.58,17.64
7/30/2015 2:20,42215.10,1609.3,25.57,17.66
7/30/2015 2:30,42215.10,1606.7,25.58,17.64
7/30/2015 2:40,42215.11,1604.1,25.58,17.64
7/30/2015 2:50,42215.12,1601.7,25.57,17.66
7/30/2015 3:00,42215.13,1598.9,25.58,17.64
7/30/2015 3:10,42215.13,1596.1,25.58,17.64
7/30/2015 3:20,42215.14,1593.9,25.58,17.64
7/30/2015 3:30,42215.15,1591.5,25.58,17.64
7/30/2015 3:40,42215.15,1589.4,25.58,17.64
7/30/2015 3:50,42215.16,1587.3,25.58,17.64
7/30/2015 4:00,42215.17,1585.3,25.58,17.64
7/30/2015 4:10,42215.17,1583.3,25.57,17.66
7/30/2015 4:20,42215.18,1582.2,25.58,17.64
7/30/2015 4:30,42215.19,1580.7,25.58,17.64
7/30/2015 4:40,42215.19,1578.9,25.58,17.64
7/30/2015 4:50,42215.20,1578,25.58,17.64
7/30/2015 5:00,42215.21,1577.2,25.57,17.66
7/30/2015 5:10,42215.22,1576.1,25.58,17.64
7/30/2015 5:20,42215.22,1575.2,25.58,17.64
7/30/2015 5:30,42215.23,1574.4,25.57,17.66
7/30/2015 5:40,42215.24,1573.9,25.58,17.64
7/30/2015 5:50,42215.24,1573.6,25.58,17.64
7/30/2015 6:00,42215.25,1573.4,25.58,17.64
7/30/2015 6:10,42215.26,1573.7,25.58,17.64
7/30/2015 6:20,42215.26,1574.1,25.58,17.64
7/30/2015 6:30,42215.27,1575,25.58,17.64
7/30/2015 6:40,42215.28,1576.5,25.58,17.64
7/30/2015 6:50,42215.28,1578.2,25.58,17.64
7/30/2015 7:00,42215.29,1580.1,25.58,17.64
7/30/2015 7:10,42215.30,1582.4,25.58,17.64
7/30/2015 7:20,42215.31,1584.6,25.58,17.64
7/30/2015 7:30,42215.31,1587.4,25.58,17.64
7/30/2015 7:40,42215.32,1590.2,25.58,17.64
7/30/2015 7:50,42215.33,1593.2,25.58,17.64
7/30/2015 8:00,42215.33,1596.3,25.58,17.64
7/30/2015 8:10,42215.34,1599.5,25.58,17.64
7/30/2015 8:20,42215.35,1602.4,25.58,17.64
7/30/2015 8:30,42215.35,1605,25.58,17.64
7/30/2015 8:40,42215.36,1607.6,25.58,17.64
7/30/2015 8:50,42215.37,1610.7,25.58,17.64
7/30/2015 9:00,42215.38,1613.7,25.58,17.64
7/30/2015 9:10,42215.38,1616.8,25.58,17.64
7/30/2015 9:20,42215.39,1619.8,25.58,17.65
7/30/2015 9:30,42215.40,1622,25.59,17.65
7/30/2015 9:40,42215.40,1624.1,25.58,17.64
7/30/2015 9:50,42215.41,1625.6,25.58,17.64
7/30/2015 10:00,42215.42,1627,25.58,17.64
7/30/2015 10:10,42215.42,1628.4,25.58,17.64
7/30/2015 10:20,42215.43,1630,25.58,17.64
7/30/2015 10:30,42215.44,1631.8,25.58,17.64
7/30/2015 10:40,42215.44,1633.2,25.58,17.64
7/30/2015 10:50,42215.45,1635,25.58,17.65
7/30/2015 11:00,42215.46,1637,25.58,17.64
7/30/2015 11:10,42215.47,1638.7,25.58,17.64
7/30/2015 11:20,42215.47,1639.9,25.58,17.65
7/30/2015 11:30,42215.48,1641.5,25.58,17.65
7/30/2015 11:40,42215.49,1642.5,25.58,17.64
7/30/2015 11:50,42215.49,1643.4,25.59,17.65
7/30/2015 12:00,42215.50,1643.9,25.59,17.65
7/30/2015 12:10,42215.51,1644.1,25.58,17.65
7/30/2015 12:20,42215.51,1644.4,25.58,17.65
7/30/2015 12:30,42215.52,1644.3,25.59,17.65
7/30/2015 12:40,42215.53,1643.6,25.58,17.64
7/30/2015 12:50,42215.53,1642.5,25.58,17.65
7/30/2015 13:00,42215.54,1640.6,25.58,17.64
7/30/2015 13:10,42215.55,1638.5,25.58,17.64
7/30/2015 13:20,42215.56,1635.9,25.58,17.64
7/30/2015 13:30,42215.56,1633.2,25.58,17.64
7/30/2015 13:40,42215.57,1630.4,25.58,17.64
7/30/2015 13:50,42215.58,1627.9,25.58,17.64
7/30/2015 14:00,42215.58,1625.5,25.58,17.64
7/30/2015 14:10,42215.59,1623.6,25.58,17.64
7/30/2015 14:20,42215.60,1621.7,25.58,17.64
7/30/2015 14:30,42215.60,1620.1,25.58,17.64
7/30/2015 14:40,42215.61,1617.7,25.58,17.64
7/30/2015 14:50,42215.62,1615.4,25.58,17.64
7/30/2015 15:00,42215.63,1613.7,25.58,17.64
7/30/2015 15:10,42215.63,1611.8,25.58,17.64
7/30/2015 15:20,42215.64,1609.8,25.58,17.64
7/30/2015 15:30,42215.65,1607.6,25.58,17.64
7/30/2015 15:40,42215.65,1605,25.58,17.64
7/30/2015 15:50,42215.66,1602,25.58,17.64
7/30/2015 16:00,42215.67,1599.3,25.58,17.64
7/30/2015 16:10,42215.67,1596.3,25.58,17.64
7/30/2015 16:20,42215.68,1593.7,25.58,17.64
7/30/2015 16:30,42215.69,1591.1,25.58,17.64
7/30/2015 16:40,42215.69,1588.5,25.58,17.64
7/30/2015 16:50,42215.70,1586,25.58,17.64
7/30/2015 17:00,42215.71,1584.1,25.58,17.64
7/30/2015 17:10,42215.72,1581.9,25.58,17.64
7/30/2015 17:20,42215.72,1580,25.58,17.64
7/30/2015 17:30,42215.73,1578,25.58,17.64
7/30/2015 17:40,42215.74,1576.8,25.58,17.64
7/30/2015 17:50,42215.74,1575.8,25.58,17.64
7/30/2015 18:00,42215.75,1575.1,25.58,17.64
7/30/2015 18:10,42215.76,1574.4,25.57,17.66
7/30/2015 18:20,42215.76,1573.7,25.58,17.64
7/30/2015 18:30,42215.77,1573.6,25.58,17.64
7/30/2015 18:40,42215.78,1573.4,25.58,17.64
7/30/2015 18:50,42215.78,1573.2,25.58,17.64
7/30/2015 19:00,42215.79,1573.4,25.58,17.64
7/30/2015 19:10,42215.80,1574.1,25.58,17.64
7/30/2015 19:20,42215.81,1575.1,25.58,17.64
7/30/2015 19:30,42215.81,1576.3,25.58,17.64
7/30/2015 19:40,42215.82,1578.4,25.58,17.64
7/30/2015 19:50,42215.83,1580.7,25.58,17.64
7/30/2015 20:00,42215.83,1583.3,25.58,17.64
7/30/2015 20:10,42215.84,1586,25.58,17.64
7/30/2015 20:20,42215.85,1589,25.58,17.64
7/30/2015 20:30,42215.85,1591.9,25.58,17.64
7/30/2015 20:40,42215.86,1595.1,25.58,17.64
7/30/2015 20:50,42215.87,1598.2,25.58,17.64
7/30/2015 21:00,42215.88,1601.1,25.58,17.64
7/30/2015 21:10,42215.88,1604.3,25.58,17.65
7/30/2015 21:20,42215.89,1607.4,25.59,17.65
7/30/2015 21:30,42215.90,1609.7,25.58,17.65
7/30/2015 21:40,42215.90,1612.8,25.58,17.65
7/30/2015 21:50,42215.91,1615.6,25.59,17.65
7/30/2015 22:00,42215.92,1618.4,25.59,17.65
7/30/2015 22:10,42215.92,1621.2,25.59,17.65
7/30/2015 22:20,42215.93,1623.4,25.58,17.65
7/30/2015 22:30,42215.94,1625.1,25.58,17.65
7/30/2015 22:40,42215.94,1626.2,25.58,17.65
7/30/2015 22:50,42215.95,1627.4,25.58,17.65
7/30/2015 23:00,42215.96,1628.3,25.58,17.65
7/30/2015 23:10,42215.97,1630,25.58,17.65
7/30/2015 23:20,42215.97,1631.2,25.58,17.65
7/30/2015 23:30,42215.98,1632.1,25.58,17.65
7/30/2015 23:40,42215.99,1633.5,25.58,17.65
7/30/2015 23:50,42215.99,1634.7,25.59,17.65
7/31/2015 0:00,42216.00,1635.6,25.58,17.65
7/31/2015 0:10,42216.01,1636.1,25.58,17.65
7/31/2015 0:20,42216.01,1636.8,25.59,17.65
7/31/2015 0:30,42216.02,1637.1,25.59,17.65
7/31/2015 0:40,42216.03,1637.1,25.59,17.65
7/31/2015 0:50,42216.03,1636.8,25.59,17.65
7/31/2015 1:00,42216.04,1635.6,25.59,17.65
7/31/2015 1:10,42216.05,1633.6,25.59,17.65
7/31/2015 1:20,42216.06,1631.8,25.59,17.65
7/31/2015 1:30,42216.06,1630.4,25.59,17.65
7/31/2015 1:40,42216.07,1628.8,25.59,17.65
7/31/2015 1:50,42216.08,1626.7,25.59,17.65
7/31/2015 2:00,42216.08,1624.8,25.58,17.65
7/31/2015 2:10,42216.09,1622.9,25.58,17.65
7/31/2015 2:20,42216.10,1621,25.58,17.64
7/31/2015 2:30,42216.10,1619.1,25.58,17.64
7/31/2015 2:40,42216.11,1616.8,25.58,17.64
7/31/2015 2:50,42216.12,1614.9,25.58,17.64
7/31/2015 3:00,42216.13,1612.6,25.58,17.64
7/31/2015 3:10,42216.13,1610.2,25.58,17.64
7/31/2015 3:20,42216.14,1608,25.58,17.64
7/31/2015 3:30,42216.15,1605.3,25.58,17.64
7/31/2015 3:40,42216.15,1602.9,25.58,17.64
7/31/2015 3:50,42216.16,1599.8,25.58,17.65
7/31/2015 4:00,42216.17,1596.7,25.58,17.64
7/31/2015 4:10,42216.17,1593.5,25.58,17.64
7/31/2015 4:20,42216.18,1590.8,25.58,17.64
7/31/2015 4:30,42216.19,1587.8,25.58,17.64
7/31/2015 4:40,42216.19,1585.3,25.58,17.64
7/31/2015 4:50,42216.20,1583.3,25.58,17.64
7/31/2015 5:00,42216.21,1581.2,25.58,17.64
7/31/2015 5:10,42216.22,1579.4,25.58,17.64
7/31/2015 5:20,42216.22,1578,25.58,17.64
7/31/2015 5:30,42216.23,1576.5,25.58,17.64
7/31/2015 5:40,42216.24,1575.2,25.58,17.64
7/31/2015 5:50,42216.24,1574.1,25.58,17.64
7/31/2015 6:00,42216.25,1572.9,25.58,17.64
7/31/2015 6:10,42216.26,1572,25.58,17.64
7/31/2015 6:20,42216.26,1571.3,25.58,17.64
7/31/2015 6:30,42216.27,1570.8,25.58,17.64
7/31/2015 6:40,42216.28,1570.2,25.58,17.64
7/31/2015 6:50,42216.28,1570.1,25.58,17.64
7/31/2015 7:00,42216.29,1570.1,25.58,17.64
7/31/2015 7:10,42216.30,1570.6,25.58,17.64
7/31/2015 7:20,42216.31,1571.8,25.58,17.64
7/31/2015 7:30,42216.31,1573,25.58,17.64
7/31/2015 7:40,42216.32,1574.6,25.58,17.64
7/31/2015 7:50,42216.33,1577,25.58,17.64
7/31/2015 8:00,42216.33,1579.4,25.58,17.64
7/31/2015 8:10,42216.34,1581.9,25.58,17.64
7/31/2015 8:20,42216.35,1584.8,25.58,17.64
7/31/2015 8:30,42216.35,1588.3,25.58,17.64
7/31/2015 8:40,42216.36,1591.8,25.58,17.64
7/31/2015 8:50,42216.37,1595.8,25.58,17.64
7/31/2015 9:00,42216.38,1599.3,25.58,17.64
7/31/2015 9:10,42216.38,1602.9,25.59,17.65
7/31/2015 9:20,42216.39,1606,25.58,17.64
7/31/2015 9:30,42216.40,1609.3,25.58,17.65
7/31/2015 9:40,42216.40,1612.3,25.58,17.65
7/31/2015 9:50,42216.41,1615.4,25.58,17.64
7/31/2015 10:00,42216.42,1618.5,25.58,17.64
7/31/2015 10:10,42216.42,1621.9,25.58,17.65
7/31/2015 10:20,42216.43,1624.8,25.58,17.65
7/31/2015 10:30,42216.44,1627.2,25.58,17.65
7/31/2015 10:40,42216.44,1629.7,25.58,17.64
7/31/2015 10:50,42216.45,1631.4,25.58,17.65
7/31/2015 11:00,42216.46,1633.2,25.58,17.65
7/31/2015 11:10,42216.47,1635,25.58,17.65
7/31/2015 11:20,42216.47,1637.8,25.58,17.65
7/31/2015 11:30,42216.48,1640.5,25.59,17.65
7/31/2015 11:40,42216.49,1642.7,25.58,17.65
7/31/2015 11:50,42216.49,1644.6,25.58,17.65
7/31/2015 12:00,42216.50,1646.7,25.58,17.65
7/31/2015 12:10,42216.51,1648.6,25.59,17.65
7/31/2015 12:20,42216.51,1650.3,25.59,17.65
7/31/2015 12:30,42216.52,1651.4,25.58,17.65
7/31/2015 12:40,42216.53,1652.4,25.58,17.65
7/31/2015 12:50,42216.53,1653.3,25.59,17.65
7/31/2015 13:00,42216.54,1653.5,25.59,17.65
7/31/2015 13:10,42216.55,1653.8,25.59,17.65
7/31/2015 13:20,42216.56,1653.3,25.58,17.65
7/31/2015 13:30,42216.56,1652.6,25.58,17.65
7/31/2015 13:40,42216.57,1651.2,25.58,17.65
7/31/2015 13:50,42216.58,1649.3,25.59,17.65
7/31/2015 14:00,42216.58,1646.7,25.58,17.65
7/31/2015 14:10,42216.59,1643.9,25.58,17.65
7/31/2015 14:20,42216.60,1640.3,25.58,17.65
7/31/2015 14:30,42216.60,1636.4,25.58,17.64
7/31/2015 14:40,42216.61,1632.3,25.58,17.65
7/31/2015 14:50,42216.62,1629.1,25.58,17.64
7/31/2015 15:00,42216.63,1626.3,25.58,17.64
7/31/2015 15:10,42216.63,1623.6,25.58,17.64
7/31/2015 15:20,42216.64,1621,25.58,17.64
7/31/2015 15:30,42216.65,1618.7,25.58,17.65
7/31/2015 15:40,42216.65,1616.8,25.58,17.64
7/31/2015 15:50,42216.66,1614.9,25.58,17.64
7/31/2015 16:00,42216.67,1613.2,25.58,17.64
7/31/2015 16:10,42216.67,1610.5,25.58,17.64
7/31/2015 16:20,42216.68,1608.4,25.58,17.64
7/31/2015 16:30,42216.69,1606,25.58,17.64
7/31/2015 16:40,42216.69,1603.9,25.58,17.64
7/31/2015 16:50,42216.70,1601.1,25.58,17.64
7/31/2015 17:00,42216.71,1598.4,25.58,17.64
7/31/2015 17:10,42216.72,1595.6,25.58,17.64
7/31/2015 17:20,42216.72,1592.8,25.58,17.64
7/31/2015 17:30,42216.73,1589.9,25.58,17.64
7/31/2015 17:40,42216.74,1587.4,25.58,17.64
7/31/2015 17:50,42216.74,1584.8,25.58,17.64
7/31/2015 18:00,42216.75,1582.6,25.58,17.64
7/31/2015 18:10,42216.76,1580.3,25.58,17.64
7/31/2015 18:20,42216.76,1578.7,25.58,17.65
7/31/2015 18:30,42216.77,1577,25.58,17.64
7/31/2015 18:40,42216.78,1575.9,25.58,17.64
7/31/2015 18:50,42216.78,1574.8,25.58,17.64
7/31/2015 19:00,42216.79,1573.7,25.59,17.65
7/31/2015 19:10,42216.80,1572.9,25.58,17.64
7/31/2015 19:20,42216.81,1572.7,25.58,17.64
7/31/2015 19:30,42216.81,1572.7,25.58,17.64
7/31/2015 19:40,42216.82,1572.5,25.58,17.64
7/31/2015 19:50,42216.83,1573,25.58,17.64
7/31/2015 20:00,42216.83,1574.1,25.58,17.64
7/31/2015 20:10,42216.84,1575.4,25.58,17.64
7/31/2015 20:20,42216.85,1577.3,25.58,17.64
7/31/2015 20:30,42216.85,1579.3,25.58,17.64
7/31/2015 20:40,42216.86,1582.1,25.58,17.64
7/31/2015 20:50,42216.87,1584.8,25.58,17.64
7/31/2015 21:00,42216.88,1588,25.58,17.64
7/31/2015 21:10,42216.88,1591.3,25.58,17.64
7/31/2015 21:20,42216.89,1595.1,25.58,17.65
7/31/2015 21:30,42216.90,1599.1,25.58,17.65
7/31/2015 21:40,42216.90,1602.9,25.58,17.64
7/31/2015 21:50,42216.91,1606.4,25.58,17.65
7/31/2015 22:00,42216.92,1609.5,25.58,17.65
7/31/2015 22:10,42216.92,1612.6,25.58,17.65
7/31/2015 22:20,42216.93,1615.3,25.59,17.65
7/31/2015 22:30,42216.94,1618.2,25.59,17.65
7/31/2015 22:40,42216.94,1621.2,25.58,17.65
7/31/2015 22:50,42216.95,1624,25.59,17.65
7/31/2015 23:00,42216.96,1626.5,25.59,17.65
7/31/2015 23:10,42216.97,1628.6,25.59,17.65
7/31/2015 23:20,42216.97,1630.5,25.59,17.65
7/31/2015 23:30,42216.98,1632.3,25.58,17.65
7/31/2015 23:40,42216.99,1633.6,25.58,17.65
7/31/2015 23:50,42216.99,1635.4,25.59,17.65
8/1/2015 0:00,42217.00,1637.5,25.59,17.65
8/1/2015 0:10,42217.01,1639.8,25.59,17.65
8/1/2015 0:20,42217.01,1641.6,25.59,17.65
8/1/2015 0:30,42217.02,1643,25.59,17.65
8/1/2015 0:40,42217.03,1645,25.58,17.65
8/1/2015 0:50,42217.03,1646,25.59,17.65
8/1/2015 1:00,42217.04,1646.9,25.58,17.65
8/1/2015 1:10,42217.05,1647.9,25.58,17.65
8/1/2015 1:20,42217.06,1648.3,25.58,17.65
8/1/2015 1:30,42217.06,1648.3,25.59,17.65
8/1/2015 1:40,42217.07,1647.9,25.58,17.65
8/1/2015 1:50,42217.08,1646.9,25.59,17.65
8/1/2015 2:00,42217.08,1645.5,25.59,17.65
8/1/2015 2:10,42217.09,1643.2,25.59,17.65
8/1/2015 2:20,42217.10,1640.3,25.59,17.65
8/1/2015 2:30,42217.10,1637.1,25.58,17.65
8/1/2015 2:40,42217.11,1633.6,25.59,17.65
8/1/2015 2:50,42217.12,1630.9,25.59,17.65
8/1/2015 3:00,42217.13,1627.7,25.59,17.65
8/1/2015 3:10,42217.13,1624.8,25.59,17.64
8/1/2015 3:20,42217.14,1622.7,25.59,17.65
8/1/2015 3:30,42217.15,1619.9,25.59,17.65
8/1/2015 3:40,42217.15,1618.2,25.58,17.65
8/1/2015 3:50,42217.16,1616.1,25.58,17.65
8/1/2015 4:00,42217.17,1614,25.58,17.65
8/1/2015 4:10,42217.17,1611.9,25.58,17.65
8/1/2015 4:20,42217.18,1609.7,25.58,17.65
8/1/2015 4:30,42217.19,1607.1,25.59,17.65
8/1/2015 4:40,42217.19,1604.6,25.58,17.65
8/1/2015 4:50,42217.20,1602,25.58,17.64
8/1/2015 5:00,42217.21,1599.1,25.58,17.65
8/1/2015 5:10,42217.22,1595.8,25.58,17.64
8/1/2015 5:20,42217.22,1592.8,25.58,17.64
8/1/2015 5:30,42217.23,1589.7,25.58,17.64
8/1/2015 5:40,42217.24,1586.9,25.58,17.64
8/1/2015 5:50,42217.24,1584.6,25.58,17.64
8/1/2015 6:00,42217.25,1582.4,25.58,17.64
8/1/2015 6:10,42217.26,1580.5,25.58,17.64
8/1/2015 6:20,42217.26,1578.6,25.58,17.64
8/1/2015 6:30,42217.27,1577.2,25.58,17.64
8/1/2015 6:40,42217.28,1575.6,25.58,17.64
8/1/2015 6:50,42217.28,1574.4,25.58,17.64
8/1/2015 7:00,42217.29,1573.6,25.58,17.64
8/1/2015 7:10,42217.30,1572.7,25.58,17.64
8/1/2015 7:20,42217.31,1572.2,25.58,17.64
8/1/2015 7:30,42217.31,1571.5,25.58,17.64
8/1/2015 7:40,42217.32,1571.5,25.58,17.64
8/1/2015 7:50,42217.33,1571.8,25.58,17.64
8/1/2015 8:00,42217.33,1572.5,25.58,17.64
8/1/2015 8:10,42217.34,1573.9,25.58,17.64
8/1/2015 8:20,42217.35,1575.8,25.58,17.64
8/1/2015 8:30,42217.35,1578.4,25.58,17.64
8/1/2015 8:40,42217.36,1581,25.58,17.64
8/1/2015 8:50,42217.37,1583.9,25.58,17.64
8/1/2015 9:00,42217.38,1586.9,25.58,17.64
8/1/2015 9:10,42217.38,1590.9,25.58,17.64
8/1/2015 9:20,42217.39,1594.9,25.58,17.65
8/1/2015 9:30,42217.40,1599.1,25.58,17.64
8/1/2015 9:40,42217.40,1603.1,25.58,17.65
8/1/2015 9:50,42217.41,1607.3,25.58,17.65
8/1/2015 10:00,42217.42,1610.9,25.58,17.65
8/1/2015 10:10,42217.42,1614.4,25.58,17.65
8/1/2015 10:20,42217.43,1618,25.58,17.64
8/1/2015 10:30,42217.44,1621,25.58,17.64
8/1/2015 10:40,42217.44,1624.5,25.58,17.65
8/1/2015 10:50,42217.45,1627.6,25.58,17.65
8/1/2015 11:00,42217.46,1632.3,25.58,17.65
8/1/2015 11:10,42217.47,1635,25.58,17.64
8/1/2015 11:20,42217.47,1636.6,25.58,17.65
8/1/2015 11:30,42217.48,1638.4,25.59,17.65
8/1/2015 11:40,42217.49,1641.2,25.59,17.65
8/1/2015 11:50,42217.49,1643.6,25.59,17.65
8/1/2015 12:00,42217.50,1647.2,25.58,17.65
8/1/2015 12:10,42217.51,1650.1,25.59,17.65
8/1/2015 12:20,42217.51,1653.5,25.59,17.65
8/1/2015 12:30,42217.52,1656.3,25.59,17.65
8/1/2015 12:40,42217.53,1659,25.59,17.65
8/1/2015 12:50,42217.53,1660.8,25.59,17.65
8/1/2015 13:00,42217.54,1662.7,25.59,17.65
8/1/2015 13:10,42217.55,1664.4,25.58,17.64
8/1/2015 13:20,42217.56,1665.8,25.58,17.65
8/1/2015 13:30,42217.56,1666.7,25.59,17.65
8/1/2015 13:40,42217.57,1667.2,25.59,17.65
8/1/2015 13:50,42217.58,1667.5,25.59,17.64
8/1/2015 14:00,42217.58,1667.4,25.58,17.64
8/1/2015 14:10,42217.59,1667,25.59,17.64
8/1/2015 14:20,42217.60,1666,25.59,17.65
8/1/2015 14:30,42217.60,1664.6,25.59,17.65
8/1/2015 14:40,42217.61,1662.7,25.59,17.65
8/1/2015 14:50,42217.62,1660.4,25.58,17.64
8/1/2015 15:00,42217.63,1657.5,25.59,17.65
8/1/2015 15:10,42217.63,1654.3,25.59,17.65
8/1/2015 15:20,42217.64,1650.1,25.58,17.65
8/1/2015 15:30,42217.65,1645.1,25.58,17.64
8/1/2015 15:40,42217.65,1639.4,25.59,17.65
8/1/2015 15:50,42217.66,1634.9,25.58,17.65
8/1/2015 16:00,42217.67,1631.8,25.58,17.64
8/1/2015 16:10,42217.67,1628.6,25.58,17.65
8/1/2015 16:20,42217.68,1625.8,25.58,17.65
8/1/2015 16:30,42217.69,1622.9,25.58,17.64
8/1/2015 16:40,42217.69,1620.1,25.58,17.64
8/1/2015 16:50,42217.70,1618.2,25.58,17.64
8/1/2015 17:00,42217.71,1616.5,25.58,17.64
8/1/2015 17:10,42217.72,1614.6,25.58,17.64
8/1/2015 17:20,42217.72,1612.6,25.58,17.65
8/1/2015 17:30,42217.73,1610.2,25.58,17.64
8/1/2015 17:40,42217.74,1608,25.58,17.64
8/1/2015 17:50,42217.74,1605.5,25.58,17.64
8/1/2015 18:00,42217.75,1603.2,25.58,17.64
8/1/2015 18:10,42217.76,1600.1,25.58,17.64
8/1/2015 18:20,42217.76,1597,25.59,17.65
8/1/2015 18:30,42217.77,1594.4,25.58,17.65
8/1/2015 18:40,42217.78,1591.6,25.58,17.65
8/1/2015 18:50,42217.78,1588.8,25.58,17.64
8/1/2015 19:00,42217.79,1586.2,25.58,17.64
8/1/2015 19:10,42217.80,1583.8,25.59,17.65
8/1/2015 19:20,42217.81,1581.7,25.59,17.65
8/1/2015 19:30,42217.81,1580,25.59,17.65
8/1/2015 19:40,42217.82,1578.2,25.58,17.64
8/1/2015 19:50,42217.83,1577,25.58,17.64
8/1/2015 20:00,42217.83,1575.8,25.58,17.64
8/1/2015 20:10,42217.84,1575.2,25.58,17.64
8/1/2015 20:20,42217.85,1574.6,25.58,17.64
8/1/2015 20:30,42217.85,1575,25.58,17.64
8/1/2015 20:40,42217.86,1575.1,25.58,17.64
8/1/2015 20:50,42217.87,1575.9,25.58,17.64
8/1/2015 21:00,42217.88,1577.7,25.58,17.64
8/1/2015 21:10,42217.88,1579.6,25.58,17.64
8/1/2015 21:20,42217.89,1582.4,25.59,17.64
8/1/2015 21:30,42217.90,1584.8,25.58,17.64
8/1/2015 21:40,42217.90,1588,25.58,17.64
8/1/2015 21:50,42217.91,1591.5,25.58,17.64
8/1/2015 22:00,42217.92,1595.4,25.58,17.64
8/1/2015 22:10,42217.92,1599.5,25.58,17.64
8/1/2015 22:20,42217.93,1603.4,25.58,17.64
8/1/2015 22:30,42217.94,1608,25.59,17.64
8/1/2015 22:40,42217.94,1611.8,25.59,17.65
8/1/2015 22:50,42217.95,1615.4,25.59,17.64
8/1/2015 23:00,42217.96,1618.5,25.59,17.64
8/1/2015 23:10,42217.97,1621.5,25.59,17.65
8/1/2015 23:20,42217.97,1624.8,25.59,17.65
8/1/2015 23:30,42217.98,1627.9,25.58,17.64
8/1/2015 23:40,42217.99,1630.9,25.58,17.65
8/1/2015 23:50,42217.99,1634.9,25.59,17.65
8/2/2015 0:00,42218.00,1637.8,25.59,17.65
8/2/2015 0:10,42218.01,1639.2,25.59,17.65
8/2/2015 0:20,42218.01,1641,25.59,17.65
8/2/2015 0:30,42218.02,1642.9,25.59,17.65
8/2/2015 0:40,42218.03,1645.3,25.59,17.65
8/2/2015 0:50,42218.03,1647.4,25.59,17.65
8/2/2015 1:00,42218.04,1649.7,25.59,17.65
8/2/2015 1:10,42218.05,1652.1,25.59,17.65
8/2/2015 1:20,42218.06,1654.9,25.59,17.65
8/2/2015 1:30,42218.06,1656.4,25.58,17.65
8/2/2015 1:40,42218.07,1658,25.59,17.65
8/2/2015 1:50,42218.08,1659.2,25.59,17.65
8/2/2015 2:00,42218.08,1659.7,25.59,17.65
8/2/2015 2:10,42218.09,1660.2,25.59,17.65
8/2/2015 2:20,42218.10,1660.4,25.59,17.65
8/2/2015 2:30,42218.10,1660.2,25.59,17.65
8/2/2015 2:40,42218.11,1659.4,25.59,17.65
8/2/2015 2:50,42218.12,1658,25.59,17.65
8/2/2015 3:00,42218.13,1656.1,25.59,17.65
8/2/2015 3:10,42218.13,1653.8,25.59,17.65
8/2/2015 3:20,42218.14,1650.1,25.59,17.65
8/2/2015 3:30,42218.15,1646,25.59,17.65
8/2/2015 3:40,42218.15,1641,25.59,17.65
8/2/2015 3:50,42218.16,1637,25.59,17.65
8/2/2015 4:00,42218.17,1633.6,25.59,17.65
8/2/2015 4:10,42218.17,1630.9,25.59,17.65
8/2/2015 4:20,42218.18,1627.9,25.59,17.65
8/2/2015 4:30,42218.19,1625,25.58,17.65
8/2/2015 4:40,42218.19,1622.7,25.58,17.65
8/2/2015 4:50,42218.20,1620.5,25.58,17.64
8/2/2015 5:00,42218.21,1618.4,25.58,17.64
8/2/2015 5:10,42218.22,1616.5,25.59,17.65
8/2/2015 5:20,42218.22,1614.6,25.58,17.64
8/2/2015 5:30,42218.23,1612.1,25.58,17.64
8/2/2015 5:40,42218.24,1610,25.59,17.64
8/2/2015 5:50,42218.24,1607.4,25.59,17.65
8/2/2015 6:00,42218.25,1604.6,25.58,17.65
8/2/2015 6:10,42218.26,1601.7,25.58,17.64
8/2/2015 6:20,42218.26,1598.8,25.58,17.64
8/2/2015 6:30,42218.27,1596.3,25.58,17.64
8/2/2015 6:40,42218.28,1593.5,25.58,17.64
8/2/2015 6:50,42218.28,1590.6,25.58,17.65
8/2/2015 7:00,42218.29,1588,25.59,17.65
8/2/2015 7:10,42218.30,1585.5,25.58,17.64
8/2/2015 7:20,42218.31,1583.4,25.58,17.64
8/2/2015 7:30,42218.31,1581.5,25.59,17.64
8/2/2015 7:40,42218.32,1579.6,25.58,17.64
8/2/2015 7:50,42218.33,1578,25.58,17.64
8/2/2015 8:00,42218.33,1577,25.58,17.64
8/2/2015 8:10,42218.34,1576.3,25.58,17.64
8/2/2015 8:20,42218.35,1575.8,25.58,17.64
8/2/2015 8:30,42218.35,1575.6,25.59,17.64
8/2/2015 8:40,42218.36,1575.9,25.59,17.65
8/2/2015 8:50,42218.37,1577.2,25.58,17.64
8/2/2015 9:00,42218.38,1578.9,25.58,17.64
8/2/2015 9:10,42218.38,1581,25.58,17.64
8/2/2015 9:20,42218.39,1583.6,25.58,17.64
8/2/2015 9:30,42218.40,1586.4,25.58,17.64
8/2/2015 9:40,42218.40,1589.7,25.58,17.64
8/2/2015 9:50,42218.41,1593,25.58,17.64
8/2/2015 10:00,42218.42,1597,25.59,17.65
8/2/2015 10:10,42218.42,1601.3,25.59,17.65
8/2/2015 10:20,42218.43,1605.7,25.59,17.65
8/2/2015 10:30,42218.44,1610.4,25.59,17.65
8/2/2015 10:40,42218.44,1614.4,25.59,17.65
8/2/2015 10:50,42218.45,1618,25.59,17.65
8/2/2015 11:00,42218.46,1621.5,25.59,17.65
8/2/2015 11:10,42218.47,1624.7,25.59,17.64
8/2/2015 11:20,42218.47,1627.9,25.59,17.65
8/2/2015 11:30,42218.48,1631.4,25.59,17.65
8/2/2015 11:40,42218.49,1635.2,25.59,17.65
8/2/2015 11:50,42218.49,1638.9,25.59,17.65
8/2/2015 12:00,42218.50,1641.8,25.59,17.65
8/2/2015 12:10,42218.51,1643.9,25.59,17.65
8/2/2015 12:20,42218.51,1646.2,25.59,17.65
8/2/2015 12:30,42218.52,1648.5,25.59,17.65
8/2/2015 12:40,42218.53,1651,25.59,17.65
8/2/2015 12:50,42218.53,1654.7,25.59,17.65
8/2/2015 13:00,42218.54,1658,25.59,17.65
8/2/2015 13:10,42218.55,1661.6,25.59,17.65
8/2/2015 13:20,42218.56,1664.1,25.59,17.65
8/2/2015 13:30,42218.56,1666.4,25.59,17.65
8/2/2015 13:40,42218.57,1668.1,25.59,17.65
8/2/2015 13:50,42218.58,1669.5,25.59,17.65
8/2/2015 14:00,42218.58,1670.7,25.59,17.65
8/2/2015 14:10,42218.59,1671.6,25.59,17.65
8/2/2015 14:20,42218.60,1672.1,25.59,17.65
8/2/2015 14:30,42218.60,1672.3,25.59,17.65
8/2/2015 14:40,42218.61,1672.1,25.59,17.65
8/2/2015 14:50,42218.62,1671.4,25.59,17.65
8/2/2015 15:00,42218.63,1670.7,25.59,17.65
8/2/2015 15:10,42218.63,1669.3,25.59,17.65
8/2/2015 15:20,42218.64,1667.5,25.59,17.65
8/2/2015 15:30,42218.65,1665.1,25.59,17.65
8/2/2015 15:40,42218.65,1662.3,25.59,17.65
8/2/2015 15:50,42218.66,1659,25.59,17.65
8/2/2015 16:00,42218.67,1655.2,25.59,17.65
8/2/2015 16:10,42218.67,1650.3,25.59,17.65
8/2/2015 16:20,42218.68,1644.8,25.59,17.65
8/2/2015 16:30,42218.69,1639.8,25.59,17.65
8/2/2015 16:40,42218.69,1636.3,25.59,17.65
8/2/2015 16:50,42218.70,1633,25.59,17.65
8/2/2015 17:00,42218.71,1629.8,25.59,17.65
8/2/2015 17:10,42218.72,1626.7,25.59,17.65
8/2/2015 17:20,42218.72,1624,25.59,17.65
8/2/2015 17:30,42218.73,1621.5,25.58,17.65
8/2/2015 17:40,42218.74,1619.2,25.58,17.64
8/2/2015 17:50,42218.74,1617.5,25.58,17.65
8/2/2015 18:00,42218.75,1615.3,25.59,17.65
8/2/2015 18:10,42218.76,1613.5,25.58,17.64
8/2/2015 18:20,42218.76,1611.2,25.58,17.64
8/2/2015 18:30,42218.77,1608.6,25.59,17.65
8/2/2015 18:40,42218.78,1606.2,25.59,17.65
8/2/2015 18:50,42218.78,1603.4,25.58,17.64
8/2/2015 19:00,42218.79,1600.6,25.58,17.64
8/2/2015 19:10,42218.80,1597.9,25.58,17.64
8/2/2015 19:20,42218.81,1594.6,25.58,17.64
8/2/2015 19:30,42218.81,1592.1,25.58,17.64
8/2/2015 19:40,42218.82,1589.2,25.58,17.64
8/2/2015 19:50,42218.83,1586.7,25.58,17.64
8/2/2015 20:00,42218.83,1584.6,25.59,17.64
8/2/2015 20:10,42218.84,1582.6,25.59,17.65
8/2/2015 20:20,42218.85,1580.8,25.58,17.64
8/2/2015 20:30,42218.85,1579.4,25.58,17.64
8/2/2015 20:40,42218.86,1578,25.58,17.64
8/2/2015 20:50,42218.87,1576.8,25.58,17.64
8/2/2015 21:00,42218.88,1576.5,25.58,17.64
8/2/2015 21:10,42218.88,1576.3,25.58,17.64
8/2/2015 21:20,42218.89,1576.5,25.58,17.64
8/2/2015 21:30,42218.90,1577,25.59,17.65
8/2/2015 21:40,42218.90,1578.4,25.59,17.64
8/2/2015 21:50,42218.91,1580.5,25.59,17.65
8/2/2015 22:00,42218.92,1583.3,25.58,17.64
8/2/2015 22:10,42218.92,1586.4,25.59,17.65
8/2/2015 22:20,42218.93,1589.9,25.59,17.65
8/2/2015 22:30,42218.94,1593.3,25.59,17.65
8/2/2015 22:40,42218.94,1597.4,25.59,17.65
8/2/2015 22:50,42218.95,1601.1,25.59,17.65
8/2/2015 23:00,42218.96,1605.3,25.58,17.65
8/2/2015 23:10,42218.97,1609.7,25.59,17.65
8/2/2015 23:20,42218.97,1613.7,25.59,17.65
8/2/2015 23:30,42218.98,1617.5,25.59,17.65
8/2/2015 23:40,42218.99,1621,25.59,17.65
8/2/2015 23:50,42218.99,1624,25.59,17.65
8/3/2015 0:00,42219.00,1626.9,25.59,17.65
8/3/2015 0:10,42219.01,1630.5,25.59,17.65
8/3/2015 0:20,42219.01,1633.5,25.59,17.65
8/3/2015 0:30,42219.02,1637,25.59,17.65
8/3/2015 0:40,42219.03,1639.8,25.59,17.65
8/3/2015 0:50,42219.03,1642.2,25.59,17.65
8/3/2015 1:00,42219.04,1644.1,25.59,17.65
8/3/2015 1:10,42219.05,1645.7,25.59,17.65
8/3/2015 1:20,42219.06,1647.2,25.59,17.65
8/3/2015 1:30,42219.06,1649.3,25.59,17.65
8/3/2015 1:40,42219.07,1652.1,25.59,17.65
8/3/2015 1:50,42219.08,1655,25.59,17.65
8/3/2015 2:00,42219.08,1657.3,25.59,17.65
8/3/2015 2:10,42219.09,1658.7,25.59,17.65
8/3/2015 2:20,42219.10,1660.1,25.59,17.65
8/3/2015 2:30,42219.10,1661.5,25.59,17.65
8/3/2015 2:40,42219.11,1662,25.59,17.65
8/3/2015 2:50,42219.12,1662.5,25.59,17.65
8/3/2015 3:00,42219.13,1662.5,25.59,17.65
8/3/2015 3:10,42219.13,1662.2,25.59,17.65
8/3/2015 3:20,42219.14,1661.5,25.59,17.65
8/3/2015 3:30,42219.15,1660.1,25.59,17.65
8/3/2015 3:40,42219.15,1658.3,25.59,17.65
8/3/2015 3:50,42219.16,1655.7,25.59,17.65
8/3/2015 4:00,42219.17,1652.8,25.59,17.65
8/3/2015 4:10,42219.17,1649.2,25.59,17.65
8/3/2015 4:20,42219.18,1644.6,25.59,17.65
8/3/2015 4:30,42219.19,1639.9,25.59,17.65
8/3/2015 4:40,42219.19,1636.6,25.59,17.65
8/3/2015 4:50,42219.20,1633.6,25.59,17.65
8/3/2015 5:00,42219.21,1630.7,25.59,17.65
8/3/2015 5:10,42219.22,1628.1,25.59,17.65
8/3/2015 5:20,42219.22,1625.8,25.59,17.65
8/3/2015 5:30,42219.23,1623.3,25.59,17.65
8/3/2015 5:40,42219.24,1621.3,25.59,17.65
8/3/2015 5:50,42219.24,1619.2,25.58,17.65
8/3/2015 6:00,42219.25,1617.8,25.58,17.65
8/3/2015 6:10,42219.26,1615.6,25.58,17.64
8/3/2015 6:20,42219.26,1613.7,25.58,17.64
8/3/2015 6:30,42219.27,1610.9,25.58,17.64
8/3/2015 6:40,42219.28,1608.1,25.58,17.64
8/3/2015 6:50,42219.28,1605,25.58,17.64
8/3/2015 7:00,42219.29,1602.2,25.59,17.64
8/3/2015 7:10,42219.30,1599.1,25.59,17.64
8/3/2015 7:20,42219.31,1596.3,25.59,17.65
8/3/2015 7:30,42219.31,1593.3,25.59,17.65
8/3/2015 7:40,42219.32,1590.9,25.59,17.65
8/3/2015 7:50,42219.33,1588.7,25.58,17.65
8/3/2015 8:00,42219.33,1586.2,25.59,17.65
8/3/2015 8:10,42219.34,1584.1,25.59,17.65
8/3/2015 8:20,42219.35,1582.2,25.58,17.64
8/3/2015 8:30,42219.35,1581,25.58,17.64
8/3/2015 8:40,42219.36,1579.6,25.59,17.64
8/3/2015 8:50,42219.37,1578.7,25.58,17.64
8/3/2015 9:00,42219.38,1578,25.59,17.64
8/3/2015 9:10,42219.38,1577.9,25.59,17.64
8/3/2015 9:20,42219.39,1577.7,25.59,17.64
8/3/2015 9:30,42219.40,1577.9,25.58,17.64
8/3/2015 9:40,42219.40,1578.9,25.59,17.64
8/3/2015 9:50,42219.41,1580.7,25.59,17.65
8/3/2015 10:00,42219.42,1582.8,25.59,17.65
8/3/2015 10:10,42219.42,1585.5,25.59,17.64
8/3/2015 10:20,42219.43,1588.5,25.59,17.65
8/3/2015 10:30,42219.44,1591.9,25.59,17.65
8/3/2015 10:40,42219.44,1595.6,25.59,17.65
8/3/2015 10:50,42219.45,1599.6,25.59,17.65
8/3/2015 11:00,42219.46,1603.8,25.59,17.65
8/3/2015 11:10,42219.47,1608.1,25.59,17.65
8/3/2015 11:20,42219.47,1612.6,25.59,17.65
8/3/2015 11:30,42219.48,1616.5,25.59,17.65
8/3/2015 11:40,42219.49,1619.6,25.59,17.65
8/3/2015 11:50,42219.49,1623.1,25.59,17.65
8/3/2015 12:00,42219.50,1626.2,25.59,17.65
8/3/2015 12:10,42219.51,1629.7,25.59,17.65
8/3/2015 12:20,42219.51,1633,25.59,17.65
8/3/2015 12:30,42219.52,1637,25.59,17.65
8/3/2015 12:40,42219.53,1640.5,25.59,17.65
8/3/2015 12:50,42219.53,1642.2,25.59,17.65
8/3/2015 13:00,42219.54,1644.4,25.59,17.65
8/3/2015 13:10,42219.55,1646.9,25.59,17.65
8/3/2015 13:20,42219.56,1648.5,25.59,17.65
8/3/2015 13:30,42219.56,1651.2,25.59,17.65
8/3/2015 13:40,42219.57,1654.3,25.59,17.65
8/3/2015 13:50,42219.58,1657.8,25.59,17.65
8/3/2015 14:00,42219.58,1660.8,25.59,17.65
8/3/2015 14:10,42219.59,1663.6,25.59,17.65
8/3/2015 14:20,42219.60,1665.5,25.59,17.65
8/3/2015 14:30,42219.60,1667,25.59,17.65
8/3/2015 14:40,42219.61,1668.4,25.59,17.65
8/3/2015 14:50,42219.62,1669.3,25.6,17.65
8/3/2015 15:00,42219.63,1669.8,25.59,17.65
8/3/2015 15:10,42219.63,1669.8,25.59,17.65
8/3/2015 15:20,42219.64,1670,25.59,17.65
8/3/2015 15:30,42219.65,1669.6,25.59,17.65
8/3/2015 15:40,42219.65,1668.8,25.59,17.65
8/3/2015 15:50,42219.66,1667.9,25.59,17.65
8/3/2015 16:00,42219.67,1666.2,25.59,17.65
8/3/2015 16:10,42219.67,1663.9,25.59,17.65
8/3/2015 16:20,42219.68,1660.9,25.59,17.65
8/3/2015 16:30,42219.69,1657.7,25.59,17.65
8/3/2015 16:40,42219.69,1654.2,25.59,17.65
8/3/2015 16:50,42219.70,1650,25.59,17.65
8/3/2015 17:00,42219.71,1645.3,25.59,17.65
8/3/2015 17:10,42219.72,1640.3,25.59,17.65
8/3/2015 17:20,42219.72,1637,25.59,17.65
8/3/2015 17:30,42219.73,1633.8,25.59,17.65
8/3/2015 17:40,42219.74,1630.9,25.59,17.65
8/3/2015 17:50,42219.74,1628.3,25.59,17.65
8/3/2015 18:00,42219.75,1625.3,25.59,17.65
8/3/2015 18:10,42219.76,1623.3,25.59,17.64
8/3/2015 18:20,42219.76,1621.3,25.59,17.65
8/3/2015 18:30,42219.77,1619.6,25.59,17.65
8/3/2015 18:40,42219.78,1617.5,25.59,17.65
8/3/2015 18:50,42219.78,1615.3,25.59,17.65
8/3/2015 19:00,42219.79,1613.2,25.58,17.65
8/3/2015 19:10,42219.80,1611.1,25.59,17.65
8/3/2015 19:20,42219.81,1608.6,25.58,17.65
8/3/2015 19:30,42219.81,1605.9,25.58,17.65
8/3/2015 19:40,42219.82,1603.1,25.58,17.64
8/3/2015 19:50,42219.83,1600.3,25.58,17.65
8/3/2015 20:00,42219.83,1597,25.59,17.64
8/3/2015 20:10,42219.84,1594,25.59,17.65
8/3/2015 20:20,42219.85,1591.3,25.58,17.65
8/3/2015 20:30,42219.85,1589.2,25.59,17.64
8/3/2015 20:40,42219.86,1586.6,25.58,17.64
8/3/2015 20:50,42219.87,1584.6,25.58,17.64
8/3/2015 21:00,42219.88,1582.6,25.58,17.64
8/3/2015 21:10,42219.88,1580.8,25.58,17.64
8/3/2015 21:20,42219.89,1579.6,25.59,17.65
8/3/2015 21:30,42219.90,1578.9,25.59,17.65
8/3/2015 21:40,42219.90,1578.6,25.58,17.64
8/3/2015 21:50,42219.91,1578.2,25.59,17.65
8/3/2015 22:00,42219.92,1578.2,25.59,17.64
8/3/2015 22:10,42219.92,1578.9,25.59,17.64
8/3/2015 22:20,42219.93,1580,25.58,17.64
8/3/2015 22:30,42219.94,1581.9,25.59,17.64
8/3/2015 22:40,42219.94,1583.9,25.59,17.65
8/3/2015 22:50,42219.95,1586.6,25.59,17.65
8/3/2015 23:00,42219.96,1589.5,25.59,17.64
8/3/2015 23:10,42219.97,1592.8,25.59,17.64
8/3/2015 23:20,42219.97,1596.5,25.58,17.64
8/3/2015 23:30,42219.98,1600.1,25.59,17.64
8/3/2015 23:40,42219.99,1603.9,25.59,17.65
8/3/2015 23:50,42219.99,1608.3,25.59,17.65
8/4/2015 0:00,42220.00,1612.3,25.59,17.65
8/4/2015 0:10,42220.01,1615.6,25.59,17.65
8/4/2015 0:20,42220.01,1618.9,25.59,17.65
8/4/2015 0:30,42220.02,1622,25.59,17.65
8/4/2015 0:40,42220.03,1624.8,25.59,17.65
8/4/2015 0:50,42220.03,1628.1,25.59,17.65
8/4/2015 1:00,42220.04,1631.2,25.59,17.65
8/4/2015 1:10,42220.05,1634.2,25.59,17.65
8/4/2015 1:20,42220.06,1637.3,25.59,17.65
8/4/2015 1:30,42220.06,1639.6,25.59,17.65
8/4/2015 1:40,42220.07,1641,25.59,17.65
8/4/2015 1:50,42220.08,1642.5,25.59,17.65
8/4/2015 2:00,42220.08,1644.8,25.59,17.65
8/4/2015 2:10,42220.09,1646.7,25.59,17.65
8/4/2015 2:20,42220.10,1648.3,25.59,17.65
8/4/2015 2:30,42220.10,1650.7,25.59,17.65
8/4/2015 2:40,42220.11,1652.9,25.59,17.65
8/4/2015 2:50,42220.12,1654.9,25.59,17.65
8/4/2015 3:00,42220.13,1656.1,25.59,17.65
8/4/2015 3:10,42220.13,1657.1,25.59,17.65
8/4/2015 3:20,42220.14,1657.7,25.59,17.65
8/4/2015 3:30,42220.15,1658.5,25.59,17.65
8/4/2015 3:40,42220.15,1658.3,25.59,17.65
8/4/2015 3:50,42220.16,1658,25.59,17.65
8/4/2015 4:00,42220.17,1657.3,25.59,17.65
8/4/2015 4:10,42220.17,1655.9,25.59,17.65
8/4/2015 4:20,42220.18,1654.3,25.59,17.65
8/4/2015 4:30,42220.19,1652.1,25.59,17.65
8/4/2015 4:40,42220.19,1649.3,25.59,17.65
8/4/2015 4:50,42220.20,1645.7,25.59,17.65
8/4/2015 5:00,42220.21,1641.6,25.59,17.65
8/4/2015 5:10,42220.22,1638,25.59,17.65
8/4/2015 5:20,42220.22,1635.4,25.59,17.65
8/4/2015 5:30,42220.23,1632.8,25.59,17.65
8/4/2015 5:40,42220.24,1630,25.59,17.65
8/4/2015 5:50,42220.24,1627.6,25.59,17.65
8/4/2015 6:00,42220.25,1625.6,25.59,17.65
8/4/2015 6:10,42220.26,1623.4,25.59,17.65
8/4/2015 6:20,42220.26,1621.7,25.59,17.65
8/4/2015 6:30,42220.27,1619.2,25.59,17.64
8/4/2015 6:40,42220.28,1617.3,25.59,17.65
8/4/2015 6:50,42220.28,1615.1,25.58,17.64
8/4/2015 7:00,42220.29,1612.6,25.59,17.65
8/4/2015 7:10,42220.30,1609.7,25.59,17.65
8/4/2015 7:20,42220.31,1606.7,25.59,17.65
8/4/2015 7:30,42220.31,1603.6,25.58,17.64
8/4/2015 7:40,42220.32,1600.4,25.59,17.65
8/4/2015 7:50,42220.33,1597.5,25.59,17.64
8/4/2015 8:00,42220.33,1595.1,25.58,17.64
8/4/2015 8:10,42220.34,1592.1,25.59,17.64
8/4/2015 8:20,42220.35,1589.9,25.58,17.64
8/4/2015 8:30,42220.35,1587.3,25.59,17.64
8/4/2015 8:40,42220.36,1585.5,25.59,17.65
8/4/2015 8:50,42220.37,1583.8,25.59,17.64
8/4/2015 9:00,42220.38,1582.2,25.59,17.64
8/4/2015 9:10,42220.38,1581.2,25.58,17.64
8/4/2015 9:20,42220.39,1580,25.58,17.64
8/4/2015 9:30,42220.40,1579.6,25.59,17.64
8/4/2015 9:40,42220.40,1578.9,25.59,17.64
8/4/2015 9:50,42220.41,1578.4,25.59,17.64
8/4/2015 10:00,42220.42,1578.4,25.58,17.65
8/4/2015 10:10,42220.42,1578.7,25.59,17.65
8/4/2015 10:20,42220.43,1579.6,25.59,17.65
8/4/2015 10:30,42220.44,1581.2,25.59,17.65
8/4/2015 10:40,42220.44,1583.3,25.59,17.65
8/4/2015 10:50,42220.45,1586.2,25.59,17.64
8/4/2015 11:00,42220.46,1588.7,25.59,17.64
8/4/2015 11:10,42220.47,1591.8,25.59,17.64
8/4/2015 11:20,42220.47,1595.1,25.59,17.65
8/4/2015 11:30,42220.48,1598.4,25.59,17.64
8/4/2015 11:40,42220.49,1602.4,25.59,17.65
8/4/2015 11:50,42220.49,1606.2,25.59,17.65
8/4/2015 12:00,42220.50,1610.2,25.59,17.65
8/4/2015 12:10,42220.51,1613.7,25.59,17.65
8/4/2015 12:20,42220.51,1617.1,25.59,17.65
8/4/2015 12:30,42220.52,1620.3,25.59,17.65
8/4/2015 12:40,42220.53,1623.1,25.59,17.65
8/4/2015 12:50,42220.53,1626.5,25.59,17.65
8/4/2015 13:00,42220.54,1629.7,25.59,17.65
8/4/2015 13:10,42220.55,1632.8,25.59,17.65
8/4/2015 13:20,42220.56,1636.4,25.59,17.65
8/4/2015 13:30,42220.56,1638.9,25.59,17.65
8/4/2015 13:40,42220.57,1641,25.59,17.65
8/4/2015 13:50,42220.58,1643,25.59,17.65
8/4/2015 14:00,42220.58,1644.8,25.59,17.65
8/4/2015 14:10,42220.59,1647.1,25.59,17.65
8/4/2015 14:20,42220.60,1648.6,25.59,17.65
8/4/2015 14:30,42220.60,1651.5,25.59,17.65
8/4/2015 14:40,42220.61,1654.2,25.59,17.65
8/4/2015 14:50,42220.62,1656.1,25.59,17.65
8/4/2015 15:00,42220.63,1658,25.59,17.65
8/4/2015 15:10,42220.63,1659.5,25.59,17.65
8/4/2015 15:20,42220.64,1660.8,25.59,17.65
8/4/2015 15:30,42220.65,1661.8,25.59,17.65
8/4/2015 15:40,42220.65,1662.3,25.59,17.65
8/4/2015 15:50,42220.66,1662.3,25.59,17.65
8/4/2015 16:00,42220.67,1662.2,25.59,17.65
8/4/2015 16:10,42220.67,1661.6,25.59,17.65
8/4/2015 16:20,42220.68,1660.9,25.59,17.65
8/4/2015 16:30,42220.69,1659.7,25.59,17.65
8/4/2015 16:40,42220.69,1658,25.59,17.65
8/4/2015 16:50,42220.70,1655.7,25.59,17.65
8/4/2015 17:00,42220.71,1652.8,25.59,17.65
8/4/2015 17:10,42220.72,1649.5,25.59,17.65
8/4/2015 17:20,42220.72,1645.3,25.59,17.65
8/4/2015 17:30,42220.73,1641.2,25.59,17.65
8/4/2015 17:40,42220.74,1637.7,25.59,17.65
8/4/2015 17:50,42220.74,1634.9,25.59,17.65
8/4/2015 18:00,42220.75,1632.1,25.59,17.65
8/4/2015 18:10,42220.76,1629.5,25.59,17.65
8/4/2015 18:20,42220.76,1626.9,25.59,17.65
8/4/2015 18:30,42220.77,1625,25.59,17.65
8/4/2015 18:40,42220.78,1622.9,25.59,17.65
8/4/2015 18:50,42220.78,1621,25.59,17.65
8/4/2015 19:00,42220.79,1619.4,25.59,17.65
8/4/2015 19:10,42220.80,1617.5,25.59,17.65
8/4/2015 19:20,42220.81,1615.6,25.59,17.65
8/4/2015 19:30,42220.81,1613,25.59,17.65
8/4/2015 19:40,42220.82,1610.4,25.59,17.65
8/4/2015 19:50,42220.83,1607.8,25.59,17.65
8/4/2015 20:00,42220.83,1605,25.59,17.65
8/4/2015 20:10,42220.84,1602.2,25.59,17.65
8/4/2015 20:20,42220.85,1598.9,25.59,17.65
8/4/2015 20:30,42220.85,1596.1,25.59,17.65
8/4/2015 20:40,42220.86,1593.5,25.59,17.65
8/4/2015 20:50,42220.87,1590.9,25.59,17.65
8/4/2015 21:00,42220.88,1588.8,25.59,17.65
8/4/2015 21:10,42220.88,1586.7,25.59,17.65
8/4/2015 21:20,42220.89,1585,25.59,17.65
8/4/2015 21:30,42220.90,1583.4,25.59,17.65
8/4/2015 21:40,42220.90,1582.1,25.59,17.65
8/4/2015 21:50,42220.91,1581,25.59,17.65
8/4/2015 22:00,42220.92,1580.1,25.59,17.65
8/4/2015 22:10,42220.92,1579.4,25.59,17.65
8/4/2015 22:20,42220.93,1579.1,25.59,17.64
8/4/2015 22:30,42220.94,1578.7,25.59,17.65
8/4/2015 22:40,42220.94,1578.9,25.59,17.64
8/4/2015 22:50,42220.95,1579.8,25.59,17.65
8/4/2015 23:00,42220.96,1581,25.59,17.65
8/4/2015 23:10,42220.97,1582.9,25.59,17.65
8/4/2015 23:20,42220.97,1585,25.59,17.64
8/4/2015 23:30,42220.98,1587.8,25.59,17.65
8/4/2015 23:40,42220.99,1590.8,25.59,17.65
8/4/2015 23:50,42220.99,1593.7,25.59,17.65
8/5/2015 0:00,42221.00,1596.8,25.59,17.65
8/5/2015 0:10,42221.01,1600.3,25.59,17.65
8/5/2015 0:20,42221.01,1603.8,25.59,17.65
8/5/2015 0:30,42221.02,1607.6,25.59,17.65
8/5/2015 0:40,42221.03,1611.2,25.59,17.65
8/5/2015 0:50,42221.03,1614.6,25.59,17.65
8/5/2015 1:00,42221.04,1617.1,25.59,17.65
8/5/2015 1:10,42221.05,1620.1,25.59,17.65
8/5/2015 1:20,42221.06,1623.1,25.59,17.65
8/5/2015 1:30,42221.06,1626.3,25.59,17.65
8/5/2015 1:40,42221.07,1629.1,25.59,17.65
8/5/2015 1:50,42221.08,1631.9,25.59,17.65
8/5/2015 2:00,42221.08,1634.5,25.59,17.65
8/5/2015 2:10,42221.09,1636.8,25.59,17.65
8/5/2015 2:20,42221.10,1638.5,25.59,17.65
8/5/2015 2:30,42221.10,1639.2,25.59,17.65
8/5/2015 2:40,42221.11,1641,25.59,17.65
8/5/2015 2:50,42221.12,1642.7,25.59,17.65
8/5/2015 3:00,42221.13,1645,25.59,17.65
8/5/2015 3:10,42221.13,1647.1,25.59,17.65
8/5/2015 3:20,42221.14,1648.8,25.59,17.65
8/5/2015 3:30,42221.15,1650.1,25.59,17.65
8/5/2015 3:40,42221.15,1651.5,25.59,17.65
8/5/2015 3:50,42221.16,1652.6,25.59,17.65
8/5/2015 4:00,42221.17,1653.3,25.59,17.65
8/5/2015 4:10,42221.17,1653.6,25.59,17.65
8/5/2015 4:20,42221.18,1654.2,25.59,17.65
8/5/2015 4:30,42221.19,1653.8,25.59,17.65
8/5/2015 4:40,42221.19,1653.3,25.59,17.65
8/5/2015 4:50,42221.20,1652.1,25.59,17.65
8/5/2015 5:00,42221.21,1650.5,25.59,17.65
8/5/2015 5:10,42221.22,1648.3,25.59,17.65
8/5/2015 5:20,42221.22,1645.5,25.59,17.65
8/5/2015 5:30,42221.23,1642.3,25.59,17.65
8/5/2015 5:40,42221.24,1639.3,25.6,17.65
8/5/2015 5:50,42221.24,1636.3,25.59,17.65
8/5/2015 6:00,42221.25,1633.6,25.59,17.65
8/5/2015 6:10,42221.26,1631.4,25.59,17.65
8/5/2015 6:20,42221.26,1629.1,25.59,17.65
8/5/2015 6:30,42221.27,1627.4,25.59,17.65
8/5/2015 6:40,42221.28,1625.3,25.59,17.65
8/5/2015 6:50,42221.28,1623.4,25.59,17.65
8/5/2015 7:00,42221.29,1621.7,25.59,17.65
8/5/2015 7:10,42221.30,1619.6,25.59,17.65
8/5/2015 7:20,42221.31,1617.5,25.59,17.65
8/5/2015 7:30,42221.31,1615.3,25.59,17.65
8/5/2015 7:40,42221.32,1612.8,25.59,17.65
8/5/2015 7:50,42221.33,1610.5,25.59,17.65
8/5/2015 8:00,42221.33,1607.3,25.59,17.65
8/5/2015 8:10,42221.34,1604.3,25.59,17.65
8/5/2015 8:20,42221.35,1601.5,25.59,17.65
8/5/2015 8:30,42221.35,1598.8,25.59,17.65
8/5/2015 8:40,42221.36,1596.1,25.59,17.65
8/5/2015 8:50,42221.37,1593.7,25.59,17.65
8/5/2015 9:00,42221.38,1591.6,25.59,17.65
8/5/2015 9:10,42221.38,1589.7,25.59,17.65
8/5/2015 9:20,42221.39,1587.8,25.59,17.65
8/5/2015 9:30,42221.40,1586,25.59,17.65
8/5/2015 9:40,42221.40,1584.8,25.59,17.65
8/5/2015 9:50,42221.41,1583.6,25.59,17.65
8/5/2015 10:00,42221.42,1582.8,25.59,17.65
8/5/2015 10:10,42221.42,1582.1,25.59,17.65
8/5/2015 10:20,42221.43,1581.5,25.59,17.65
8/5/2015 10:30,42221.44,1581.2,25.59,17.65
8/5/2015 10:40,42221.44,1581,25.59,17.65
8/5/2015 10:50,42221.45,1581.2,25.59,17.65
8/5/2015 11:00,42221.46,1581.7,25.59,17.65
8/5/2015 11:10,42221.47,1582.8,25.59,17.65
8/5/2015 11:20,42221.47,1584.5,25.59,17.65
8/5/2015 11:30,42221.48,1586.6,25.59,17.65
8/5/2015 11:40,42221.49,1588.8,25.59,17.65
8/5/2015 11:50,42221.49,1591.1,25.59,17.65
8/5/2015 12:00,42221.50,1593.9,25.59,17.65
8/5/2015 12:10,42221.51,1596.7,25.59,17.65
8/5/2015 12:20,42221.51,1599.8,25.59,17.65
8/5/2015 12:30,42221.52,1603.1,25.59,17.65
8/5/2015 12:40,42221.53,1606.4,25.59,17.65
8/5/2015 12:50,42221.53,1609.5,25.59,17.65
8/5/2015 13:00,42221.54,1612.8,25.59,17.65
8/5/2015 13:10,42221.55,1615.8,25.59,17.65
8/5/2015 13:20,42221.56,1618.4,25.59,17.65
8/5/2015 13:30,42221.56,1621.3,25.59,17.65
8/5/2015 13:40,42221.57,1624.7,25.59,17.65
8/5/2015 13:50,42221.58,1627,25.59,17.65
8/5/2015 14:00,42221.58,1630,25.59,17.65
8/5/2015 14:10,42221.59,1631.9,25.59,17.65
8/5/2015 14:20,42221.60,1633.6,25.59,17.65
8/5/2015 14:30,42221.60,1635.2,25.59,17.65
8/5/2015 14:40,42221.61,1636.3,25.59,17.65
8/5/2015 14:50,42221.62,1638,25.59,17.65
8/5/2015 15:00,42221.63,1639.8,25.59,17.65
8/5/2015 15:10,42221.63,1641.6,25.59,17.65
8/5/2015 15:20,42221.64,1643.7,25.59,17.65
8/5/2015 15:30,42221.65,1645.5,25.59,17.65
8/5/2015 15:40,42221.65,1646.8,25.6,17.65
8/5/2015 15:50,42221.66,1647.9,25.59,17.65
8/5/2015 16:00,42221.67,1649,25.6,17.65
8/5/2015 16:10,42221.67,1649.7,25.59,17.65
8/5/2015 16:20,42221.68,1650.3,25.59,17.65
8/5/2015 16:30,42221.69,1650.5,25.59,17.65
8/5/2015 16:40,42221.69,1650.3,25.59,17.65
8/5/2015 16:50,42221.70,1650,25.59,17.65
8/5/2015 17:00,42221.71,1649.2,25.6,17.65
8/5/2015 17:10,42221.72,1647.8,25.59,17.65
8/5/2015 17:20,42221.72,1645.5,25.59,17.65
8/5/2015 17:30,42221.73,1643.2,25.59,17.65
8/5/2015 17:40,42221.74,1640.3,25.59,17.65
8/5/2015 17:50,42221.74,1637.5,25.59,17.65
8/5/2015 18:00,42221.75,1635,25.59,17.65
8/5/2015 18:10,42221.76,1632.6,25.59,17.65
8/5/2015 18:20,42221.76,1630.4,25.59,17.65
8/5/2015 18:30,42221.77,1628.3,25.59,17.65
8/5/2015 18:40,42221.78,1626.3,25.59,17.65
8/5/2015 18:50,42221.78,1624.3,25.59,17.65
8/5/2015 19:00,42221.79,1622.6,25.59,17.65
8/5/2015 19:10,42221.80,1620.6,25.59,17.65
8/5/2015 19:20,42221.81,1618.4,25.59,17.65
8/5/2015 19:30,42221.81,1616.3,25.59,17.65
8/5/2015 19:40,42221.82,1614.4,25.59,17.65
8/5/2015 19:50,42221.83,1611.9,25.59,17.65
8/5/2015 20:00,42221.83,1609.3,25.59,17.65
8/5/2015 20:10,42221.84,1606.6,25.59,17.65
8/5/2015 20:20,42221.85,1603.4,25.59,17.65
8/5/2015 20:30,42221.85,1600.3,25.59,17.65
8/5/2015 20:40,42221.86,1597.5,25.59,17.65
8/5/2015 20:50,42221.87,1595.1,25.59,17.65
8/5/2015 21:00,42221.88,1592.6,25.59,17.65
8/5/2015 21:10,42221.88,1590.6,25.59,17.65
8/5/2015 21:20,42221.89,1588.5,25.59,17.65
8/5/2015 21:30,42221.90,1586.7,25.59,17.65
8/5/2015 21:40,42221.90,1584.9,25.6,17.65
8/5/2015 21:50,42221.91,1583.6,25.59,17.65
8/5/2015 22:00,42221.92,1582.4,25.59,17.65
8/5/2015 22:10,42221.92,1581.5,25.59,17.65
8/5/2015 22:20,42221.93,1580.8,25.59,17.65
8/5/2015 22:30,42221.94,1580,25.59,17.65
8/5/2015 22:40,42221.94,1579.3,25.59,17.65
8/5/2015 22:50,42221.95,1578.6,25.59,17.65
8/5/2015 23:00,42221.96,1578.6,25.59,17.65
8/5/2015 23:10,42221.97,1578.6,25.59,17.65
8/5/2015 23:20,42221.97,1579.4,25.59,17.65
8/5/2015 23:30,42221.98,1580.5,25.59,17.65
8/5/2015 23:40,42221.99,1581.9,25.59,17.65
8/5/2015 23:50,42221.99,1583.4,25.59,17.65
8/6/2015 0:00,42222.00,1586,25.59,17.65
8/6/2015 0:10,42222.01,1588.5,25.59,17.65
8/6/2015 0:20,42222.01,1590.9,25.59,17.65
8/6/2015 0:30,42222.02,1593.7,25.59,17.65
8/6/2015 0:40,42222.03,1596.8,25.59,17.65
8/6/2015 0:50,42222.03,1600,25.59,17.65
8/6/2015 1:00,42222.04,1603.1,25.59,17.65
8/6/2015 1:10,42222.05,1606,25.59,17.65
8/6/2015 1:20,42222.06,1609.3,25.59,17.65
8/6/2015 1:30,42222.06,1611.8,25.59,17.65
8/6/2015 1:40,42222.07,1614.8,25.6,17.65
8/6/2015 1:50,42222.08,1617.3,25.59,17.65
8/6/2015 2:00,42222.08,1620.3,25.59,17.65
8/6/2015 2:10,42222.09,1623.1,25.59,17.65
8/6/2015 2:20,42222.10,1625.8,25.59,17.65
8/6/2015 2:30,42222.10,1628.3,25.59,17.65
8/6/2015 2:40,42222.11,1630.4,25.59,17.65
8/6/2015 2:50,42222.12,1631.8,25.6,17.65
8/6/2015 3:00,42222.13,1632.5,25.59,17.65
8/6/2015 3:10,42222.13,1633.5,25.59,17.65
8/6/2015 3:20,42222.14,1634.7,25.59,17.65
8/6/2015 3:30,42222.15,1636.6,25.59,17.65
8/6/2015 3:40,42222.15,1638,25.59,17.65
8/6/2015 3:50,42222.16,1640.1,25.59,17.65
8/6/2015 4:00,42222.17,1641.4,25.6,17.65
8/6/2015 4:10,42222.17,1642.4,25.6,17.65
8/6/2015 4:20,42222.18,1643.3,25.6,17.65
8/6/2015 4:30,42222.19,1644.1,25.59,17.65
8/6/2015 4:40,42222.19,1644.8,25.59,17.65
8/6/2015 4:50,42222.20,1645.5,25.59,17.65
8/6/2015 5:00,42222.21,1645.5,25.59,17.65
8/6/2015 5:10,42222.22,1645.3,25.59,17.65
8/6/2015 5:20,42222.22,1644.7,25.6,17.65
8/6/2015 5:30,42222.23,1643.8,25.6,17.65
8/6/2015 5:40,42222.24,1642.1,25.6,17.65
8/6/2015 5:50,42222.24,1640.3,25.59,17.65
8/6/2015 6:00,42222.25,1638.2,25.59,17.65
8/6/2015 6:10,42222.26,1636.4,25.6,17.65
8/6/2015 6:20,42222.26,1634.3,25.59,17.65
8/6/2015 6:30,42222.27,1632.5,25.59,17.65
8/6/2015 6:40,42222.28,1630.5,25.59,17.65
8/6/2015 6:50,42222.28,1628.8,25.59,17.65
8/6/2015 7:00,42222.29,1627.3,25.6,17.65
8/6/2015 7:10,42222.30,1625.3,25.59,17.65
8/6/2015 7:20,42222.31,1623.4,25.59,17.65
8/6/2015 7:30,42222.31,1621.7,25.59,17.65
8/6/2015 7:40,42222.32,1619.6,25.59,17.65
8/6/2015 7:50,42222.33,1617.5,25.59,17.65
8/6/2015 8:00,42222.33,1615.6,25.59,17.65
8/6/2015 8:10,42222.34,1613.3,25.59,17.65
8/6/2015 8:20,42222.35,1610.7,25.59,17.65
8/6/2015 8:30,42222.35,1608.1,25.59,17.65
8/6/2015 8:40,42222.36,1605.5,25.59,17.65
8/6/2015 8:50,42222.37,1602.4,25.59,17.65
8/6/2015 9:00,42222.38,1599.8,25.59,17.65
8/6/2015 9:10,42222.38,1597.2,25.59,17.65
8/6/2015 9:20,42222.39,1594.7,25.59,17.65
8/6/2015 9:30,42222.40,1593,25.59,17.65
8/6/2015 9:40,42222.40,1591.3,25.59,17.65
8/6/2015 9:50,42222.41,1589.5,25.59,17.65
8/6/2015 10:00,42222.42,1588.3,25.59,17.65
8/6/2015 10:10,42222.42,1586.9,25.59,17.65
8/6/2015 10:20,42222.43,1585.9,25.59,17.64
8/6/2015 10:30,42222.44,1585.2,25.59,17.65
8/6/2015 10:40,42222.44,1584.1,25.59,17.65
8/6/2015 10:50,42222.45,1583.4,25.59,17.65
8/6/2015 11:00,42222.46,1582.8,25.59,17.65
8/6/2015 11:10,42222.47,1582.4,25.59,17.65
8/6/2015 11:20,42222.47,1582.2,25.59,17.65
8/6/2015 11:30,42222.48,1582.9,25.59,17.65
8/6/2015 11:40,42222.49,1583.3,25.59,17.65
8/6/2015 11:50,42222.49,1584.1,25.59,17.65
8/6/2015 12:00,42222.50,1585.3,25.59,17.65
8/6/2015 12:10,42222.51,1586.7,25.59,17.65
8/6/2015 12:20,42222.51,1588.5,25.59,17.65
8/6/2015 12:30,42222.52,1590.6,25.59,17.65
8/6/2015 12:40,42222.53,1592.8,25.59,17.65
8/6/2015 12:50,42222.53,1595.1,25.59,17.65
8/6/2015 13:00,42222.54,1597.5,25.59,17.65
8/6/2015 13:10,42222.55,1600.2,25.6,17.65
8/6/2015 13:20,42222.56,1602.7,25.6,17.65
8/6/2015 13:30,42222.56,1605.6,25.6,17.65
8/6/2015 13:40,42222.57,1608.2,25.6,17.65
8/6/2015 13:50,42222.58,1610.8,25.6,17.65
8/6/2015 14:00,42222.58,1613.4,25.6,17.65
8/6/2015 14:10,42222.59,1615.7,25.6,17.65
8/6/2015 14:20,42222.60,1618.5,25.6,17.65
8/6/2015 14:30,42222.60,1620.7,25.6,17.65
8/6/2015 14:40,42222.61,1623.3,25.59,17.65
8/6/2015 14:50,42222.62,1625.2,25.6,17.65
8/6/2015 15:00,42222.63,1627,25.6,17.65
8/6/2015 15:10,42222.63,1628.4,25.6,17.65
8/6/2015 15:20,42222.64,1629.2,25.6,17.65
8/6/2015 15:30,42222.65,1630.3,25.6,17.65
8/6/2015 15:40,42222.65,1631.2,25.6,17.65
8/6/2015 15:50,42222.66,1632.3,25.6,17.65
8/6/2015 16:00,42222.67,1633.4,25.6,17.65
8/6/2015 16:10,42222.67,1634.2,25.6,17.65
8/6/2015 16:20,42222.68,1635,25.6,17.65
8/6/2015 16:30,42222.69,1636.1,25.6,17.65
8/6/2015 16:40,42222.69,1636.8,25.6,17.65
8/6/2015 16:50,42222.70,1637.5,25.6,17.65
8/6/2015 17:00,42222.71,1637.9,25.6,17.65
8/6/2015 17:10,42222.72,1637.8,25.6,17.65
8/6/2015 17:20,42222.72,1638.1,25.6,17.65
8/6/2015 17:30,42222.73,1637.5,25.6,17.65
8/6/2015 17:40,42222.74,1636.8,25.6,17.65
8/6/2015 17:50,42222.74,1635.7,25.6,17.65
8/6/2015 18:00,42222.75,1634.6,25.6,17.65
8/6/2015 18:10,42222.76,1633.6,25.6,17.65
8/6/2015 18:20,42222.76,1632.1,25.59,17.65
8/6/2015 18:30,42222.77,1631.1,25.6,17.65
8/6/2015 18:40,42222.78,1629.7,25.6,17.65
8/6/2015 18:50,42222.78,1628.2,25.6,17.65
8/6/2015 19:00,42222.79,1626.5,25.59,17.65
8/6/2015 19:10,42222.80,1625.2,25.6,17.65
8/6/2015 19:20,42222.81,1623.5,25.6,17.65
8/6/2015 19:30,42222.81,1621.5,25.59,17.65
8/6/2015 19:40,42222.82,1619.4,25.59,17.65
8/6/2015 19:50,42222.83,1617.3,25.59,17.65
8/6/2015 20:00,42222.83,1614.9,25.59,17.65
8/6/2015 20:10,42222.84,1612.6,25.59,17.65
8/6/2015 20:20,42222.85,1610.2,25.59,17.65
8/6/2015 20:30,42222.85,1607.4,25.59,17.65
8/6/2015 20:40,42222.86,1604.6,25.59,17.65
8/6/2015 20:50,42222.87,1601.7,25.59,17.65
8/6/2015 21:00,42222.88,1598.9,25.59,17.65
8/6/2015 21:10,42222.88,1596.8,25.59,17.65
8/6/2015 21:20,42222.89,1594.7,25.59,17.65
8/6/2015 21:30,42222.90,1593,25.59,17.65
8/6/2015 21:40,42222.90,1591.1,25.59,17.65
8/6/2015 21:50,42222.91,1589.5,25.59,17.65
8/6/2015 22:00,42222.92,1587.8,25.59,17.65
8/6/2015 22:10,42222.92,1586.2,25.59,17.65
8/6/2015 22:20,42222.93,1585.2,25.59,17.65
8/6/2015 22:30,42222.94,1584.1,25.59,17.65
8/6/2015 22:40,42222.94,1583.2,25.6,17.65
8/6/2015 22:50,42222.95,1582.2,25.59,17.65
8/6/2015 23:00,42222.96,1581.5,25.59,17.65
8/6/2015 23:10,42222.97,1580.8,25.59,17.65
8/6/2015 23:20,42222.97,1580.3,25.59,17.65
8/6/2015 23:30,42222.98,1580,25.59,17.65
8/6/2015 23:40,42222.99,1579.8,25.59,17.65
8/6/2015 23:50,42222.99,1580.1,25.59,17.65
8/7/2015 0:00,42223.00,1580.8,25.59,17.65
8/7/2015 0:10,42223.01,1581.5,25.59,17.65
8/7/2015 0:20,42223.01,1582.8,25.59,17.65
8/7/2015 0:30,42223.02,1584.4,25.6,17.65
8/7/2015 0:40,42223.03,1586.2,25.59,17.65
8/7/2015 0:50,42223.03,1588.1,25.59,17.65
8/7/2015 1:00,42223.04,1590.3,25.6,17.65
8/7/2015 1:10,42223.05,1592.6,25.6,17.65
8/7/2015 1:20,42223.06,1595.1,25.59,17.65
8/7/2015 1:30,42223.06,1597.4,25.59,17.65
8/7/2015 1:40,42223.07,1600.1,25.59,17.65
8/7/2015 1:50,42223.08,1602.4,25.59,17.65
8/7/2015 2:00,42223.08,1604.8,25.59,17.65
8/7/2015 2:10,42223.09,1607.3,25.59,17.65
8/7/2015 2:20,42223.10,1609.6,25.6,17.65
8/7/2015 2:30,42223.10,1612.2,25.6,17.65
8/7/2015 2:40,42223.11,1615,25.6,17.65
8/7/2015 2:50,42223.12,1617.6,25.6,17.65
8/7/2015 3:00,42223.13,1620.2,25.6,17.65
8/7/2015 3:10,42223.13,1622.2,25.59,17.65
8/7/2015 3:20,42223.14,1624.2,25.6,17.65
8/7/2015 3:30,42223.15,1625.8,25.59,17.65
8/7/2015 3:40,42223.15,1627.5,25.6,17.65
8/7/2015 3:50,42223.16,1628.7,25.6,17.65
8/7/2015 4:00,42223.17,1629.6,25.6,17.65
8/7/2015 4:10,42223.17,1630.6,25.6,17.65
8/7/2015 4:20,42223.18,1631.7,25.6,17.65
8/7/2015 4:30,42223.19,1632.4,25.6,17.65
8/7/2015 4:40,42223.19,1632.9,25.6,17.65
8/7/2015 4:50,42223.20,1633.8,25.6,17.65
8/7/2015 5:00,42223.21,1634,25.6,17.65
8/7/2015 5:10,42223.22,1634.6,25.6,17.65
8/7/2015 5:20,42223.22,1635.2,25.6,17.65
8/7/2015 5:30,42223.23,1635.3,25.6,17.65
8/7/2015 5:40,42223.24,1635,25.6,17.65
8/7/2015 5:50,42223.24,1635,25.59,17.65
8/7/2015 6:00,42223.25,1635,25.6,17.65
8/7/2015 6:10,42223.26,1634.5,25.6,17.65
8/7/2015 6:20,42223.26,1634.1,25.6,17.65
8/7/2015 6:30,42223.27,1633.6,25.6,17.65
8/7/2015 6:40,42223.28,1632.7,25.6,17.65
8/7/2015 6:50,42223.28,1631.7,25.6,17.65
8/7/2015 7:00,42223.29,1630.4,25.6,17.65
8/7/2015 7:10,42223.30,1629.2,25.6,17.65
8/7/2015 7:20,42223.31,1627.9,25.6,17.65
8/7/2015 7:30,42223.31,1626.3,25.6,17.65
8/7/2015 7:40,42223.32,1624.5,25.6,17.65
8/7/2015 7:50,42223.33,1622.7,25.59,17.65
8/7/2015 8:00,42223.33,1620.8,25.59,17.65
8/7/2015 8:10,42223.34,1618.8,25.6,17.65
8/7/2015 8:20,42223.35,1617,25.59,17.65
8/7/2015 8:30,42223.35,1614.6,25.59,17.65
8/7/2015 8:40,42223.36,1612.1,25.59,17.65
8/7/2015 8:50,42223.37,1609.3,25.59,17.65
8/7/2015 9:00,42223.38,1606.6,25.59,17.65
8/7/2015 9:10,42223.38,1604.4,25.6,17.65
8/7/2015 9:20,42223.39,1602,25.59,17.65
8/7/2015 9:30,42223.40,1599.8,25.59,17.65
8/7/2015 9:40,42223.40,1598.1,25.6,17.65
8/7/2015 9:50,42223.41,1596.3,25.59,17.65
8/7/2015 10:00,42223.42,1594.4,25.59,17.65
8/7/2015 10:10,42223.42,1593.2,25.59,17.65
8/7/2015 10:20,42223.43,1591.8,25.59,17.65
8/7/2015 10:30,42223.44,1590.6,25.59,17.65
8/7/2015 10:40,42223.44,1589.5,25.59,17.65
8/7/2015 10:50,42223.45,1588.5,25.59,17.65
8/7/2015 11:00,42223.46,1587.7,25.6,17.65
8/7/2015 11:10,42223.47,1586.9,25.6,17.65
8/7/2015 11:20,42223.47,1585.9,25.59,17.65
8/7/2015 11:30,42223.48,1585.2,25.59,17.65
8/7/2015 11:40,42223.49,1584.8,25.59,17.65
8/7/2015 11:50,42223.49,1584.6,25.6,17.65
8/7/2015 12:00,42223.50,1584.5,25.59,17.65
8/7/2015 12:10,42223.51,1584.6,25.59,17.65
8/7/2015 12:20,42223.51,1585.1,25.6,17.65
8/7/2015 12:30,42223.52,1585.6,25.6,17.65
8/7/2015 12:40,42223.53,1586.6,25.59,17.65
8/7/2015 12:50,42223.53,1587.9,25.6,17.65
8/7/2015 13:00,42223.54,1589.3,25.6,17.65
8/7/2015 13:10,42223.55,1590.8,25.6,17.65
8/7/2015 13:20,42223.56,1592.6,25.6,17.65
8/7/2015 13:30,42223.56,1594.2,25.6,17.65
8/7/2015 13:40,42223.57,1596.3,25.6,17.65
8/7/2015 13:50,42223.58,1598.4,25.6,17.65
8/7/2015 14:00,42223.58,1600.4,25.6,17.65
8/7/2015 14:10,42223.59,1602.7,25.6,17.65
8/7/2015 14:20,42223.60,1604.8,25.6,17.65
8/7/2015 14:30,42223.60,1607,25.6,17.65
8/7/2015 14:40,42223.61,1609.3,25.6,17.65
8/7/2015 14:50,42223.62,1611.4,25.6,17.65
8/7/2015 15:00,42223.63,1613.6,25.6,17.65
8/7/2015 15:10,42223.63,1616,25.6,17.65
8/7/2015 15:20,42223.64,1618.3,25.6,17.65
8/7/2015 15:30,42223.65,1620,25.6,17.65
8/7/2015 15:40,42223.65,1622.1,25.6,17.65
8/7/2015 15:50,42223.66,1623.7,25.6,17.65
8/7/2015 16:00,42223.67,1625.2,25.6,17.65
8/7/2015 16:10,42223.67,1626.5,25.6,17.65
8/7/2015 16:20,42223.68,1627.5,25.6,17.65
8/7/2015 16:30,42223.69,1628.6,25.6,17.65
8/7/2015 16:40,42223.69,1629.2,25.6,17.65
8/7/2015 16:50,42223.70,1629.8,25.59,17.65
8/7/2015 17:00,42223.71,1630.4,25.6,17.65
8/7/2015 17:10,42223.72,1631.1,25.6,17.65
8/7/2015 17:20,42223.72,1631.5,25.6,17.65
8/7/2015 17:30,42223.73,1631.8,25.6,17.65
8/7/2015 17:40,42223.74,1632.2,25.6,17.65
8/7/2015 17:50,42223.74,1632.5,25.6,17.65
8/7/2015 18:00,42223.75,1632.5,25.6,17.65
8/7/2015 18:10,42223.76,1632.5,25.6,17.65
8/7/2015 18:20,42223.76,1632.4,25.6,17.65
8/7/2015 18:30,42223.77,1632.2,25.6,17.65
8/7/2015 18:40,42223.78,1631.7,25.6,17.65
8/7/2015 18:50,42223.78,1631.1,25.6,17.65
8/7/2015 19:00,42223.79,1630.4,25.6,17.65
8/7/2015 19:10,42223.80,1629.9,25.6,17.65
8/7/2015 19:20,42223.81,1628.9,25.6,17.65
8/7/2015 19:30,42223.81,1627.5,25.6,17.65
8/7/2015 19:40,42223.82,1626,25.59,17.65
8/7/2015 19:50,42223.83,1624.5,25.59,17.65
8/7/2015 20:00,42223.83,1622.7,25.59,17.65
8/7/2015 20:10,42223.84,1621,25.59,17.65
8/7/2015 20:20,42223.85,1618.9,25.59,17.65
8/7/2015 20:30,42223.85,1616.9,25.6,17.65
8/7/2015 20:40,42223.86,1614.6,25.6,17.65
8/7/2015 20:50,42223.87,1612.2,25.6,17.65
8/7/2015 21:00,42223.88,1609.8,25.6,17.65
8/7/2015 21:10,42223.88,1607.5,25.6,17.65
8/7/2015 21:20,42223.89,1605.3,25.6,17.65
8/7/2015 21:30,42223.90,1603.2,25.6,17.65
8/7/2015 21:40,42223.90,1601.1,25.6,17.65
8/7/2015 21:50,42223.91,1599.3,25.59,17.65
8/7/2015 22:00,42223.92,1597.5,25.59,17.65
8/7/2015 22:10,42223.92,1596.1,25.6,17.65
8/7/2015 22:20,42223.93,1594.4,25.59,17.65
8/7/2015 22:30,42223.94,1593.2,25.59,17.65
8/7/2015 22:40,42223.94,1591.6,25.59,17.65
8/7/2015 22:50,42223.95,1590.6,25.59,17.65
8/7/2015 23:00,42223.96,1589.4,25.59,17.65
8/7/2015 23:10,42223.97,1588.6,25.6,17.65
8/7/2015 23:20,42223.97,1587.4,25.6,17.65
8/7/2015 23:30,42223.98,1586.2,25.59,17.65
8/7/2015 23:40,42223.99,1585.3,25.59,17.65
8/7/2015 23:50,42223.99,1584.8,25.59,17.65
8/8/2015 0:00,42224.00,1584.6,25.6,17.65
8/8/2015 0:10,42224.01,1583.9,25.59,17.65
8/8/2015 0:20,42224.01,1583.7,25.6,17.65
8/8/2015 0:30,42224.02,1583.8,25.59,17.65
8/8/2015 0:40,42224.03,1584.2,25.6,17.65
8/8/2015 0:50,42224.03,1584.8,25.6,17.65
8/8/2015 1:00,42224.04,1585.6,25.6,17.65
8/8/2015 1:10,42224.05,1586.3,25.6,17.65
8/8/2015 1:20,42224.06,1587.6,25.6,17.65
8/8/2015 1:30,42224.06,1588.8,25.6,17.65
8/8/2015 1:40,42224.07,1590.3,25.6,17.65
8/8/2015 1:50,42224.08,1592,25.6,17.65
8/8/2015 2:00,42224.08,1594,25.6,17.65
8/8/2015 2:10,42224.09,1596.1,25.6,17.65
8/8/2015 2:20,42224.10,1598.1,25.6,17.65
8/8/2015 2:30,42224.10,1600.3,25.6,17.65
8/8/2015 2:40,42224.11,1602.2,25.6,17.65
8/8/2015 2:50,42224.12,1604.2,25.6,17.65
8/8/2015 3:00,42224.13,1606.2,25.6,17.65
8/8/2015 3:10,42224.13,1608.6,25.6,17.65
8/8/2015 3:20,42224.14,1611,25.6,17.65
8/8/2015 3:30,42224.15,1613.1,25.6,17.65
8/8/2015 3:40,42224.15,1615.4,25.6,17.65
8/8/2015 3:50,42224.16,1617.5,25.6,17.65
8/8/2015 4:00,42224.17,1619.9,25.6,17.65
8/8/2015 4:10,42224.17,1621.5,25.6,17.65
8/8/2015 4:20,42224.18,1623.5,25.6,17.65
8/8/2015 4:30,42224.19,1625.1,25.6,17.65
8/8/2015 4:40,42224.19,1626.1,25.6,17.65
8/8/2015 4:50,42224.20,1627.3,25.6,17.65
8/8/2015 5:00,42224.21,1628.2,25.6,17.65
8/8/2015 5:10,42224.22,1629.2,25.6,17.65
8/8/2015 5:20,42224.22,1629.9,25.6,17.65
8/8/2015 5:30,42224.23,1630.6,25.6,17.65
8/8/2015 5:40,42224.24,1631.3,25.6,17.65
8/8/2015 5:50,42224.24,1631.8,25.6,17.65
8/8/2015 6:00,42224.25,1632.4,25.6,17.65
8/8/2015 6:10,42224.26,1632.8,25.6,17.65
8/8/2015 6:20,42224.26,1633.1,25.6,17.65
8/8/2015 6:30,42224.27,1633.1,25.6,17.65
8/8/2015 6:40,42224.28,1633,25.6,17.65
8/8/2015 6:50,42224.28,1632.7,25.6,17.65
8/8/2015 7:00,42224.29,1632.8,25.6,17.65
8/8/2015 7:10,42224.30,1632.5,25.6,17.65
8/8/2015 7:20,42224.31,1632.2,25.6,17.65
8/8/2015 7:30,42224.31,1631.6,25.59,17.65
8/8/2015 7:40,42224.32,1631.3,25.6,17.65
8/8/2015 7:50,42224.33,1630.4,25.6,17.65
8/8/2015 8:00,42224.33,1629.4,25.6,17.65
8/8/2015 8:10,42224.34,1628.2,25.6,17.65
8/8/2015 8:20,42224.35,1626.8,25.6,17.65
8/8/2015 8:30,42224.35,1625.9,25.6,17.65
8/8/2015 8:40,42224.36,1624.4,25.6,17.65
8/8/2015 8:50,42224.37,1622.4,25.6,17.65
8/8/2015 9:00,42224.38,1620.9,25.6,17.65
8/8/2015 9:10,42224.38,1618.9,25.6,17.65
8/8/2015 9:20,42224.39,1617.2,25.6,17.65
8/8/2015 9:30,42224.40,1615,25.6,17.65
8/8/2015 9:40,42224.40,1612.9,25.6,17.65
8/8/2015 9:50,42224.41,1610.5,25.59,17.65
8/8/2015 10:00,42224.42,1608.7,25.6,17.65
8/8/2015 10:10,42224.42,1606.6,25.6,17.65
8/8/2015 10:20,42224.43,1604.5,25.59,17.65
8/8/2015 10:30,42224.44,1602.7,25.59,17.65
8/8/2015 10:40,42224.44,1601.3,25.6,17.65
8/8/2015 10:50,42224.45,1599.7,25.6,17.65
8/8/2015 11:00,42224.46,1598.3,25.6,17.65
8/8/2015 11:10,42224.47,1596.8,25.59,17.65
8/8/2015 11:20,42224.47,1595.5,25.6,17.65
8/8/2015 11:30,42224.48,1594.2,25.59,17.65
8/8/2015 11:40,42224.49,1593.2,25.59,17.65
8/8/2015 11:50,42224.49,1592,25.6,17.65
8/8/2015 12:00,42224.50,1591.3,25.6,17.65
8/8/2015 12:10,42224.51,1590.3,25.6,17.65
8/8/2015 12:20,42224.51,1589.7,25.6,17.65
8/8/2015 12:30,42224.52,1588.8,25.6,17.65
8/8/2015 12:40,42224.53,1588,25.59,17.65
8/8/2015 12:50,42224.53,1587.7,25.6,17.65
8/8/2015 13:00,42224.54,1587.4,25.59,17.65
8/8/2015 13:10,42224.55,1587.4,25.6,17.65
8/8/2015 13:20,42224.56,1587.6,25.6,17.65
8/8/2015 13:30,42224.56,1587.8,25.59,17.65
8/8/2015 13:40,42224.57,1588.1,25.6,17.65
8/8/2015 13:50,42224.58,1589.1,25.6,17.65
8/8/2015 14:00,42224.58,1590,25.6,17.65
8/8/2015 14:10,42224.59,1591.2,25.6,17.65
8/8/2015 14:20,42224.60,1592.4,25.6,17.65
8/8/2015 14:30,42224.60,1593.8,25.6,17.65
8/8/2015 14:40,42224.61,1595.4,25.6,17.65
8/8/2015 14:50,42224.62,1597.2,25.59,17.65
8/8/2015 15:00,42224.63,1599.2,25.6,17.65
8/8/2015 15:10,42224.63,1600.7,25.6,17.65
8/8/2015 15:20,42224.64,1602.3,25.6,17.65
8/8/2015 15:30,42224.65,1604.1,25.6,17.65
8/8/2015 15:40,42224.65,1605.8,25.6,17.65
8/8/2015 15:50,42224.66,1607.9,25.6,17.65
8/8/2015 16:00,42224.67,1609.4,25.6,17.65
8/8/2015 16:10,42224.67,1611.5,25.6,17.65
8/8/2015 16:20,42224.68,1613.4,25.6,17.65
8/8/2015 16:30,42224.69,1615.1,25.6,17.65
8/8/2015 16:40,42224.69,1616.7,25.6,17.65
8/8/2015 16:50,42224.70,1618.5,25.6,17.65
8/8/2015 17:00,42224.71,1620.2,25.6,17.65
8/8/2015 17:10,42224.72,1621.6,25.6,17.65
8/8/2015 17:20,42224.72,1622.7,25.6,17.65
8/8/2015 17:30,42224.73,1624,25.6,17.65
8/8/2015 17:40,42224.74,1625.1,25.6,17.65
8/8/2015 17:50,42224.74,1625.9,25.6,17.65
8/8/2015 18:00,42224.75,1626.6,25.6,17.65
8/8/2015 18:10,42224.76,1627,25.6,17.65
8/8/2015 18:20,42224.76,1627.4,25.6,17.65
8/8/2015 18:30,42224.77,1627.9,25.6,17.65
8/8/2015 18:40,42224.78,1628.1,25.6,17.65
8/8/2015 18:50,42224.78,1628.3,25.6,17.65
8/8/2015 19:00,42224.79,1628.4,25.6,17.65
8/8/2015 19:10,42224.80,1628.6,25.6,17.65
8/8/2015 19:20,42224.81,1628.7,25.6,17.65
8/8/2015 19:30,42224.81,1628.4,25.6,17.65
8/8/2015 19:40,42224.82,1628,25.6,17.65
8/8/2015 19:50,42224.83,1627.5,25.6,17.65
8/8/2015 20:00,42224.83,1626.8,25.6,17.65
8/8/2015 20:10,42224.84,1626.1,25.6,17.65
8/8/2015 20:20,42224.85,1625.1,25.6,17.65
8/8/2015 20:30,42224.85,1623.8,25.6,17.65
8/8/2015 20:40,42224.86,1622.4,25.6,17.65
8/8/2015 20:50,42224.87,1620.8,25.6,17.65
8/8/2015 21:00,42224.88,1619.2,25.6,17.65
8/8/2015 21:10,42224.88,1617.1,25.59,17.65
8/8/2015 21:20,42224.89,1615.5,25.6,17.65
8/8/2015 21:30,42224.90,1613.7,25.6,17.65
8/8/2015 21:40,42224.90,1611.8,25.6,17.65
8/8/2015 21:50,42224.91,1610,25.6,17.65
8/8/2015 22:00,42224.92,1608.1,25.59,17.65
8/8/2015 22:10,42224.92,1606.5,25.6,17.65
8/8/2015 22:20,42224.93,1604.6,25.6,17.65
8/8/2015 22:30,42224.94,1603,25.6,17.65
8/8/2015 22:40,42224.94,1601.1,25.6,17.65
8/8/2015 22:50,42224.95,1599.7,25.6,17.65
8/8/2015 23:00,42224.96,1598.3,25.6,17.65
8/8/2015 23:10,42224.97,1596.8,25.6,17.65
8/8/2015 23:20,42224.97,1595.4,25.6,17.65
8/8/2015 23:30,42224.98,1593.9,25.59,17.65
8/8/2015 23:40,42224.99,1593.1,25.6,17.65
8/8/2015 23:50,42224.99,1591.7,25.6,17.65
8/9/2015 0:00,42225.00,1590.6,25.6,17.65
8/9/2015 0:10,42225.01,1589.1,25.6,17.65
8/9/2015 0:20,42225.01,1588.4,25.6,17.65
8/9/2015 0:30,42225.02,1587.6,25.6,17.65
8/9/2015 0:40,42225.03,1586.7,25.59,17.65
8/9/2015 0:50,42225.03,1586.2,25.6,17.65
8/9/2015 1:00,42225.04,1586,25.6,17.65
8/9/2015 1:10,42225.05,1585.5,25.6,17.65
8/9/2015 1:20,42225.06,1585.1,25.6,17.65
8/9/2015 1:30,42225.06,1584.9,25.6,17.65
8/9/2015 1:40,42225.07,1585.5,25.6,17.65
8/9/2015 1:50,42225.08,1585.3,25.6,17.65
8/9/2015 2:00,42225.08,1586,25.6,17.65
8/9/2015 2:10,42225.09,1586.7,25.6,17.65
8/9/2015 2:20,42225.10,1587.6,25.6,17.65
8/9/2015 2:30,42225.10,1588.4,25.6,17.65
8/9/2015 2:40,42225.11,1589.7,25.6,17.65
8/9/2015 2:50,42225.12,1590.8,25.6,17.65
8/9/2015 3:00,42225.13,1592.2,25.6,17.65
8/9/2015 3:10,42225.13,1593.8,25.6,17.65
8/9/2015 3:20,42225.14,1595.4,25.6,17.65
8/9/2015 3:30,42225.15,1597.3,25.6,17.65
8/9/2015 3:40,42225.15,1598.6,25.6,17.65
8/9/2015 3:50,42225.16,1600.4,25.6,17.65
8/9/2015 4:00,42225.17,1602.3,25.6,17.65
8/9/2015 4:10,42225.17,1603.8,25.6,17.65
8/9/2015 4:20,42225.18,1605.8,25.6,17.65
8/9/2015 4:30,42225.19,1607.7,25.6,17.65
8/9/2015 4:40,42225.19,1609.7,25.6,17.65
8/9/2015 4:50,42225.20,1611.7,25.6,17.65
8/9/2015 5:00,42225.21,1613.5,25.6,17.65
8/9/2015 5:10,42225.22,1615.7,25.6,17.65
8/9/2015 5:20,42225.22,1617.3,25.6,17.65
8/9/2015 5:30,42225.23,1619.2,25.6,17.65
8/9/2015 5:40,42225.24,1620.5,25.6,17.65
8/9/2015 5:50,42225.24,1622,25.6,17.65
8/9/2015 6:00,42225.25,1623.6,25.6,17.65
8/9/2015 6:10,42225.26,1624.5,25.6,17.65
8/9/2015 6:20,42225.26,1625.3,25.6,17.65
8/9/2015 6:30,42225.27,1626.2,25.6,17.65
8/9/2015 6:40,42225.28,1627.2,25.6,17.65
8/9/2015 6:50,42225.28,1627.6,25.6,17.65
8/9/2015 7:00,42225.29,1628.4,25.6,17.65
8/9/2015 7:10,42225.30,1628.7,25.6,17.65
8/9/2015 7:20,42225.31,1629.3,25.6,17.65
8/9/2015 7:30,42225.31,1629.2,25.6,17.65
8/9/2015 7:40,42225.32,1629.3,25.6,17.65
8/9/2015 7:50,42225.33,1629.3,25.6,17.65
8/9/2015 8:00,42225.33,1629.6,25.6,17.65
8/9/2015 8:10,42225.34,1629.7,25.6,17.65
8/9/2015 8:20,42225.35,1629.6,25.6,17.65
8/9/2015 8:30,42225.35,1629.1,25.6,17.65
8/9/2015 8:40,42225.36,1628.6,25.6,17.65
8/9/2015 8:50,42225.37,1628.6,25.6,17.65
8/9/2015 9:00,42225.38,1627.9,25.6,17.65
8/9/2015 9:10,42225.38,1627,25.6,17.65
8/9/2015 9:20,42225.39,1626,25.6,17.65
8/9/2015 9:30,42225.40,1625,25.6,17.65
8/9/2015 9:40,42225.40,1623.8,25.6,17.65
8/9/2015 9:50,42225.41,1622.6,25.6,17.65
8/9/2015 10:00,42225.42,1621.4,25.6,17.65
8/9/2015 10:10,42225.42,1619.7,25.6,17.65
8/9/2015 10:20,42225.43,1617.9,25.6,17.65
8/9/2015 10:30,42225.44,1616.1,25.6,17.65
8/9/2015 10:40,42225.44,1614.6,25.6,17.65
8/9/2015 10:50,42225.45,1612.5,25.6,17.65
8/9/2015 11:00,42225.46,1610.5,25.6,17.65
8/9/2015 11:10,42225.47,1608.9,25.6,17.65
8/9/2015 11:20,42225.47,1607.2,25.6,17.65
8/9/2015 11:30,42225.48,1605.8,25.6,17.65
8/9/2015 11:40,42225.49,1604.1,25.6,17.65
8/9/2015 11:50,42225.49,1602.4,25.59,17.65
8/9/2015 12:00,42225.50,1600.7,25.6,17.65
8/9/2015 12:10,42225.51,1599.5,25.6,17.65
8/9/2015 12:20,42225.51,1597.9,25.6,17.65
8/9/2015 12:30,42225.52,1596.5,25.6,17.65
8/9/2015 12:40,42225.53,1595.4,25.6,17.65
8/9/2015 12:50,42225.53,1594.7,25.6,17.65
8/9/2015 13:00,42225.54,1593.4,25.6,17.65
8/9/2015 13:10,42225.55,1592.6,25.6,17.65
8/9/2015 13:20,42225.56,1591.3,25.6,17.65
8/9/2015 13:30,42225.56,1590.4,25.6,17.65
8/9/2015 13:40,42225.57,1590,25.6,17.65
8/9/2015 13:50,42225.58,1589.5,25.6,17.65
8/9/2015 14:00,42225.58,1589.1,25.6,17.65
8/9/2015 14:10,42225.59,1588.3,25.6,17.65
8/9/2015 14:20,42225.60,1588.1,25.6,17.65
8/9/2015 14:30,42225.60,1587.9,25.6,17.65
8/9/2015 14:40,42225.61,1588,25.6,17.65
8/9/2015 14:50,42225.62,1588.1,25.6,17.65
8/9/2015 15:00,42225.63,1588.8,25.6,17.65
8/9/2015 15:10,42225.63,1589.8,25.6,17.65
8/9/2015 15:20,42225.64,1590.3,25.6,17.65
8/9/2015 15:30,42225.65,1590.8,25.6,17.65
8/9/2015 15:40,42225.65,1591.6,25.6,17.65
8/9/2015 15:50,42225.66,1592.7,25.6,17.65
8/9/2015 16:00,42225.67,1594,25.6,17.65
8/9/2015 16:10,42225.67,1595.1,25.6,17.65
8/9/2015 16:20,42225.68,1596.7,25.6,17.65
8/9/2015 16:30,42225.69,1598.1,25.6,17.65
8/9/2015 16:40,42225.69,1599.6,25.6,17.65
8/9/2015 16:50,42225.70,1601,25.6,17.65
8/9/2015 17:00,42225.71,1602.7,25.6,17.65
8/9/2015 17:10,42225.72,1604.5,25.6,17.65
8/9/2015 17:20,42225.72,1606.4,25.6,17.65
8/9/2015 17:30,42225.73,1607.8,25.6,17.65
8/9/2015 17:40,42225.74,1610,25.6,17.65
8/9/2015 17:50,42225.74,1611.1,25.6,17.65
8/9/2015 18:00,42225.75,1613.2,25.6,17.65
8/9/2015 18:10,42225.76,1614.9,25.6,17.65
8/9/2015 18:20,42225.76,1616.5,25.6,17.65
8/9/2015 18:30,42225.77,1618,25.6,17.65
8/9/2015 18:40,42225.78,1619.5,25.6,17.65
8/9/2015 18:50,42225.78,1620.5,25.6,17.65
8/9/2015 19:00,42225.79,1621.7,25.6,17.65
8/9/2015 19:10,42225.80,1622.6,25.6,17.65
8/9/2015 19:20,42225.81,1623.3,25.6,17.65
8/9/2015 19:30,42225.81,1624.1,25.6,17.65
8/9/2015 19:40,42225.82,1624.7,25.6,17.65
8/9/2015 19:50,42225.83,1625.1,25.6,17.65
8/9/2015 20:00,42225.83,1625.3,25.6,17.65
8/9/2015 20:10,42225.84,1625.5,25.6,17.65
8/9/2015 20:20,42225.85,1625.6,25.6,17.65
8/9/2015 20:30,42225.85,1625.8,25.6,17.65
8/9/2015 20:40,42225.86,1626.3,25.6,17.65
8/9/2015 20:50,42225.87,1625.8,25.6,17.65
8/9/2015 21:00,42225.88,1625.5,25.6,17.65
8/9/2015 21:10,42225.88,1625.1,25.6,17.65
8/9/2015 21:20,42225.89,1624.7,25.6,17.65
8/9/2015 21:30,42225.90,1624.3,25.6,17.65
8/9/2015 21:40,42225.90,1623.3,25.6,17.65
8/9/2015 21:50,42225.91,1622.4,25.6,17.65
8/9/2015 22:00,42225.92,1621.2,25.6,17.65
8/9/2015 22:10,42225.92,1620,25.6,17.65
8/9/2015 22:20,42225.93,1618.5,25.6,17.65
8/9/2015 22:30,42225.94,1617,25.6,17.65
8/9/2015 22:40,42225.94,1615.5,25.6,17.65
8/9/2015 22:50,42225.95,1614,25.6,17.65
8/9/2015 23:00,42225.96,1612.3,25.6,17.65
8/9/2015 23:10,42225.97,1610.4,25.6,17.65
8/9/2015 23:20,42225.97,1609,25.6,17.65
8/9/2015 23:30,42225.98,1607.3,25.6,17.65
8/9/2015 23:40,42225.99,1605.5,25.6,17.65
8/9/2015 23:50,42225.99,1603.9,25.6,17.65
8/10/2015 0:00,42226.00,1602.4,25.6,17.65
8/10/2015 0:10,42226.01,1601,25.6,17.65
8/10/2015 0:20,42226.01,1599.6,25.6,17.65
8/10/2015 0:30,42226.02,1598.3,25.6,17.65
8/10/2015 0:40,42226.03,1596.8,25.6,17.65
8/10/2015 0:50,42226.03,1595.4,25.6,17.65
8/10/2015 1:00,42226.04,1594.4,25.6,17.65
8/10/2015 1:10,42226.05,1593,25.6,17.65
8/10/2015 1:20,42226.06,1591.8,25.6,17.65
8/10/2015 1:30,42226.06,1590.9,25.6,17.65
8/10/2015 1:40,42226.07,1589.9,25.6,17.65
8/10/2015 1:50,42226.08,1589,25.6,17.65
8/10/2015 2:00,42226.08,1587.9,25.6,17.65
8/10/2015 2:10,42226.09,1587,25.6,17.65
8/10/2015 2:20,42226.10,1586.7,25.6,17.65
8/10/2015 2:30,42226.10,1586.2,25.6,17.65
8/10/2015 2:40,42226.11,1586,25.6,17.65
8/10/2015 2:50,42226.12,1585.6,25.6,17.65
8/10/2015 3:00,42226.13,1585.6,25.6,17.65
8/10/2015 3:10,42226.13,1585.5,25.6,17.65
8/10/2015 3:20,42226.14,1585.7,25.6,17.65
8/10/2015 3:30,42226.15,1586.2,25.6,17.65
8/10/2015 3:40,42226.15,1586.9,25.6,17.65
8/10/2015 3:50,42226.16,1587.8,25.6,17.65
8/10/2015 4:00,42226.17,1588.5,25.6,17.65
8/10/2015 4:10,42226.17,1590,25.6,17.65
8/10/2015 4:20,42226.18,1591.1,25.6,17.65
8/10/2015 4:30,42226.19,1592.6,25.6,17.65
8/10/2015 4:40,42226.19,1594.2,25.6,17.65
8/10/2015 4:50,42226.20,1595.8,25.6,17.65
8/10/2015 5:00,42226.21,1597.5,25.6,17.65
8/10/2015 5:10,42226.22,1599.3,25.6,17.65
8/10/2015 5:20,42226.22,1600.8,25.6,17.65
8/10/2015 5:30,42226.23,1602.7,25.6,17.65
8/10/2015 5:40,42226.24,1604.6,25.6,17.65
8/10/2015 5:50,42226.24,1606.4,25.6,17.65
8/10/2015 6:00,42226.25,1608.4,25.6,17.65
8/10/2015 6:10,42226.26,1610.5,25.6,17.65
8/10/2015 6:20,42226.26,1612.8,25.6,17.65
8/10/2015 6:30,42226.27,1614.7,25.6,17.65
8/10/2015 6:40,42226.28,1616.8,25.6,17.65
8/10/2015 6:50,42226.28,1618.7,25.6,17.65
8/10/2015 7:00,42226.29,1619.9,25.6,17.65
8/10/2015 7:10,42226.30,1621.9,25.6,17.65
8/10/2015 7:20,42226.31,1623.3,25.6,17.65
8/10/2015 7:30,42226.31,1624.7,25.6,17.65
8/10/2015 7:40,42226.32,1625.5,25.6,17.65
8/10/2015 7:50,42226.33,1626.5,25.6,17.65
8/10/2015 8:00,42226.33,1627.6,25.6,17.65
8/10/2015 8:10,42226.34,1628.3,25.6,17.65
8/10/2015 8:20,42226.35,1628.6,25.6,17.65
8/10/2015 8:30,42226.35,1629.1,25.6,17.65
8/10/2015 8:40,42226.36,1629.7,25.6,17.65
8/10/2015 8:50,42226.37,1630,25.6,17.65
8/10/2015 9:00,42226.38,1630.2,25.6,17.65
8/10/2015 9:10,42226.38,1630.5,25.6,17.65
8/10/2015 9:20,42226.39,1630.9,25.6,17.65
8/10/2015 9:30,42226.40,1630.9,25.6,17.65
8/10/2015 9:40,42226.40,1630.7,25.6,17.65
8/10/2015 9:50,42226.41,1630.7,25.6,17.65
8/10/2015 10:00,42226.42,1630.5,25.6,17.65
8/10/2015 10:10,42226.42,1630,25.6,17.65
8/10/2015 10:20,42226.43,1629.5,25.6,17.65
8/10/2015 10:30,42226.44,1628.8,25.6,17.65
8/10/2015 10:40,42226.44,1628.1,25.61,17.65
8/10/2015 10:50,42226.45,1627.2,25.6,17.65
8/10/2015 11:00,42226.46,1626.2,25.6,17.65
8/10/2015 11:10,42226.47,1625,25.6,17.65
8/10/2015 11:20,42226.47,1624,25.6,17.65
8/10/2015 11:30,42226.48,1622.4,25.6,17.65
8/10/2015 11:40,42226.49,1620.6,25.6,17.65
8/10/2015 11:50,42226.49,1619.1,25.6,17.65
8/10/2015 12:00,42226.50,1617.5,25.6,17.65
8/10/2015 12:10,42226.51,1615.1,25.6,17.65
8/10/2015 12:20,42226.51,1613.5,25.6,17.65
8/10/2015 12:30,42226.52,1611.2,25.6,17.65
8/10/2015 12:40,42226.53,1609.3,25.6,17.65
8/10/2015 12:50,42226.53,1607.3,25.6,17.65
8/10/2015 13:00,42226.54,1605.5,25.6,17.65
8/10/2015 13:10,42226.55,1603.2,25.6,17.65
8/10/2015 13:20,42226.56,1601.7,25.6,17.65
8/10/2015 13:30,42226.56,1599.8,25.6,17.65
8/10/2015 13:40,42226.57,1598.4,25.6,17.65
8/10/2015 13:50,42226.58,1596.5,25.6,17.65
8/10/2015 14:00,42226.58,1595.3,25.6,17.65
8/10/2015 14:10,42226.59,1593.9,25.6,17.65
8/10/2015 14:20,42226.60,1592.8,25.6,17.65
8/10/2015 14:30,42226.60,1591.6,25.6,17.65
8/10/2015 14:40,42226.61,1590.8,25.6,17.65
8/10/2015 14:50,42226.62,1589.7,25.6,17.65
8/10/2015 15:00,42226.63,1588.7,25.6,17.65
8/10/2015 15:10,42226.63,1588,25.6,17.65
8/10/2015 15:20,42226.64,1587.1,25.6,17.65
8/10/2015 15:30,42226.65,1586.4,25.6,17.65
8/10/2015 15:40,42226.65,1586.4,25.6,17.65
8/10/2015 15:50,42226.66,1585.9,25.6,17.65
8/10/2015 16:00,42226.67,1585.7,25.6,17.65
8/10/2015 16:10,42226.67,1585.7,25.6,17.65
8/10/2015 16:20,42226.68,1586,25.6,17.65
8/10/2015 16:30,42226.69,1586.2,25.6,17.65
8/10/2015 16:40,42226.69,1586.9,25.6,17.65
8/10/2015 16:50,42226.70,1587.6,25.6,17.65
8/10/2015 17:00,42226.71,1588.5,25.6,17.65
8/10/2015 17:10,42226.72,1589.9,25.6,17.65
8/10/2015 17:20,42226.72,1590.9,25.6,17.65
8/10/2015 17:30,42226.73,1592.5,25.6,17.65
8/10/2015 17:40,42226.74,1594,25.6,17.65
8/10/2015 17:50,42226.74,1595.6,25.61,17.65
8/10/2015 18:00,42226.75,1597.4,25.6,17.65
8/10/2015 18:10,42226.76,1598.9,25.61,17.65
8/10/2015 18:20,42226.76,1600.6,25.61,17.65
8/10/2015 18:30,42226.77,1602.5,25.6,17.65
8/10/2015 18:40,42226.78,1604.1,25.6,17.65
8/10/2015 18:50,42226.78,1606,25.61,17.65
8/10/2015 19:00,42226.79,1608,25.61,17.65
8/10/2015 19:10,42226.80,1610,25.6,17.65
8/10/2015 19:20,42226.81,1611.9,25.61,17.65
8/10/2015 19:30,42226.81,1613.9,25.6,17.65
8/10/2015 19:40,42226.82,1615.8,25.6,17.65
8/10/2015 19:50,42226.83,1617.5,25.61,17.65
8/10/2015 20:00,42226.83,1619.2,25.61,17.65
8/10/2015 20:10,42226.84,1620.8,25.6,17.65
8/10/2015 20:20,42226.85,1622.2,25.61,17.65
8/10/2015 20:30,42226.85,1623.4,25.6,17.65
8/10/2015 20:40,42226.86,1624.5,25.6,17.65
8/10/2015 20:50,42226.87,1625.1,25.6,17.65
8/10/2015 21:00,42226.88,1626,25.6,17.65
8/10/2015 21:10,42226.88,1626.7,25.6,17.65
8/10/2015 21:20,42226.89,1627.2,25.6,17.65
8/10/2015 21:30,42226.90,1627.7,25.6,17.65
8/10/2015 21:40,42226.90,1628.1,25.6,17.65
8/10/2015 21:50,42226.91,1628.6,25.6,17.65
8/10/2015 22:00,42226.92,1628.8,25.6,17.65
8/10/2015 22:10,42226.92,1628.6,25.6,17.65
8/10/2015 22:20,42226.93,1628.6,25.6,17.65
8/10/2015 22:30,42226.94,1628.4,25.6,17.65
8/10/2015 22:40,42226.94,1628.1,25.6,17.65
8/10/2015 22:50,42226.95,1627.6,25.6,17.65
8/10/2015 23:00,42226.96,1626.9,25.6,17.65
8/10/2015 23:10,42226.97,1626.2,25.6,17.65
8/10/2015 23:20,42226.97,1625.1,25.6,17.65
8/10/2015 23:30,42226.98,1623.8,25.6,17.65
8/10/2015 23:40,42226.99,1622.6,25.6,17.65
8/10/2015 23:50,42226.99,1621.2,25.6,17.65
8/11/2015 0:00,42227.00,1619.4,25.6,17.65
8/11/2015 0:10,42227.01,1617.5,25.6,17.65
8/11/2015 0:20,42227.01,1615.8,25.6,17.65
8/11/2015 0:30,42227.02,1613.7,25.61,17.65
8/11/2015 0:40,42227.03,1611.8,25.6,17.65
8/11/2015 0:50,42227.03,1609.8,25.6,17.65
8/11/2015 1:00,42227.04,1608,25.6,17.65
8/11/2015 1:10,42227.05,1606.4,25.6,17.65
8/11/2015 1:20,42227.06,1604.5,25.6,17.65
8/11/2015 1:30,42227.06,1603.1,25.6,17.65
8/11/2015 1:40,42227.07,1601.1,25.6,17.65
8/11/2015 1:50,42227.08,1599.6,25.6,17.65
8/11/2015 2:00,42227.08,1597.7,25.6,17.65
8/11/2015 2:10,42227.09,1596.5,25.6,17.65
8/11/2015 2:20,42227.10,1595.3,25.6,17.65
8/11/2015 2:30,42227.10,1594,25.6,17.65
8/11/2015 2:40,42227.11,1593,25.6,17.65
8/11/2015 2:50,42227.12,1591.6,25.6,17.65
8/11/2015 3:00,42227.13,1590.6,25.6,17.65
8/11/2015 3:10,42227.13,1589.7,25.6,17.65
8/11/2015 3:20,42227.14,1588.8,25.6,17.65
8/11/2015 3:30,42227.15,1587.6,25.6,17.65
8/11/2015 3:40,42227.15,1587.1,25.6,17.65
8/11/2015 3:50,42227.16,1586.4,25.6,17.65
8/11/2015 4:00,42227.17,1585.9,25.6,17.65
8/11/2015 4:10,42227.17,1585.5,25.6,17.65
8/11/2015 4:20,42227.18,1585,25.6,17.65
8/11/2015 4:30,42227.19,1585,25.6,17.65
8/11/2015 4:40,42227.19,1585.2,25.6,17.65
8/11/2015 4:50,42227.20,1586,25.6,17.65
8/11/2015 5:00,42227.21,1586.6,25.6,17.65
8/11/2015 5:10,42227.22,1587.4,25.6,17.65
8/11/2015 5:20,42227.22,1588.7,25.6,17.65
8/11/2015 5:30,42227.23,1589.9,25.6,17.65
8/11/2015 5:40,42227.24,1591.5,25.6,17.65
8/11/2015 5:50,42227.24,1593,25.6,17.65
8/11/2015 6:00,42227.25,1594.7,25.6,17.65
8/11/2015 6:10,42227.26,1596.5,25.6,17.65
8/11/2015 6:20,42227.26,1598.6,25.6,17.65
8/11/2015 6:30,42227.27,1600.3,25.6,17.65
8/11/2015 6:40,42227.28,1602.7,25.6,17.65
8/11/2015 6:50,42227.28,1604.6,25.6,17.65
8/11/2015 7:00,42227.29,1606.4,25.6,17.65
8/11/2015 7:10,42227.30,1608.3,25.6,17.65
8/11/2015 7:20,42227.31,1610.5,25.6,17.65
8/11/2015 7:30,42227.31,1612.8,25.6,17.65
8/11/2015 7:40,42227.32,1615.3,25.6,17.65
8/11/2015 7:50,42227.33,1617.5,25.6,17.65
8/11/2015 8:00,42227.33,1619.8,25.6,17.65
8/11/2015 8:10,42227.34,1621.9,25.6,17.65
8/11/2015 8:20,42227.35,1623.8,25.6,17.65
8/11/2015 8:30,42227.35,1625.3,25.6,17.65
8/11/2015 8:40,42227.36,1626.5,25.6,17.65
8/11/2015 8:50,42227.37,1627.7,25.6,17.65
8/11/2015 9:00,42227.38,1628.8,25.6,17.65
8/11/2015 9:10,42227.38,1629.5,25.61,17.65
8/11/2015 9:20,42227.39,1630.5,25.61,17.65
8/11/2015 9:30,42227.40,1631.1,25.6,17.65
8/11/2015 9:40,42227.40,1631.8,25.6,17.65
8/11/2015 9:50,42227.41,1632.1,25.6,17.65
8/11/2015 10:00,42227.42,1632.5,25.6,17.65
8/11/2015 10:10,42227.42,1633.2,25.6,17.65
8/11/2015 10:20,42227.43,1633.3,25.6,17.65
8/11/2015 10:30,42227.44,1633.6,25.6,17.65
8/11/2015 10:40,42227.44,1633.8,25.6,17.65
8/11/2015 10:50,42227.45,1634,25.6,17.65
8/11/2015 11:00,42227.46,1633.8,25.6,17.65
8/11/2015 11:10,42227.47,1633.6,25.6,17.65
8/11/2015 11:20,42227.47,1633.6,25.6,17.65
8/11/2015 11:30,42227.48,1633.2,25.6,17.65
8/11/2015 11:40,42227.49,1632.6,25.6,17.65
8/11/2015 11:50,42227.49,1632.1,25.6,17.65
8/11/2015 12:00,42227.50,1631.1,25.6,17.65
8/11/2015 12:10,42227.51,1630,25.6,17.65
8/11/2015 12:20,42227.51,1628.8,25.6,17.65
8/11/2015 12:30,42227.52,1627.4,25.6,17.65
8/11/2015 12:40,42227.53,1625.8,25.6,17.65
8/11/2015 12:50,42227.53,1624.1,25.6,17.65
8/11/2015 13:00,42227.54,1622.6,25.6,17.65
8/11/2015 13:10,42227.55,1620.8,25.6,17.65
8/11/2015 13:20,42227.56,1619.1,25.6,17.65
8/11/2015 13:30,42227.56,1617.1,25.6,17.65
8/11/2015 13:40,42227.57,1615.1,25.6,17.65
8/11/2015 13:50,42227.58,1613,25.6,17.65
8/11/2015 14:00,42227.58,1610.5,25.6,17.65
8/11/2015 14:10,42227.59,1608.3,25.6,17.65
8/11/2015 14:20,42227.60,1606.2,25.6,17.65
8/11/2015 14:30,42227.60,1604.1,25.6,17.65
8/11/2015 14:40,42227.61,1602.2,25.6,17.65
8/11/2015 14:50,42227.62,1600.3,25.6,17.65
8/11/2015 15:00,42227.63,1598.6,25.6,17.65
8/11/2015 15:10,42227.63,1597,25.6,17.65
8/11/2015 15:20,42227.64,1595.6,25.6,17.65
8/11/2015 15:30,42227.65,1594.2,25.6,17.65
8/11/2015 15:40,42227.65,1593,25.6,17.65
8/11/2015 15:50,42227.66,1591.9,25.6,17.65
8/11/2015 16:00,42227.67,1591.3,25.6,17.65
8/11/2015 16:10,42227.67,1590.4,25.6,17.65
8/11/2015 16:20,42227.68,1589.4,25.6,17.65
8/11/2015 16:30,42227.69,1588.5,25.6,17.65
8/11/2015 16:40,42227.69,1587.6,25.6,17.65
8/11/2015 16:50,42227.70,1587.1,25.6,17.65
8/11/2015 17:00,42227.71,1586.4,25.6,17.65
8/11/2015 17:10,42227.72,1586.2,25.6,17.65
8/11/2015 17:20,42227.72,1586.6,25.6,17.65
8/11/2015 17:30,42227.73,1586.9,25.6,17.65
8/11/2015 17:40,42227.74,1587.3,25.6,17.65
8/11/2015 17:50,42227.74,1588.3,25.6,17.65
8/11/2015 18:00,42227.75,1589.2,25.6,17.65
8/11/2015 18:10,42227.76,1590.2,25.6,17.65
8/11/2015 18:20,42227.76,1591.6,25.6,17.65
8/11/2015 18:30,42227.77,1593.3,25.6,17.65
8/11/2015 18:40,42227.78,1595.3,25.6,17.65
8/11/2015 18:50,42227.78,1596.8,25.6,17.65
8/11/2015 19:00,42227.79,1598.6,25.6,17.65
8/11/2015 19:10,42227.80,1600.8,25.6,17.65
8/11/2015 19:20,42227.81,1602.9,25.6,17.65
8/11/2015 19:30,42227.81,1604.8,25.6,17.65
8/11/2015 19:40,42227.82,1606.7,25.6,17.65
8/11/2015 19:50,42227.83,1608.6,25.6,17.65
8/11/2015 20:00,42227.83,1610.7,25.6,17.65
8/11/2015 20:10,42227.84,1612.8,25.6,17.65
8/11/2015 20:20,42227.85,1614.9,25.6,17.65
8/11/2015 20:30,42227.85,1617.1,25.6,17.65
8/11/2015 20:40,42227.86,1619.4,25.6,17.65
8/11/2015 20:50,42227.87,1621.3,25.6,17.65
8/11/2015 21:00,42227.88,1623.1,25.6,17.65
8/11/2015 21:10,42227.88,1624.7,25.6,17.65
8/11/2015 21:20,42227.89,1626.2,25.6,17.65
8/11/2015 21:30,42227.90,1627.2,25.6,17.65
8/11/2015 21:40,42227.90,1628.1,25.6,17.65
8/11/2015 21:50,42227.91,1629.3,25.6,17.65
8/11/2015 22:00,42227.92,1629.8,25.6,17.65
8/11/2015 22:10,42227.92,1630.7,25.6,17.65
8/11/2015 22:20,42227.93,1631.4,25.6,17.65
8/11/2015 22:30,42227.94,1631.8,25.6,17.65
8/11/2015 22:40,42227.94,1631.9,25.6,17.65
8/11/2015 22:50,42227.95,1632.3,25.6,17.65
8/11/2015 23:00,42227.96,1632.5,25.6,17.65
8/11/2015 23:10,42227.97,1633,25.6,17.65
8/11/2015 23:20,42227.97,1632.8,25.6,17.65
8/11/2015 23:30,42227.98,1632.8,25.6,17.65
8/11/2015 23:40,42227.99,1632.6,25.6,17.65
8/11/2015 23:50,42227.99,1632.3,25.6,17.65
8/12/2015 0:00,42228.00,1631.9,25.6,17.65
8/12/2015 0:10,42228.01,1631.4,25.6,17.65
8/12/2015 0:20,42228.01,1630.9,25.6,17.65
8/12/2015 0:30,42228.02,1630.2,25.6,17.65
8/12/2015 0:40,42228.03,1629.1,25.6,17.65
8/12/2015 0:50,42228.03,1628.3,25.6,17.65
8/12/2015 1:00,42228.04,1626.5,25.61,17.65
8/12/2015 1:10,42228.05,1625,25.61,17.65
8/12/2015 1:20,42228.06,1623.4,25.6,17.65
8/12/2015 1:30,42228.06,1621.7,25.6,17.65
8/12/2015 1:40,42228.07,1619.9,25.6,17.65
8/12/2015 1:50,42228.08,1617.8,25.6,17.65
8/12/2015 2:00,42228.08,1615.6,25.6,17.65
8/12/2015 2:10,42228.09,1613.5,25.6,17.65
8/12/2015 2:20,42228.10,1611.4,25.6,17.65
8/12/2015 2:30,42228.10,1609,25.6,17.65
8/12/2015 2:40,42228.11,1606.7,25.6,17.65
8/12/2015 2:50,42228.12,1604.8,25.6,17.65
8/12/2015 3:00,42228.13,1602.5,25.6,17.65
8/12/2015 3:10,42228.13,1600.6,25.6,17.65
8/12/2015 3:20,42228.14,1598.8,25.6,17.65
8/12/2015 3:30,42228.15,1597,25.6,17.65
8/12/2015 3:40,42228.15,1595.8,25.6,17.65
8/12/2015 3:50,42228.16,1594.2,25.6,17.65
8/12/2015 4:00,42228.17,1592.6,25.6,17.65
8/12/2015 4:10,42228.17,1591.5,25.6,17.65
8/12/2015 4:20,42228.18,1590.4,25.6,17.65
8/12/2015 4:30,42228.19,1589.5,25.6,17.65
8/12/2015 4:40,42228.19,1588.7,25.6,17.65
8/12/2015 4:50,42228.20,1588,25.6,17.65
8/12/2015 5:00,42228.21,1587.3,25.6,17.65
8/12/2015 5:10,42228.22,1587.1,25.6,17.65
8/12/2015 5:20,42228.22,1586.6,25.6,17.65
8/12/2015 5:30,42228.23,1586.4,25.6,17.65
8/12/2015 5:40,42228.24,1586.6,25.61,17.65
8/12/2015 5:50,42228.24,1587.1,25.6,17.65
8/12/2015 6:00,42228.25,1587.6,25.6,17.65
8/12/2015 6:10,42228.26,1588.7,25.6,17.65
8/12/2015 6:20,42228.26,1590.1,25.6,17.65
8/12/2015 6:30,42228.27,1591.8,25.6,17.65
8/12/2015 6:40,42228.28,1593.5,25.6,17.65
8/12/2015 6:50,42228.28,1595.3,25.6,17.65
8/12/2015 7:00,42228.29,1597.5,25.6,17.65
8/12/2015 7:10,42228.30,1599.8,25.6,17.65
8/12/2015 7:20,42228.31,1602,25.6,17.65
8/12/2015 7:30,42228.31,1604.6,25.6,17.65
8/12/2015 7:40,42228.32,1607.1,25.6,17.65
8/12/2015 7:50,42228.33,1609.5,25.6,17.65
8/12/2015 8:00,42228.33,1611.9,25.6,17.65
8/12/2015 8:10,42228.34,1614.2,25.6,17.65
8/12/2015 8:20,42228.35,1616.8,25.6,17.65
8/12/2015 8:30,42228.35,1619.2,25.6,17.65
8/12/2015 8:40,42228.36,1621.9,25.6,17.65
8/12/2015 8:50,42228.37,1624.5,25.6,17.65
8/12/2015 9:00,42228.38,1626.3,25.61,17.65
8/12/2015 9:10,42228.38,1628.4,25.6,17.65
8/12/2015 9:20,42228.39,1630,25.61,17.65
8/12/2015 9:30,42228.40,1631.4,25.6,17.65
8/12/2015 9:40,42228.40,1632.5,25.6,17.65
8/12/2015 9:50,42228.41,1633.3,25.6,17.65
8/12/2015 10:00,42228.42,1634.2,25.61,17.65
8/12/2015 10:10,42228.42,1635.2,25.6,17.65
8/12/2015 10:20,42228.43,1635.9,25.61,17.65
8/12/2015 10:30,42228.44,1637.1,25.6,17.65
8/12/2015 10:40,42228.44,1638,25.6,17.65
8/12/2015 10:50,42228.45,1638.9,25.6,17.65
8/12/2015 11:00,42228.46,1639.9,25.61,17.65
8/12/2015 11:10,42228.47,1641.2,25.6,17.65
8/12/2015 11:20,42228.47,1642,25.61,17.65
8/12/2015 11:30,42228.48,1642.5,25.6,17.65
8/12/2015 11:40,42228.49,1642.9,25.6,17.65
8/12/2015 11:50,42228.49,1643,25.6,17.65
8/12/2015 12:00,42228.50,1643.2,25.6,17.65
8/12/2015 12:10,42228.51,1642.9,25.61,17.65
8/12/2015 12:20,42228.51,1642.2,25.6,17.65
8/12/2015 12:30,42228.52,1641.8,25.6,17.65
8/12/2015 12:40,42228.53,1640.5,25.61,17.65
8/12/2015 12:50,42228.53,1638.5,25.61,17.65
8/12/2015 13:00,42228.54,1637.1,25.6,17.65
8/12/2015 13:10,42228.55,1635.6,25.6,17.65
8/12/2015 13:20,42228.56,1634.2,25.6,17.65
8/12/2015 13:30,42228.56,1632.5,25.6,17.65
8/12/2015 13:40,42228.57,1630.9,25.61,17.65
8/12/2015 13:50,42228.58,1629.7,25.6,17.65
8/12/2015 14:00,42228.58,1627.9,25.6,17.65
8/12/2015 14:10,42228.59,1626.3,25.6,17.65
8/12/2015 14:20,42228.60,1624.5,25.6,17.65
8/12/2015 14:30,42228.60,1623.1,25.6,17.65
8/12/2015 14:40,42228.61,1621,25.6,17.65
8/12/2015 14:50,42228.62,1619.6,25.6,17.65
8/12/2015 15:00,42228.63,1617.7,25.6,17.65
8/12/2015 15:10,42228.63,1615.4,25.6,17.65
8/12/2015 15:20,42228.64,1613,25.6,17.65
8/12/2015 15:30,42228.65,1610.7,25.6,17.65
8/12/2015 15:40,42228.65,1608.1,25.6,17.65
8/12/2015 15:50,42228.66,1605.5,25.6,17.65
8/12/2015 16:00,42228.67,1602.7,25.6,17.65
8/12/2015 16:10,42228.67,1600.4,25.6,17.65
8/12/2015 16:20,42228.68,1598.1,25.6,17.65
8/12/2015 16:30,42228.69,1596.1,25.6,17.65
8/12/2015 16:40,42228.69,1594.2,25.6,17.65
8/12/2015 16:50,42228.70,1592.3,25.6,17.65
8/12/2015 17:00,42228.71,1591.1,25.6,17.65
8/12/2015 17:10,42228.72,1590.1,25.6,17.65
8/12/2015 17:20,42228.72,1588.5,25.6,17.65
8/12/2015 17:30,42228.73,1587.8,25.6,17.65
8/12/2015 17:40,42228.74,1586.6,25.6,17.65
8/12/2015 17:50,42228.74,1586.4,25.6,17.65
8/12/2015 18:00,42228.75,1585.7,25.6,17.65
8/12/2015 18:10,42228.76,1585.5,25.6,17.65
8/12/2015 18:20,42228.76,1585.7,25.6,17.65
8/12/2015 18:30,42228.77,1585.7,25.6,17.65
8/12/2015 18:40,42228.78,1586,25.6,17.65
8/12/2015 18:50,42228.78,1586.9,25.6,17.65
8/12/2015 19:00,42228.79,1588.3,25.6,17.65
8/12/2015 19:10,42228.80,1589.7,25.6,17.65
8/12/2015 19:20,42228.81,1591.8,25.6,17.65
8/12/2015 19:30,42228.81,1593.5,25.6,17.65
8/12/2015 19:40,42228.82,1595.8,25.61,17.65
8/12/2015 19:50,42228.83,1598.1,25.61,17.65
8/12/2015 20:00,42228.83,1600.4,25.61,17.65
8/12/2015 20:10,42228.84,1603.1,25.6,17.65
8/12/2015 20:20,42228.85,1605.5,25.61,17.65
8/12/2015 20:30,42228.85,1608,25.6,17.65
8/12/2015 20:40,42228.86,1610.4,25.6,17.65
8/12/2015 20:50,42228.87,1612.5,25.61,17.65
8/12/2015 21:00,42228.88,1614.7,25.61,17.65
8/12/2015 21:10,42228.88,1617.3,25.6,17.65
8/12/2015 21:20,42228.89,1619.8,25.6,17.65
8/12/2015 21:30,42228.90,1622.2,25.6,17.65
8/12/2015 21:40,42228.90,1624.5,25.6,17.65
8/12/2015 21:50,42228.91,1626.5,25.6,17.65
8/12/2015 22:00,42228.92,1628.1,25.61,17.65
8/12/2015 22:10,42228.92,1629.8,25.61,17.65
8/12/2015 22:20,42228.93,1630.9,25.61,17.65
8/12/2015 22:30,42228.94,1631.8,25.61,17.65
8/12/2015 22:40,42228.94,1632.5,25.61,17.65
8/12/2015 22:50,42228.95,1633.3,25.61,17.65
8/12/2015 23:00,42228.96,1634.1,25.61,17.65
8/12/2015 23:10,42228.97,1635,25.61,17.65
8/12/2015 23:20,42228.97,1635.4,25.61,17.65
8/12/2015 23:30,42228.98,1635.9,25.61,17.65
8/12/2015 23:40,42228.99,1636.4,25.61,17.65
8/12/2015 23:50,42228.99,1636.6,25.61,17.65
8/13/2015 0:00,42229.00,1636.7,25.61,17.65
8/13/2015 0:10,42229.01,1636.7,25.61,17.65
8/13/2015 0:20,42229.01,1636.7,25.61,17.65
8/13/2015 0:30,42229.02,1636.1,25.61,17.66
8/13/2015 0:40,42229.03,1635.6,25.61,17.66
8/13/2015 0:50,42229.03,1635.3,25.61,17.65
8/13/2015 1:00,42229.04,1634.5,25.61,17.65
8/13/2015 1:10,42229.05,1633.5,25.61,17.65
8/13/2015 1:20,42229.06,1632.5,25.61,17.65
8/13/2015 1:30,42229.06,1631.2,25.61,17.65
8/13/2015 1:40,42229.07,1629.7,25.61,17.65
8/13/2015 1:50,42229.08,1627.9,25.61,17.65
8/13/2015 2:00,42229.08,1626.3,25.61,17.65
8/13/2015 2:10,42229.09,1624.5,25.61,17.65
8/13/2015 2:20,42229.10,1622.6,25.61,17.65
8/13/2015 2:30,42229.10,1620.7,25.61,17.65
8/13/2015 2:40,42229.11,1618.6,25.61,17.65
8/13/2015 2:50,42229.12,1616.4,25.61,17.65
8/13/2015 3:00,42229.13,1613.9,25.61,17.65
8/13/2015 3:10,42229.13,1611.4,25.61,17.66
8/13/2015 3:20,42229.14,1608.7,25.61,17.65
8/13/2015 3:30,42229.15,1606.1,25.61,17.65
8/13/2015 3:40,42229.15,1603.6,25.61,17.65
8/13/2015 3:50,42229.16,1601.3,25.61,17.65
8/13/2015 4:00,42229.17,1598.9,25.61,17.65
8/13/2015 4:10,42229.17,1596.9,25.61,17.65
8/13/2015 4:20,42229.18,1595,25.61,17.65
8/13/2015 4:30,42229.19,1593.3,25.61,17.66
8/13/2015 4:40,42229.19,1591.8,25.61,17.65
8/13/2015 4:50,42229.20,1590.4,25.61,17.65
8/13/2015 5:00,42229.21,1589.3,25.61,17.66
8/13/2015 5:10,42229.22,1588.1,25.61,17.65
8/13/2015 5:20,42229.22,1587.4,25.61,17.66
8/13/2015 5:30,42229.23,1586.3,25.61,17.65
8/13/2015 5:40,42229.24,1585.5,25.61,17.65
8/13/2015 5:50,42229.24,1584.8,25.61,17.65
8/13/2015 6:00,42229.25,1584.2,25.61,17.65
8/13/2015 6:10,42229.26,1584.1,25.61,17.65
8/13/2015 6:20,42229.26,1584.1,25.61,17.65
8/13/2015 6:30,42229.27,1584.3,25.61,17.65
8/13/2015 6:40,42229.28,1584.8,25.6,17.65
8/13/2015 6:50,42229.28,1585.9,25.6,17.65
8/13/2015 7:00,42229.29,1587.3,25.61,17.65
8/13/2015 7:10,42229.30,1588.8,25.6,17.65
8/13/2015 7:20,42229.31,1590.4,25.61,17.65
8/13/2015 7:30,42229.31,1592.6,25.61,17.65
8/13/2015 7:40,42229.32,1594.7,25.6,17.65
8/13/2015 7:50,42229.33,1597.2,25.61,17.65
8/13/2015 8:00,42229.33,1600,25.6,17.65
8/13/2015 8:10,42229.34,1602.9,25.6,17.65
8/13/2015 8:20,42229.35,1605.7,25.61,17.65
8/13/2015 8:30,42229.35,1608.3,25.6,17.65
8/13/2015 8:40,42229.36,1610.9,25.61,17.65
8/13/2015 8:50,42229.37,1613.7,25.61,17.65
8/13/2015 9:00,42229.38,1616.1,25.61,17.65
8/13/2015 9:10,42229.38,1619.2,25.61,17.65
8/13/2015 9:20,42229.39,1622,25.61,17.65
8/13/2015 9:30,42229.40,1624.7,25.61,17.65
8/13/2015 9:40,42229.40,1627.2,25.61,17.65
8/13/2015 9:50,42229.41,1629.3,25.61,17.65
8/13/2015 10:00,42229.42,1631.1,25.61,17.65
8/13/2015 10:10,42229.42,1632.5,25.61,17.65
8/13/2015 10:20,42229.43,1633.6,25.6,17.65
8/13/2015 10:30,42229.44,1634.5,25.61,17.65
8/13/2015 10:40,42229.44,1635.9,25.61,17.65
8/13/2015 10:50,42229.45,1637.5,25.61,17.65
8/13/2015 11:00,42229.46,1639.3,25.61,17.65
8/13/2015 11:10,42229.47,1640.5,25.61,17.65
8/13/2015 11:20,42229.47,1642,25.61,17.65
8/13/2015 11:30,42229.48,1643.2,25.6,17.65
8/13/2015 11:40,42229.49,1644.1,25.61,17.65
8/13/2015 11:50,42229.49,1645.1,25.61,17.65
8/13/2015 12:00,42229.50,1646,25.6,17.65
8/13/2015 12:10,42229.51,1646.9,25.61,17.65
8/13/2015 12:20,42229.51,1647.1,25.61,17.65
8/13/2015 12:30,42229.52,1647.5,25.61,17.65
8/13/2015 12:40,42229.53,1647.4,25.61,17.65
8/13/2015 12:50,42229.53,1646.9,25.61,17.65
8/13/2015 13:00,42229.54,1646.4,25.61,17.65
8/13/2015 13:10,42229.55,1645.1,25.61,17.65
8/13/2015 13:20,42229.56,1643.6,25.61,17.65
8/13/2015 13:30,42229.56,1641.8,25.61,17.65
8/13/2015 13:40,42229.57,1639.1,25.6,17.65
8/13/2015 13:50,42229.58,1637,25.6,17.65
8/13/2015 14:00,42229.58,1634.9,25.6,17.65
8/13/2015 14:10,42229.59,1633,25.61,17.65
8/13/2015 14:20,42229.60,1631.2,25.61,17.65
8/13/2015 14:30,42229.60,1629.3,25.6,17.65
8/13/2015 14:40,42229.61,1627.6,25.61,17.65
8/13/2015 14:50,42229.62,1626,25.61,17.65
8/13/2015 15:00,42229.63,1624,25.61,17.65
8/13/2015 15:10,42229.63,1622,25.61,17.65
8/13/2015 15:20,42229.64,1619.9,25.61,17.65
8/13/2015 15:30,42229.65,1618.4,25.6,17.65
8/13/2015 15:40,42229.65,1616.3,25.6,17.65
8/13/2015 15:50,42229.66,1614,25.6,17.65
8/13/2015 16:00,42229.67,1611.6,25.61,17.65
8/13/2015 16:10,42229.67,1609.1,25.6,17.65
8/13/2015 16:20,42229.68,1606.7,25.6,17.65
8/13/2015 16:30,42229.69,1603.9,25.61,17.65
8/13/2015 16:40,42229.69,1601.1,25.61,17.65
8/13/2015 16:50,42229.70,1598.8,25.6,17.65
8/13/2015 17:00,42229.71,1596.1,25.6,17.65
8/13/2015 17:10,42229.72,1593.9,25.61,17.65
8/13/2015 17:20,42229.72,1591.9,25.6,17.65
8/13/2015 17:30,42229.73,1590.1,25.6,17.65
8/13/2015 17:40,42229.74,1588.3,25.6,17.65
8/13/2015 17:50,42229.74,1586.9,25.6,17.65
8/13/2015 18:00,42229.75,1585.9,25.6,17.65
8/13/2015 18:10,42229.76,1584.6,25.6,17.65
8/13/2015 18:20,42229.76,1583.9,25.61,17.65
8/13/2015 18:30,42229.77,1583.4,25.6,17.65
8/13/2015 18:40,42229.78,1583.1,25.6,17.65
8/13/2015 18:50,42229.78,1582.9,25.6,17.65
8/13/2015 19:00,42229.79,1582.9,25.61,17.65
8/13/2015 19:10,42229.80,1582.9,25.61,17.65
8/13/2015 19:20,42229.81,1583.6,25.6,17.65
8/13/2015 19:30,42229.81,1584.8,25.61,17.65
8/13/2015 19:40,42229.82,1586,25.6,17.65
8/13/2015 19:50,42229.83,1587.6,25.61,17.65
8/13/2015 20:00,42229.83,1589.9,25.61,17.65
8/13/2015 20:10,42229.84,1591.9,25.61,17.65
8/13/2015 20:20,42229.85,1594.2,25.6,17.65
8/13/2015 20:30,42229.85,1597,25.6,17.65
8/13/2015 20:40,42229.86,1599.6,25.61,17.65
8/13/2015 20:50,42229.87,1602.5,25.61,17.65
8/13/2015 21:00,42229.88,1605.5,25.61,17.65
8/13/2015 21:10,42229.88,1608.1,25.61,17.65
8/13/2015 21:20,42229.89,1611.1,25.61,17.65
8/13/2015 21:30,42229.90,1613.7,25.61,17.65
8/13/2015 21:40,42229.90,1616.4,25.61,17.65
8/13/2015 21:50,42229.91,1618.8,25.61,17.65
8/13/2015 22:00,42229.92,1621.4,25.61,17.65
8/13/2015 22:10,42229.92,1624.4,25.61,17.65
8/13/2015 22:20,42229.93,1626.8,25.61,17.65
8/13/2015 22:30,42229.94,1629.1,25.61,17.65
8/13/2015 22:40,42229.94,1631,25.61,17.66
8/13/2015 22:50,42229.95,1632.4,25.61,17.65
8/13/2015 23:00,42229.96,1633.4,25.61,17.66
8/13/2015 23:10,42229.97,1634.3,25.61,17.66
8/13/2015 23:20,42229.97,1635,25.61,17.66
8/13/2015 23:30,42229.98,1636.4,25.61,17.66
8/13/2015 23:40,42229.99,1637.4,25.61,17.66
8/13/2015 23:50,42229.99,1638.2,25.61,17.66
8/14/2015 0:00,42230.00,1639.5,25.61,17.65
8/14/2015 0:10,42230.01,1640.7,25.61,17.66
8/14/2015 0:20,42230.01,1641.4,25.61,17.65
8/14/2015 0:30,42230.02,1642,25.61,17.66
8/14/2015 0:40,42230.03,1642.3,25.61,17.65
8/14/2015 0:50,42230.03,1642.4,25.61,17.65
8/14/2015 1:00,42230.04,1642.1,25.61,17.66
8/14/2015 1:10,42230.05,1641.9,25.61,17.65
8/14/2015 1:20,42230.06,1640.6,25.61,17.66
8/14/2015 1:30,42230.06,1639.3,25.61,17.65
8/14/2015 1:40,42230.07,1637.4,25.61,17.66
8/14/2015 1:50,42230.08,1636,25.61,17.66
8/14/2015 2:00,42230.08,1634.6,25.61,17.65
8/14/2015 2:10,42230.09,1633.2,25.61,17.65
8/14/2015 2:20,42230.10,1631.1,25.61,17.65
8/14/2015 2:30,42230.10,1629.4,25.61,17.65
8/14/2015 2:40,42230.11,1627.7,25.61,17.65
8/14/2015 2:50,42230.12,1625.5,25.61,17.66
8/14/2015 3:00,42230.13,1623.7,25.61,17.66
8/14/2015 3:10,42230.13,1621.6,25.61,17.65
8/14/2015 3:20,42230.14,1619.4,25.61,17.65
8/14/2015 3:30,42230.15,1617.6,25.61,17.65
8/14/2015 3:40,42230.15,1615.5,25.61,17.66
8/14/2015 3:50,42230.16,1613.2,25.61,17.66
8/14/2015 4:00,42230.17,1610.5,25.61,17.65
8/14/2015 4:10,42230.17,1607.5,25.61,17.65
8/14/2015 4:20,42230.18,1604.5,25.61,17.66
8/14/2015 4:30,42230.19,1601.8,25.61,17.65
8/14/2015 4:40,42230.19,1599.1,25.61,17.65
8/14/2015 4:50,42230.20,1596.8,25.6,17.65
8/14/2015 5:00,42230.21,1594.7,25.61,17.65
8/14/2015 5:10,42230.22,1592.6,25.6,17.65
8/14/2015 5:20,42230.22,1590.9,25.61,17.65
8/14/2015 5:30,42230.23,1589.2,25.6,17.65
8/14/2015 5:40,42230.24,1587.8,25.61,17.65
8/14/2015 5:50,42230.24,1586.4,25.61,17.65
8/14/2015 6:00,42230.25,1585.5,25.61,17.65
8/14/2015 6:10,42230.26,1584.3,25.61,17.65
8/14/2015 6:20,42230.26,1583.6,25.61,17.66
8/14/2015 6:30,42230.27,1582.9,25.61,17.66
8/14/2015 6:40,42230.28,1582.4,25.6,17.65
8/14/2015 6:50,42230.28,1582.1,25.61,17.65
8/14/2015 7:00,42230.29,1582.1,25.61,17.65
8/14/2015 7:10,42230.30,1582.1,25.6,17.65
8/14/2015 7:20,42230.31,1582.6,25.61,17.65
8/14/2015 7:30,42230.31,1583.4,25.6,17.65
8/14/2015 7:40,42230.32,1585,25.61,17.65
8/14/2015 7:50,42230.33,1586.9,25.61,17.65
8/14/2015 8:00,42230.33,1589,25.61,17.65
8/14/2015 8:10,42230.34,1591.1,25.61,17.65
8/14/2015 8:20,42230.35,1594.1,25.61,17.65
8/14/2015 8:30,42230.35,1596.6,25.61,17.65
8/14/2015 8:40,42230.36,1599.7,25.61,17.65
8/14/2015 8:50,42230.37,1602.8,25.61,17.65
8/14/2015 9:00,42230.38,1605.9,25.61,17.65
8/14/2015 9:10,42230.38,1609.1,25.61,17.65
8/14/2015 9:20,42230.39,1612.1,25.61,17.65
8/14/2015 9:30,42230.40,1615,25.61,17.66
8/14/2015 9:40,42230.40,1617.7,25.61,17.65
8/14/2015 9:50,42230.41,1620.8,25.61,17.66
8/14/2015 10:00,42230.42,1623.6,25.61,17.66
8/14/2015 10:10,42230.42,1626.8,25.61,17.65
8/14/2015 10:20,42230.43,1629.6,25.61,17.66
8/14/2015 10:30,42230.44,1632,25.61,17.65
8/14/2015 10:40,42230.44,1633.9,25.61,17.66
8/14/2015 10:50,42230.45,1635.3,25.61,17.65
8/14/2015 11:00,42230.46,1637,25.61,17.66
8/14/2015 11:10,42230.47,1638.2,25.61,17.66
8/14/2015 11:20,42230.47,1639.9,25.61,17.66
8/14/2015 11:30,42230.48,1641.7,25.61,17.66
8/14/2015 11:40,42230.49,1643.7,25.61,17.66
8/14/2015 11:50,42230.49,1646,25.61,17.66
8/14/2015 12:00,42230.50,1646.9,25.61,17.66
8/14/2015 12:10,42230.51,1648.3,25.61,17.66
8/14/2015 12:20,42230.51,1649.4,25.61,17.66
8/14/2015 12:30,42230.52,1650.7,25.61,17.66
8/14/2015 12:40,42230.53,1651.8,25.61,17.66
8/14/2015 12:50,42230.53,1652.4,25.61,17.66
8/14/2015 13:00,42230.54,1652.8,25.61,17.66
8/14/2015 13:10,42230.55,1652.9,25.61,17.66
8/14/2015 13:20,42230.56,1652.2,25.61,17.66
8/14/2015 13:30,42230.56,1651.8,25.61,17.66
8/14/2015 13:40,42230.57,1650.8,25.61,17.66
8/14/2015 13:50,42230.58,1648.8,25.61,17.66
8/14/2015 14:00,42230.58,1646.8,25.61,17.66
8/14/2015 14:10,42230.59,1644,25.61,17.65
8/14/2015 14:20,42230.60,1640.7,25.61,17.65
8/14/2015 14:30,42230.60,1637.7,25.61,17.66
8/14/2015 14:40,42230.61,1635.3,25.61,17.66
8/14/2015 14:50,42230.62,1633.1,25.61,17.65
8/14/2015 15:00,42230.63,1630.7,25.61,17.65
8/14/2015 15:10,42230.63,1628.9,25.61,17.65
8/14/2015 15:20,42230.64,1626.9,25.61,17.65
8/14/2015 15:30,42230.65,1624.8,25.61,17.66
8/14/2015 15:40,42230.65,1623.3,25.61,17.66
8/14/2015 15:50,42230.66,1621.5,25.61,17.66
8/14/2015 16:00,42230.67,1619.5,25.61,17.66
8/14/2015 16:10,42230.67,1617.8,25.61,17.66
8/14/2015 16:20,42230.68,1615.3,25.61,17.66
8/14/2015 16:30,42230.69,1613.1,25.61,17.65
8/14/2015 16:40,42230.69,1610.7,25.61,17.65
8/14/2015 16:50,42230.70,1607.7,25.61,17.65
8/14/2015 17:00,42230.71,1604.8,25.61,17.66
8/14/2015 17:10,42230.72,1602.2,25.61,17.66
8/14/2015 17:20,42230.72,1599.3,25.61,17.65
8/14/2015 17:30,42230.73,1596.8,25.61,17.66
8/14/2015 17:40,42230.74,1594.3,25.61,17.65
8/14/2015 17:50,42230.74,1592,25.61,17.66
8/14/2015 18:00,42230.75,1590,25.61,17.65
8/14/2015 18:10,42230.76,1588.1,25.61,17.65
8/14/2015 18:20,42230.76,1586.5,25.61,17.66
8/14/2015 18:30,42230.77,1585.2,25.61,17.65
8/14/2015 18:40,42230.78,1584.1,25.61,17.65
8/14/2015 18:50,42230.78,1583.2,25.61,17.65
8/14/2015 19:00,42230.79,1582.3,25.61,17.66
8/14/2015 19:10,42230.80,1581.5,25.61,17.65
8/14/2015 19:20,42230.81,1581.2,25.61,17.66
8/14/2015 19:30,42230.81,1581.1,25.61,17.66
8/14/2015 19:40,42230.82,1581.1,25.61,17.65
8/14/2015 19:50,42230.83,1581.5,25.61,17.65
8/14/2015 20:00,42230.83,1582.4,25.61,17.65
8/14/2015 20:10,42230.84,1583.8,25.61,17.65
8/14/2015 20:20,42230.85,1585.6,25.61,17.65
8/14/2015 20:30,42230.85,1587.6,25.61,17.65
8/14/2015 20:40,42230.86,1590,25.61,17.65
8/14/2015 20:50,42230.87,1592.6,25.61,17.65
8/14/2015 21:00,42230.88,1595.2,25.61,17.65
8/14/2015 21:10,42230.88,1597.9,25.61,17.65
8/14/2015 21:20,42230.89,1601.1,25.61,17.65
8/14/2015 21:30,42230.90,1604.2,25.61,17.65
8/14/2015 21:40,42230.90,1606.9,25.61,17.66
8/14/2015 21:50,42230.91,1609.7,25.61,17.66
8/14/2015 22:00,42230.92,1612.6,25.61,17.65
8/14/2015 22:10,42230.92,1615.1,25.61,17.65
8/14/2015 22:20,42230.93,1618.1,25.61,17.65
8/14/2015 22:30,42230.94,1620.7,25.61,17.65
8/14/2015 22:40,42230.94,1623.5,25.61,17.66
8/14/2015 22:50,42230.95,1626.2,25.61,17.66
8/14/2015 23:00,42230.96,1628.9,25.61,17.66
8/14/2015 23:10,42230.97,1631.1,25.61,17.66
8/14/2015 23:20,42230.97,1632.6,25.61,17.66
8/14/2015 23:30,42230.98,1633.8,25.61,17.66
8/14/2015 23:40,42230.99,1634.7,25.61,17.66
8/14/2015 23:50,42230.99,1635.6,25.61,17.66
8/15/2015 0:00,42231.00,1636.8,25.61,17.66
8/15/2015 0:10,42231.01,1638.5,25.61,17.66
8/15/2015 0:20,42231.01,1639.8,25.61,17.66
8/15/2015 0:30,42231.02,1641,25.61,17.66
8/15/2015 0:40,42231.03,1641.8,25.61,17.66
8/15/2015 0:50,42231.03,1642.8,25.61,17.66
8/15/2015 1:00,42231.04,1643.6,25.61,17.66
8/15/2015 1:10,42231.05,1643.9,25.61,17.66
8/15/2015 1:20,42231.06,1644.1,25.61,17.66
8/15/2015 1:30,42231.06,1644,25.62,17.66
8/15/2015 1:40,42231.07,1643.5,25.62,17.66
8/15/2015 1:50,42231.08,1642.2,25.61,17.66
8/15/2015 2:00,42231.08,1640.6,25.61,17.66
8/15/2015 2:10,42231.09,1638.8,25.61,17.66
8/15/2015 2:20,42231.10,1636.8,25.61,17.66
8/15/2015 2:30,42231.10,1635.4,25.61,17.66
8/15/2015 2:40,42231.11,1633.6,25.61,17.66
8/15/2015 2:50,42231.12,1631.8,25.61,17.66
8/15/2015 3:00,42231.13,1629.8,25.61,17.65
8/15/2015 3:10,42231.13,1627.9,25.61,17.66
8/15/2015 3:20,42231.14,1625.9,25.61,17.66
8/15/2015 3:30,42231.15,1623.8,25.61,17.66
8/15/2015 3:40,42231.15,1621.7,25.61,17.66
8/15/2015 3:50,42231.16,1619.7,25.61,17.66
8/15/2015 4:00,42231.17,1617.6,25.61,17.66
8/15/2015 4:10,42231.17,1615.1,25.61,17.66
8/15/2015 4:20,42231.18,1612.6,25.61,17.66
8/15/2015 4:30,42231.19,1609.6,25.61,17.66
8/15/2015 4:40,42231.19,1607.2,25.61,17.66
8/15/2015 4:50,42231.20,1603.9,25.61,17.66
8/15/2015 5:00,42231.21,1601.3,25.61,17.66
8/15/2015 5:10,42231.22,1598.3,25.61,17.66
8/15/2015 5:20,42231.22,1596.1,25.61,17.66
8/15/2015 5:30,42231.23,1593.4,25.61,17.66
8/15/2015 5:40,42231.24,1591.3,25.61,17.66
8/15/2015 5:50,42231.24,1589.8,25.61,17.66
8/15/2015 6:00,42231.25,1587.9,25.61,17.66
8/15/2015 6:10,42231.26,1586.5,25.61,17.66
8/15/2015 6:20,42231.26,1585.3,25.61,17.66
8/15/2015 6:30,42231.27,1584.2,25.61,17.66
8/15/2015 6:40,42231.28,1583,25.61,17.66
8/15/2015 6:50,42231.28,1582.1,25.61,17.66
8/15/2015 7:00,42231.29,1581.1,25.61,17.65
8/15/2015 7:10,42231.30,1580.8,25.61,17.66
8/15/2015 7:20,42231.31,1580,25.61,17.66
8/15/2015 7:30,42231.31,1580.1,25.61,17.65
8/15/2015 7:40,42231.32,1580.1,25.61,17.66
8/15/2015 7:50,42231.33,1580.5,25.61,17.66
8/15/2015 8:00,42231.33,1581.4,25.61,17.66
8/15/2015 8:10,42231.34,1582.8,25.61,17.66
8/15/2015 8:20,42231.35,1584.8,25.61,17.66
8/15/2015 8:30,42231.35,1586.7,25.61,17.65
8/15/2015 8:40,42231.36,1589,25.61,17.66
8/15/2015 8:50,42231.37,1591.7,25.61,17.66
8/15/2015 9:00,42231.38,1594.5,25.61,17.66
8/15/2015 9:10,42231.38,1597.5,25.61,17.66
8/15/2015 9:20,42231.39,1600.8,25.61,17.66
8/15/2015 9:30,42231.40,1604.1,25.61,17.66
8/15/2015 9:40,42231.40,1607.4,25.61,17.66
8/15/2015 9:50,42231.41,1610.4,25.61,17.65
8/15/2015 10:00,42231.42,1613.3,25.61,17.65
8/15/2015 10:10,42231.42,1616.3,25.61,17.65
8/15/2015 10:20,42231.43,1619,25.61,17.66
8/15/2015 10:30,42231.44,1622.3,25.61,17.65
8/15/2015 10:40,42231.44,1625.5,25.61,17.66
8/15/2015 10:50,42231.45,1628.9,25.61,17.66
8/15/2015 11:00,42231.46,1631.5,25.61,17.66
8/15/2015 11:10,42231.47,1633.5,25.61,17.65
8/15/2015 11:20,42231.47,1635,25.61,17.66
8/15/2015 11:30,42231.48,1636.3,25.61,17.66
8/15/2015 11:40,42231.49,1638.4,25.61,17.66
8/15/2015 11:50,42231.49,1639.8,25.61,17.66
8/15/2015 12:00,42231.50,1642.4,25.61,17.66
8/15/2015 12:10,42231.51,1644.3,25.61,17.66
8/15/2015 12:20,42231.51,1646.4,25.61,17.66
8/15/2015 12:30,42231.52,1647.8,25.61,17.66
8/15/2015 12:40,42231.53,1648.7,25.61,17.66
8/15/2015 12:50,42231.53,1650.3,25.61,17.66
8/15/2015 13:00,42231.54,1651,25.61,17.66
8/15/2015 13:10,42231.55,1652.3,25.61,17.66
8/15/2015 13:20,42231.56,1653.3,25.61,17.66
8/15/2015 13:30,42231.56,1653.5,25.61,17.66
8/15/2015 13:40,42231.57,1653.5,25.61,17.66
8/15/2015 13:50,42231.58,1652.9,25.61,17.66
8/15/2015 14:00,42231.58,1652,25.62,17.66
8/15/2015 14:10,42231.59,1650.5,25.61,17.66
8/15/2015 14:20,42231.60,1649.2,25.61,17.66
8/15/2015 14:30,42231.60,1646.8,25.62,17.66
8/15/2015 14:40,42231.61,1644.2,25.62,17.66
8/15/2015 14:50,42231.62,1641.2,25.61,17.66
8/15/2015 15:00,42231.63,1638.1,25.62,17.66
8/15/2015 15:10,42231.63,1635.2,25.61,17.66
8/15/2015 15:20,42231.64,1633,25.61,17.66
8/15/2015 15:30,42231.65,1630.7,25.61,17.66
8/15/2015 15:40,42231.65,1629,25.61,17.66
8/15/2015 15:50,42231.66,1627.2,25.61,17.65
8/15/2015 16:00,42231.67,1625.1,25.61,17.66
8/15/2015 16:10,42231.67,1623.1,25.61,17.66
8/15/2015 16:20,42231.68,1621.4,25.61,17.66
8/15/2015 16:30,42231.69,1619.5,25.61,17.66
8/15/2015 16:40,42231.69,1617.4,25.61,17.66
8/15/2015 16:50,42231.70,1615.1,25.61,17.66
8/15/2015 17:00,42231.71,1612.8,25.61,17.66
8/15/2015 17:10,42231.72,1610.3,25.61,17.66
8/15/2015 17:20,42231.72,1607.5,25.61,17.65
8/15/2015 17:30,42231.73,1604.8,25.61,17.65
8/15/2015 17:40,42231.74,1601.8,25.61,17.66
8/15/2015 17:50,42231.74,1599.2,25.61,17.65
8/15/2015 18:00,42231.75,1596.6,25.61,17.65
8/15/2015 18:10,42231.76,1594.3,25.61,17.65
8/15/2015 18:20,42231.76,1592.2,25.61,17.66
8/15/2015 18:30,42231.77,1589.8,25.61,17.65
8/15/2015 18:40,42231.78,1588.1,25.61,17.65
8/15/2015 18:50,42231.78,1586.7,25.61,17.65
8/15/2015 19:00,42231.79,1585.3,25.61,17.65
8/15/2015 19:10,42231.80,1584.2,25.61,17.65
8/15/2015 19:20,42231.81,1583.4,25.61,17.65
8/15/2015 19:30,42231.81,1582.7,25.61,17.65
8/15/2015 19:40,42231.82,1582.2,25.61,17.66
8/15/2015 19:50,42231.83,1581.5,25.61,17.65
8/15/2015 20:00,42231.83,1581.4,25.61,17.65
8/15/2015 20:10,42231.84,1581.3,25.61,17.66
8/15/2015 20:20,42231.85,1582,25.61,17.65
8/15/2015 20:30,42231.85,1582.8,25.61,17.65
8/15/2015 20:40,42231.86,1584.1,25.61,17.65
8/15/2015 20:50,42231.87,1586,25.61,17.65
8/15/2015 21:00,42231.88,1588.1,25.61,17.65
8/15/2015 21:10,42231.88,1590.1,25.61,17.65
8/15/2015 21:20,42231.89,1593.3,25.61,17.65
8/15/2015 21:30,42231.90,1595.9,25.61,17.65
8/15/2015 21:40,42231.90,1599,25.61,17.65
8/15/2015 21:50,42231.91,1601.8,25.61,17.65
8/15/2015 22:00,42231.92,1605.3,25.61,17.65
8/15/2015 22:10,42231.92,1608.6,25.61,17.65
8/15/2015 22:20,42231.93,1611.4,25.61,17.65
8/15/2015 22:30,42231.94,1614.3,25.61,17.65
8/15/2015 22:40,42231.94,1617.1,25.61,17.65
8/15/2015 22:50,42231.95,1619.5,25.61,17.66
8/15/2015 23:00,42231.96,1622.4,25.61,17.66
8/15/2015 23:10,42231.97,1625.2,25.61,17.66
8/15/2015 23:20,42231.97,1627.9,25.61,17.66
8/15/2015 23:30,42231.98,1630.8,25.61,17.66
8/15/2015 23:40,42231.99,1632.2,25.61,17.66
8/15/2015 23:50,42231.99,1633.8,25.61,17.66
8/16/2015 0:00,42232.00,1635,25.61,17.66
8/16/2015 0:10,42232.01,1636,25.61,17.66
8/16/2015 0:20,42232.01,1637.2,25.61,17.66
8/16/2015 0:30,42232.02,1638.5,25.61,17.66
8/16/2015 0:40,42232.03,1640.5,25.61,17.66
8/16/2015 0:50,42232.03,1641.6,25.61,17.66
8/16/2015 1:00,42232.04,1643.1,25.61,17.66
8/16/2015 1:10,42232.05,1644.2,25.61,17.66
8/16/2015 1:20,42232.06,1644.8,25.61,17.66
8/16/2015 1:30,42232.06,1645.3,25.61,17.66
8/16/2015 1:40,42232.07,1645.5,25.61,17.66
8/16/2015 1:50,42232.08,1645.7,25.61,17.66
8/16/2015 2:00,42232.08,1645.5,25.61,17.66
8/16/2015 2:10,42232.09,1645.1,25.61,17.66
8/16/2015 2:20,42232.10,1644.1,25.61,17.66
8/16/2015 2:30,42232.10,1642.3,25.61,17.66
8/16/2015 2:40,42232.11,1640.3,25.61,17.66
8/16/2015 2:50,42232.12,1638.2,25.61,17.66
8/16/2015 3:00,42232.13,1636.3,25.61,17.66
8/16/2015 3:10,42232.13,1634.2,25.61,17.66
8/16/2015 3:20,42232.14,1632.5,25.61,17.66
8/16/2015 3:30,42232.15,1630.6,25.61,17.66
8/16/2015 3:40,42232.15,1628.6,25.61,17.66
8/16/2015 3:50,42232.16,1626.5,25.61,17.66
8/16/2015 4:00,42232.17,1624.5,25.61,17.66
8/16/2015 4:10,42232.17,1622.4,25.61,17.66
8/16/2015 4:20,42232.18,1620.3,25.61,17.66
8/16/2015 4:30,42232.19,1618.2,25.61,17.66
8/16/2015 4:40,42232.19,1615.8,25.61,17.66
8/16/2015 4:50,42232.20,1613.5,25.61,17.66
8/16/2015 5:00,42232.21,1610.9,25.61,17.66
8/16/2015 5:10,42232.22,1608.1,25.61,17.66
8/16/2015 5:20,42232.22,1605,25.61,17.66
8/16/2015 5:30,42232.23,1602,25.61,17.66
8/16/2015 5:40,42232.24,1599.5,25.61,17.66
8/16/2015 5:50,42232.24,1596.8,25.61,17.66
8/16/2015 6:00,42232.25,1594.8,25.61,17.66
8/16/2015 6:10,42232.26,1592.7,25.61,17.66
8/16/2015 6:20,42232.26,1590.8,25.61,17.66
8/16/2015 6:30,42232.27,1589.1,25.61,17.65
8/16/2015 6:40,42232.28,1587.2,25.61,17.65
8/16/2015 6:50,42232.28,1586,25.61,17.66
8/16/2015 7:00,42232.29,1584.6,25.61,17.65
8/16/2015 7:10,42232.30,1583.7,25.61,17.65
8/16/2015 7:20,42232.31,1582.5,25.61,17.66
8/16/2015 7:30,42232.31,1581.5,25.61,17.65
8/16/2015 7:40,42232.32,1581,25.61,17.65
8/16/2015 7:50,42232.33,1580.6,25.61,17.65
8/16/2015 8:00,42232.33,1580.3,25.61,17.66
8/16/2015 8:10,42232.34,1580.4,25.61,17.65
8/16/2015 8:20,42232.35,1580.8,25.61,17.65
8/16/2015 8:30,42232.35,1581.8,25.61,17.65
8/16/2015 8:40,42232.36,1583.2,25.61,17.65
8/16/2015 8:50,42232.37,1585,25.61,17.66
8/16/2015 9:00,42232.38,1587.3,25.61,17.66
8/16/2015 9:10,42232.38,1590,25.61,17.65
8/16/2015 9:20,42232.39,1593,25.61,17.65
8/16/2015 9:30,42232.40,1596.8,25.61,17.66
8/16/2015 9:40,42232.40,1600.4,25.61,17.66
8/16/2015 9:50,42232.41,1603.5,25.61,17.65
8/16/2015 10:00,42232.42,1606.9,25.61,17.66
8/16/2015 10:10,42232.42,1610,25.61,17.66
8/16/2015 10:20,42232.43,1612.8,25.61,17.66
8/16/2015 10:30,42232.44,1615.4,25.61,17.66
8/16/2015 10:40,42232.44,1618.5,25.61,17.66
8/16/2015 10:50,42232.45,1621.3,25.61,17.66
8/16/2015 11:00,42232.46,1624.5,25.62,17.66
8/16/2015 11:10,42232.47,1627.2,25.61,17.66
8/16/2015 11:20,42232.47,1630.2,25.61,17.66
8/16/2015 11:30,42232.48,1632.5,25.61,17.66
8/16/2015 11:40,42232.49,1634.5,25.61,17.66
8/16/2015 11:50,42232.49,1635.7,25.61,17.66
8/16/2015 12:00,42232.50,1637.7,25.61,17.66
8/16/2015 12:10,42232.51,1639.6,25.61,17.66
8/16/2015 12:20,42232.51,1641.6,25.61,17.66
8/16/2015 12:30,42232.52,1643.6,25.61,17.66
8/16/2015 12:40,42232.53,1645.5,25.61,17.66
8/16/2015 12:50,42232.53,1646.9,25.61,17.66
8/16/2015 13:00,42232.54,1648.1,25.61,17.66
8/16/2015 13:10,42232.55,1649.3,25.61,17.66
8/16/2015 13:20,42232.56,1650.7,25.61,17.66
8/16/2015 13:30,42232.56,1651.9,25.61,17.66
8/16/2015 13:40,42232.57,1652.8,25.61,17.66
8/16/2015 13:50,42232.58,1653.1,25.61,17.66
8/16/2015 14:00,42232.58,1653.1,25.61,17.66
8/16/2015 14:10,42232.59,1652.8,25.61,17.66
8/16/2015 14:20,42232.60,1652.2,25.62,17.66
8/16/2015 14:30,42232.60,1650.8,25.62,17.66
8/16/2015 14:40,42232.61,1649.6,25.62,17.66
8/16/2015 14:50,42232.62,1647.6,25.61,17.66
8/16/2015 15:00,42232.63,1645.2,25.62,17.66
8/16/2015 15:10,42232.63,1642.8,25.62,17.66
8/16/2015 15:20,42232.64,1639.9,25.61,17.66
8/16/2015 15:30,42232.65,1637,25.61,17.66
8/16/2015 15:40,42232.65,1634.5,25.62,17.66
8/16/2015 15:50,42232.66,1632.2,25.62,17.66
8/16/2015 16:00,42232.67,1629.9,25.62,17.66
8/16/2015 16:10,42232.67,1627.9,25.61,17.66
8/16/2015 16:20,42232.68,1625.6,25.61,17.65
8/16/2015 16:30,42232.69,1623.8,25.61,17.66
8/16/2015 16:40,42232.69,1622,25.61,17.66
8/16/2015 16:50,42232.70,1620.4,25.61,17.66
8/16/2015 17:00,42232.71,1618.5,25.61,17.66
8/16/2015 17:10,42232.72,1616.5,25.61,17.66
8/16/2015 17:20,42232.72,1614.6,25.61,17.66
8/16/2015 17:30,42232.73,1612.4,25.61,17.66
8/16/2015 17:40,42232.74,1609.5,25.61,17.65
8/16/2015 17:50,42232.74,1606.6,25.61,17.66
8/16/2015 18:00,42232.75,1603.8,25.62,17.66
8/16/2015 18:10,42232.76,1600.7,25.61,17.65
8/16/2015 18:20,42232.76,1598.1,25.61,17.66
8/16/2015 18:30,42232.77,1595.4,25.61,17.66
8/16/2015 18:40,42232.78,1593.2,25.61,17.65
8/16/2015 18:50,42232.78,1590.8,25.61,17.65
8/16/2015 19:00,42232.79,1588.5,25.61,17.65
8/16/2015 19:10,42232.80,1586.9,25.61,17.66
8/16/2015 19:20,42232.81,1585.5,25.61,17.65
8/16/2015 19:30,42232.81,1583.9,25.61,17.65
8/16/2015 19:40,42232.82,1583,25.61,17.65
8/16/2015 19:50,42232.83,1582,25.61,17.66
8/16/2015 20:00,42232.83,1581.1,25.61,17.66
8/16/2015 20:10,42232.84,1580.3,25.61,17.65
8/16/2015 20:20,42232.85,1580.1,25.61,17.65
8/16/2015 20:30,42232.85,1579.9,25.61,17.65
8/16/2015 20:40,42232.86,1580.1,25.61,17.65
8/16/2015 20:50,42232.87,1580.8,25.61,17.66
8/16/2015 21:00,42232.88,1581.5,25.61,17.65
8/16/2015 21:10,42232.88,1583.1,25.61,17.65
8/16/2015 21:20,42232.89,1585.1,25.61,17.65
8/16/2015 21:30,42232.90,1587.2,25.61,17.66
8/16/2015 21:40,42232.90,1589.4,25.61,17.65
8/16/2015 21:50,42232.91,1592.1,25.61,17.65
8/16/2015 22:00,42232.92,1594.7,25.61,17.65
8/16/2015 22:10,42232.92,1597.9,25.61,17.66
8/16/2015 22:20,42232.93,1600.8,25.61,17.66
8/16/2015 22:30,42232.94,1604,25.62,17.65
8/16/2015 22:40,42232.94,1607.3,25.61,17.66
8/16/2015 22:50,42232.95,1610.2,25.61,17.66
8/16/2015 23:00,42232.96,1613.2,25.61,17.65
8/16/2015 23:10,42232.97,1616,25.61,17.66
8/16/2015 23:20,42232.97,1618.9,25.61,17.66
8/16/2015 23:30,42232.98,1621.7,25.61,17.66
8/16/2015 23:40,42232.99,1624.4,25.62,17.66
8/16/2015 23:50,42232.99,1627.5,25.62,17.66
8/17/2015 0:00,42233.00,1630,25.61,17.66
8/17/2015 0:10,42233.01,1632.2,25.62,17.66
8/17/2015 0:20,42233.01,1633.6,25.62,17.66
8/17/2015 0:30,42233.02,1634.2,25.61,17.66
8/17/2015 0:40,42233.03,1635.2,25.61,17.66
8/17/2015 0:50,42233.03,1636.9,25.62,17.66
8/17/2015 1:00,42233.04,1638.5,25.61,17.66
8/17/2015 1:10,42233.05,1640.3,25.62,17.66
8/17/2015 1:20,42233.06,1642,25.61,17.66
8/17/2015 1:30,42233.06,1643,25.61,17.66
8/17/2015 1:40,42233.07,1644.4,25.62,17.66
8/17/2015 1:50,42233.08,1645.1,25.61,17.66
8/17/2015 2:00,42233.08,1645.9,25.62,17.66
8/17/2015 2:10,42233.09,1646.5,25.62,17.66
8/17/2015 2:20,42233.10,1647,25.62,17.66
8/17/2015 2:30,42233.10,1647,25.62,17.66
8/17/2015 2:40,42233.11,1646.8,25.62,17.66
8/17/2015 2:50,42233.12,1645.6,25.62,17.66
8/17/2015 3:00,42233.13,1644,25.62,17.66
8/17/2015 3:10,42233.13,1642.1,25.62,17.66
8/17/2015 3:20,42233.14,1639.6,25.62,17.66
8/17/2015 3:30,42233.15,1637.6,25.62,17.66
8/17/2015 3:40,42233.15,1635.3,25.62,17.66
8/17/2015 3:50,42233.16,1633.2,25.61,17.66
8/17/2015 4:00,42233.17,1631.2,25.61,17.66
8/17/2015 4:10,42233.17,1629.1,25.61,17.66
8/17/2015 4:20,42233.18,1627.2,25.61,17.66
8/17/2015 4:30,42233.19,1625.3,25.61,17.66
8/17/2015 4:40,42233.19,1623.3,25.62,17.66
8/17/2015 4:50,42233.20,1621,25.61,17.66
8/17/2015 5:00,42233.21,1618.9,25.61,17.66
8/17/2015 5:10,42233.22,1616.7,25.61,17.66
8/17/2015 5:20,42233.22,1614.2,25.61,17.66
8/17/2015 5:30,42233.23,1611.9,25.61,17.66
8/17/2015 5:40,42233.24,1609,25.61,17.65
8/17/2015 5:50,42233.24,1606.4,25.61,17.65
8/17/2015 6:00,42233.25,1603.2,25.61,17.66
8/17/2015 6:10,42233.26,1600.4,25.61,17.65
8/17/2015 6:20,42233.26,1597.7,25.61,17.65
8/17/2015 6:30,42233.27,1595.1,25.61,17.65
8/17/2015 6:40,42233.28,1592.8,25.61,17.65
8/17/2015 6:50,42233.28,1590.8,25.61,17.66
8/17/2015 7:00,42233.29,1589.1,25.61,17.65
8/17/2015 7:10,42233.30,1587.4,25.61,17.66
8/17/2015 7:20,42233.31,1586,25.61,17.65
8/17/2015 7:30,42233.31,1584.8,25.61,17.65
8/17/2015 7:40,42233.32,1583.4,25.61,17.66
8/17/2015 7:50,42233.33,1582.8,25.61,17.66
8/17/2015 8:00,42233.33,1581.7,25.61,17.66
8/17/2015 8:10,42233.34,1581.5,25.61,17.66
8/17/2015 8:20,42233.35,1580.7,25.61,17.65
8/17/2015 8:30,42233.35,1580.5,25.61,17.66
8/17/2015 8:40,42233.36,1580.7,25.61,17.65
8/17/2015 8:50,42233.37,1581.3,25.61,17.65
8/17/2015 9:00,42233.38,1582.1,25.61,17.66
8/17/2015 9:10,42233.38,1583.1,25.61,17.65
8/17/2015 9:20,42233.39,1584.8,25.61,17.66
8/17/2015 9:30,42233.40,1586.7,25.61,17.65
8/17/2015 9:40,42233.40,1589,25.61,17.65
8/17/2015 9:50,42233.41,1591.6,25.61,17.65
8/17/2015 10:00,42233.42,1594.2,25.61,17.66
8/17/2015 10:10,42233.42,1596.8,25.61,17.66
8/17/2015 10:20,42233.43,1600.3,25.61,17.66
8/17/2015 10:30,42233.44,1603.5,25.61,17.66
8/17/2015 10:40,42233.44,1606.6,25.62,17.66
8/17/2015 10:50,42233.45,1609.5,25.61,17.66
8/17/2015 11:00,42233.46,1612.7,25.62,17.66
8/17/2015 11:10,42233.47,1615.7,25.62,17.66
8/17/2015 11:20,42233.47,1618.6,25.62,17.66
8/17/2015 11:30,42233.48,1621.7,25.62,17.66
8/17/2015 11:40,42233.49,1624.5,25.62,17.66
8/17/2015 11:50,42233.49,1627.5,25.62,17.66
8/17/2015 12:00,42233.50,1630.1,25.62,17.66
8/17/2015 12:10,42233.51,1632.6,25.61,17.66
8/17/2015 12:20,42233.51,1633.8,25.61,17.66
8/17/2015 12:30,42233.52,1635.2,25.62,17.66
8/17/2015 12:40,42233.53,1636.4,25.61,17.66
8/17/2015 12:50,42233.53,1638.4,25.62,17.66
8/17/2015 13:00,42233.54,1640.3,25.61,17.66
8/17/2015 13:10,42233.55,1641.9,25.62,17.66
8/17/2015 13:20,42233.56,1643.8,25.62,17.66
8/17/2015 13:30,42233.56,1645.2,25.62,17.66
8/17/2015 13:40,42233.57,1646.6,25.62,17.66
8/17/2015 13:50,42233.58,1647.5,25.62,17.66
8/17/2015 14:00,42233.58,1648.9,25.62,17.66
8/17/2015 14:10,42233.59,1649.9,25.62,17.66
8/17/2015 14:20,42233.60,1650.4,25.62,17.66
8/17/2015 14:30,42233.60,1650.4,25.62,17.66
8/17/2015 14:40,42233.61,1650.4,25.62,17.66
8/17/2015 14:50,42233.62,1649.5,25.61,17.66
8/17/2015 15:00,42233.63,1648.9,25.62,17.66
8/17/2015 15:10,42233.63,1647.6,25.62,17.66
8/17/2015 15:20,42233.64,1645.2,25.62,17.66
8/17/2015 15:30,42233.65,1642.8,25.62,17.66
8/17/2015 15:40,42233.65,1640.2,25.62,17.66
8/17/2015 15:50,42233.66,1637.5,25.61,17.66
8/17/2015 16:00,42233.67,1635.2,25.61,17.66
8/17/2015 16:10,42233.67,1632.9,25.62,17.66
8/17/2015 16:20,42233.68,1630.4,25.62,17.66
8/17/2015 16:30,42233.69,1628.3,25.61,17.66
8/17/2015 16:40,42233.69,1626.6,25.62,17.66
8/17/2015 16:50,42233.70,1624.7,25.62,17.66
8/17/2015 17:00,42233.71,1623,25.62,17.66
8/17/2015 17:10,42233.72,1620.8,25.61,17.66
8/17/2015 17:20,42233.72,1618.7,25.61,17.66
8/17/2015 17:30,42233.73,1616.9,25.62,17.66
8/17/2015 17:40,42233.74,1614.6,25.61,17.66
8/17/2015 17:50,42233.74,1612.5,25.61,17.66
8/17/2015 18:00,42233.75,1610,25.61,17.66
8/17/2015 18:10,42233.76,1607.3,25.61,17.66
8/17/2015 18:20,42233.76,1604.3,25.61,17.66
8/17/2015 18:30,42233.77,1601.4,25.61,17.66
8/17/2015 18:40,42233.78,1598.4,25.61,17.66
8/17/2015 18:50,42233.78,1595.8,25.61,17.66
8/17/2015 19:00,42233.79,1593.5,25.61,17.66
8/17/2015 19:10,42233.80,1591.6,25.61,17.66
8/17/2015 19:20,42233.81,1589.5,25.61,17.66
8/17/2015 19:30,42233.81,1587.8,25.61,17.66
8/17/2015 19:40,42233.82,1586.3,25.61,17.66
8/17/2015 19:50,42233.83,1585.1,25.61,17.66
8/17/2015 20:00,42233.83,1583.6,25.61,17.66
8/17/2015 20:10,42233.84,1582.8,25.61,17.66
8/17/2015 20:20,42233.85,1581.9,25.61,17.66
8/17/2015 20:30,42233.85,1581.5,25.61,17.66
8/17/2015 20:40,42233.86,1580.7,25.61,17.66
8/17/2015 20:50,42233.87,1580.3,25.61,17.66
8/17/2015 21:00,42233.88,1580.3,25.61,17.66
8/17/2015 21:10,42233.88,1580.5,25.61,17.66
8/17/2015 21:20,42233.89,1581.2,25.61,17.66
8/17/2015 21:30,42233.90,1582.3,25.61,17.66
8/17/2015 21:40,42233.90,1583.6,25.61,17.66
8/17/2015 21:50,42233.91,1585.7,25.61,17.66
8/17/2015 22:00,42233.92,1587.8,25.61,17.66
8/17/2015 22:10,42233.92,1590.2,25.61,17.65
8/17/2015 22:20,42233.93,1593,25.61,17.66
8/17/2015 22:30,42233.94,1595.8,25.61,17.66
8/17/2015 22:40,42233.94,1598.8,25.62,17.66
8/17/2015 22:50,42233.95,1602.1,25.62,17.66
8/17/2015 23:00,42233.96,1605.2,25.61,17.66
8/17/2015 23:10,42233.97,1608.2,25.62,17.66
8/17/2015 23:20,42233.97,1611.5,25.62,17.66
8/17/2015 23:30,42233.98,1614.1,25.62,17.66
8/17/2015 23:40,42233.99,1616.7,25.62,17.66
8/17/2015 23:50,42233.99,1619.9,25.62,17.66
8/18/2015 0:00,42234.00,1622.4,25.62,17.66
8/18/2015 0:10,42234.01,1625.6,25.62,17.66
8/18/2015 0:20,42234.01,1628.4,25.62,17.66
8/18/2015 0:30,42234.02,1630.4,25.61,17.66
8/18/2015 0:40,42234.03,1632,25.62,17.66
8/18/2015 0:50,42234.03,1633.6,25.62,17.66
8/18/2015 1:00,42234.04,1634.5,25.62,17.66
8/18/2015 1:10,42234.05,1635.9,25.62,17.66
8/18/2015 1:20,42234.06,1636.9,25.62,17.66
8/18/2015 1:30,42234.06,1638.6,25.62,17.66
8/18/2015 1:40,42234.07,1639.6,25.62,17.66
8/18/2015 1:50,42234.08,1641,25.61,17.66
8/18/2015 2:00,42234.08,1642,25.61,17.66
8/18/2015 2:10,42234.09,1643.3,25.62,17.66
8/18/2015 2:20,42234.10,1644.1,25.61,17.66
8/18/2015 2:30,42234.10,1644.8,25.61,17.66
8/18/2015 2:40,42234.11,1645.5,25.61,17.66
8/18/2015 2:50,42234.12,1645.9,25.62,17.66
8/18/2015 3:00,42234.13,1645.7,25.61,17.66
8/18/2015 3:10,42234.13,1645.1,25.61,17.66
8/18/2015 3:20,42234.14,1644,25.62,17.66
8/18/2015 3:30,42234.15,1642.4,25.62,17.66
8/18/2015 3:40,42234.15,1639.9,25.61,17.66
8/18/2015 3:50,42234.16,1638.3,25.62,17.66
8/18/2015 4:00,42234.17,1636.1,25.61,17.66
8/18/2015 4:10,42234.17,1634.3,25.62,17.66
8/18/2015 4:20,42234.18,1632.4,25.62,17.66
8/18/2015 4:30,42234.19,1630.4,25.62,17.66
8/18/2015 4:40,42234.19,1628.4,25.61,17.66
8/18/2015 4:50,42234.20,1626.8,25.62,17.66
8/18/2015 5:00,42234.21,1624.9,25.62,17.66
8/18/2015 5:10,42234.22,1622.8,25.62,17.66
8/18/2015 5:20,42234.22,1620.7,25.62,17.66
8/18/2015 5:30,42234.23,1618.6,25.62,17.66
8/18/2015 5:40,42234.24,1616.4,25.62,17.66
8/18/2015 5:50,42234.24,1614.1,25.62,17.66
8/18/2015 6:00,42234.25,1611.4,25.62,17.66
8/18/2015 6:10,42234.26,1608.6,25.61,17.66
8/18/2015 6:20,42234.26,1605.7,25.61,17.66
8/18/2015 6:30,42234.27,1602.5,25.61,17.66
8/18/2015 6:40,42234.28,1600,25.62,17.66
8/18/2015 6:50,42234.28,1597.6,25.62,17.66
8/18/2015 7:00,42234.29,1595.3,25.61,17.66
8/18/2015 7:10,42234.30,1593.4,25.61,17.66
8/18/2015 7:20,42234.31,1591.5,25.61,17.65
8/18/2015 7:30,42234.31,1590.1,25.61,17.66
8/18/2015 7:40,42234.32,1588.5,25.61,17.66
8/18/2015 7:50,42234.33,1587.3,25.61,17.66
8/18/2015 8:00,42234.33,1586,25.61,17.66
8/18/2015 8:10,42234.34,1585.2,25.61,17.66
8/18/2015 8:20,42234.35,1584.7,25.62,17.66
8/18/2015 8:30,42234.35,1583.8,25.61,17.66
8/18/2015 8:40,42234.36,1583.3,25.61,17.66
8/18/2015 8:50,42234.37,1582.8,25.61,17.66
8/18/2015 9:00,42234.38,1582.9,25.61,17.66
8/18/2015 9:10,42234.38,1582.8,25.62,17.66
8/18/2015 9:20,42234.39,1583.3,25.61,17.66
8/18/2015 9:30,42234.40,1584.1,25.61,17.66
8/18/2015 9:40,42234.40,1585.9,25.62,17.66
8/18/2015 9:50,42234.41,1587.4,25.61,17.66
8/18/2015 10:00,42234.42,1589.4,25.62,17.66
8/18/2015 10:10,42234.42,1591.5,25.62,17.66
8/18/2015 10:20,42234.43,1593.9,25.62,17.66
8/18/2015 10:30,42234.44,1596.4,25.62,17.66
8/18/2015 10:40,42234.44,1598.9,25.62,17.66
8/18/2015 10:50,42234.45,1602.1,25.62,17.66
8/18/2015 11:00,42234.46,1604.5,25.62,17.66
8/18/2015 11:10,42234.47,1607.3,25.62,17.66
8/18/2015 11:20,42234.47,1610,25.62,17.66
8/18/2015 11:30,42234.48,1612.5,25.62,17.66
8/18/2015 11:40,42234.49,1615,25.62,17.66
8/18/2015 11:50,42234.49,1617.6,25.62,17.66
8/18/2015 12:00,42234.50,1620.4,25.62,17.66
8/18/2015 12:10,42234.51,1623.1,25.62,17.66
8/18/2015 12:20,42234.51,1625.9,25.62,17.66
8/18/2015 12:30,42234.52,1628.6,25.62,17.66
8/18/2015 12:40,42234.53,1629.8,25.62,17.66
8/18/2015 12:50,42234.53,1631.5,25.62,17.66
8/18/2015 13:00,42234.54,1632.7,25.62,17.66
8/18/2015 13:10,42234.55,1633.5,25.62,17.66
8/18/2015 13:20,42234.56,1634.7,25.62,17.66
8/18/2015 13:30,42234.56,1635.9,25.62,17.66
8/18/2015 13:40,42234.57,1637.1,25.62,17.66
8/18/2015 13:50,42234.58,1638.3,25.62,17.66
8/18/2015 14:00,42234.58,1639.1,25.62,17.66
8/18/2015 14:10,42234.59,1640.3,25.62,17.66
8/18/2015 14:20,42234.60,1641.3,25.62,17.66
8/18/2015 14:30,42234.60,1642,25.62,17.66
8/18/2015 14:40,42234.61,1642.6,25.62,17.66
8/18/2015 14:50,42234.62,1643.1,25.62,17.66
8/18/2015 15:00,42234.63,1643.2,25.62,17.66
8/18/2015 15:10,42234.63,1643,25.62,17.66
8/18/2015 15:20,42234.64,1642.3,25.62,17.66
8/18/2015 15:30,42234.65,1641,25.62,17.66
8/18/2015 15:40,42234.65,1639.8,25.62,17.66
8/18/2015 15:50,42234.66,1637.8,25.62,17.66
8/18/2015 16:00,42234.67,1636.4,25.62,17.66
8/18/2015 16:10,42234.67,1634.5,25.62,17.66
8/18/2015 16:20,42234.68,1632.8,25.62,17.66
8/18/2015 16:30,42234.69,1631,25.62,17.66
8/18/2015 16:40,42234.69,1629.1,25.62,17.66
8/18/2015 16:50,42234.70,1627.5,25.62,17.66
8/18/2015 17:00,42234.71,1625.5,25.62,17.66
8/18/2015 17:10,42234.72,1623.5,25.62,17.66
8/18/2015 17:20,42234.72,1621.6,25.62,17.66
8/18/2015 17:30,42234.73,1619.6,25.62,17.66
8/18/2015 17:40,42234.74,1617.7,25.61,17.66
8/18/2015 17:50,42234.74,1615.3,25.61,17.66
8/18/2015 18:00,42234.75,1612.7,25.62,17.66
8/18/2015 18:10,42234.76,1610,25.61,17.66
8/18/2015 18:20,42234.76,1607.2,25.62,17.66
8/18/2015 18:30,42234.77,1604.4,25.62,17.66
8/18/2015 18:40,42234.78,1601.5,25.61,17.66
8/18/2015 18:50,42234.78,1598.8,25.62,17.66
8/18/2015 19:00,42234.79,1596.1,25.61,17.66
8/18/2015 19:10,42234.80,1594,25.61,17.66
8/18/2015 19:20,42234.81,1592,25.62,17.66
8/18/2015 19:30,42234.81,1590.4,25.61,17.66
8/18/2015 19:40,42234.82,1588.9,25.62,17.66
8/18/2015 19:50,42234.83,1587.3,25.62,17.66
8/18/2015 20:00,42234.83,1585.7,25.62,17.66
8/18/2015 20:10,42234.84,1584.6,25.62,17.66
8/18/2015 20:20,42234.85,1583.8,25.61,17.66
8/18/2015 20:30,42234.85,1582.6,25.61,17.66
8/18/2015 20:40,42234.86,1581.9,25.61,17.66
8/18/2015 20:50,42234.87,1581.1,25.62,17.66
8/18/2015 21:00,42234.88,1580.4,25.62,17.66
8/18/2015 21:10,42234.88,1579.8,25.61,17.66
8/18/2015 21:20,42234.89,1579.8,25.61,17.66
8/18/2015 21:30,42234.90,1579.9,25.62,17.66
8/18/2015 21:40,42234.90,1580.2,25.62,17.66
8/18/2015 21:50,42234.91,1580.9,25.62,17.66
8/18/2015 22:00,42234.92,1582.5,25.62,17.66
8/18/2015 22:10,42234.92,1584.2,25.62,17.66
8/18/2015 22:20,42234.93,1586.3,25.62,17.66
8/18/2015 22:30,42234.94,1588.2,25.62,17.66
8/18/2015 22:40,42234.94,1590.6,25.62,17.66
8/18/2015 22:50,42234.95,1593.1,25.62,17.66
8/18/2015 23:00,42234.96,1595.7,25.62,17.66
8/18/2015 23:10,42234.97,1598.8,25.62,17.66
8/18/2015 23:20,42234.97,1602,25.62,17.66
8/18/2015 23:30,42234.98,1604.7,25.62,17.66
8/18/2015 23:40,42234.99,1607.3,25.62,17.66
8/18/2015 23:50,42234.99,1610,25.62,17.66
8/19/2015 0:00,42235.00,1612.6,25.61,17.66
8/19/2015 0:10,42235.01,1615,25.62,17.66
8/19/2015 0:20,42235.01,1617.3,25.61,17.66
8/19/2015 0:30,42235.02,1620.5,25.61,17.66
8/19/2015 0:40,42235.03,1623.1,25.62,17.66
8/19/2015 0:50,42235.03,1626.1,25.62,17.66
8/19/2015 1:00,42235.04,1628,25.62,17.66
8/19/2015 1:10,42235.05,1629.3,25.61,17.66
8/19/2015 1:20,42235.06,1630.8,25.62,17.66
8/19/2015 1:30,42235.06,1631.7,25.62,17.66
8/19/2015 1:40,42235.07,1633.1,25.62,17.66
8/19/2015 1:50,42235.08,1634.3,25.62,17.66
8/19/2015 2:00,42235.08,1635.3,25.62,17.66
8/19/2015 2:10,42235.09,1636.9,25.62,17.66
8/19/2015 2:20,42235.10,1637.8,25.62,17.66
8/19/2015 2:30,42235.10,1638.5,25.62,17.66
8/19/2015 2:40,42235.11,1639.6,25.62,17.66
8/19/2015 2:50,42235.12,1639.9,25.62,17.66
8/19/2015 3:00,42235.13,1640.6,25.62,17.66
8/19/2015 3:10,42235.13,1640.9,25.62,17.66
8/19/2015 3:20,42235.14,1640.8,25.62,17.66
8/19/2015 3:30,42235.15,1640.3,25.62,17.66
8/19/2015 3:40,42235.15,1639.5,25.62,17.66
8/19/2015 3:50,42235.16,1638.4,25.62,17.66
8/19/2015 4:00,42235.17,1637.4,25.62,17.66
8/19/2015 4:10,42235.17,1635.9,25.62,17.66
8/19/2015 4:20,42235.18,1634.6,25.62,17.66
8/19/2015 4:30,42235.19,1633.1,25.62,17.66
8/19/2015 4:40,42235.19,1631.5,25.62,17.66
8/19/2015 4:50,42235.20,1629.4,25.62,17.66
8/19/2015 5:00,42235.21,1627.7,25.62,17.66
8/19/2015 5:10,42235.22,1625.9,25.62,17.66
8/19/2015 5:20,42235.22,1624,25.62,17.66
8/19/2015 5:30,42235.23,1622,25.61,17.66
8/19/2015 5:40,42235.24,1620.2,25.62,17.66
8/19/2015 5:50,42235.24,1618.1,25.62,17.66
8/19/2015 6:00,42235.25,1615.8,25.62,17.66
8/19/2015 6:10,42235.26,1613.4,25.62,17.66
8/19/2015 6:20,42235.26,1610.5,25.62,17.66
8/19/2015 6:30,42235.27,1607.5,25.62,17.66
8/19/2015 6:40,42235.28,1604.8,25.62,17.66
8/19/2015 6:50,42235.28,1602.1,25.62,17.66
8/19/2015 7:00,42235.29,1599.5,25.62,17.66
8/19/2015 7:10,42235.30,1597.2,25.62,17.66
8/19/2015 7:20,42235.31,1595.1,25.62,17.66
8/19/2015 7:30,42235.31,1593.1,25.62,17.66
8/19/2015 7:40,42235.32,1591.3,25.62,17.66
8/19/2015 7:50,42235.33,1589.8,25.62,17.66
8/19/2015 8:00,42235.33,1588.2,25.62,17.66
8/19/2015 8:10,42235.34,1587.1,25.62,17.66
8/19/2015 8:20,42235.35,1585.9,25.62,17.66
8/19/2015 8:30,42235.35,1584.8,25.61,17.66
8/19/2015 8:40,42235.36,1583.9,25.62,17.66
8/19/2015 8:50,42235.37,1583,25.62,17.66
8/19/2015 9:00,42235.38,1582.3,25.62,17.66
8/19/2015 9:10,42235.38,1581.6,25.62,17.66
8/19/2015 9:20,42235.39,1581.4,25.62,17.66
8/19/2015 9:30,42235.40,1581.4,25.62,17.66
8/19/2015 9:40,42235.40,1581.4,25.62,17.66
8/19/2015 9:50,42235.41,1582.3,25.62,17.66
8/19/2015 10:00,42235.42,1583.2,25.62,17.66
8/19/2015 10:10,42235.42,1584.4,25.62,17.66
8/19/2015 10:20,42235.43,1586.1,25.62,17.66
8/19/2015 10:30,42235.44,1588.2,25.62,17.66
8/19/2015 10:40,42235.44,1590.3,25.62,17.66
8/19/2015 10:50,42235.45,1592.6,25.62,17.66
8/19/2015 11:00,42235.46,1595,25.62,17.66
8/19/2015 11:10,42235.47,1597.6,25.62,17.66
8/19/2015 11:20,42235.47,1600.6,25.62,17.66
8/19/2015 11:30,42235.48,1603.5,25.62,17.66
8/19/2015 11:40,42235.49,1606,25.62,17.66
8/19/2015 11:50,42235.49,1608.7,25.62,17.66
8/19/2015 12:00,42235.50,1611.2,25.62,17.66
8/19/2015 12:10,42235.51,1614,25.62,17.66
8/19/2015 12:20,42235.51,1616.7,25.62,17.66
8/19/2015 12:30,42235.52,1619.3,25.62,17.66
8/19/2015 12:40,42235.53,1622.1,25.62,17.66
8/19/2015 12:50,42235.53,1624.7,25.62,17.66
8/19/2015 13:00,42235.54,1627,25.62,17.66
8/19/2015 13:10,42235.55,1628.6,25.62,17.66
8/19/2015 13:20,42235.56,1630,25.62,17.66
8/19/2015 13:30,42235.56,1631.1,25.62,17.66
8/19/2015 13:40,42235.57,1632.2,25.62,17.66
8/19/2015 13:50,42235.58,1633.2,25.62,17.66
8/19/2015 14:00,42235.58,1634,25.62,17.66
8/19/2015 14:10,42235.59,1635,25.62,17.66
8/19/2015 14:20,42235.60,1635.7,25.62,17.66
8/19/2015 14:30,42235.60,1636.4,25.62,17.66
8/19/2015 14:40,42235.61,1637.4,25.62,17.66
8/19/2015 14:50,42235.62,1638.3,25.62,17.66
8/19/2015 15:00,42235.63,1638.7,25.62,17.66
8/19/2015 15:10,42235.63,1639.2,25.62,17.66
8/19/2015 15:20,42235.64,1639.1,25.62,17.66
8/19/2015 15:30,42235.65,1639.1,25.62,17.66
8/19/2015 15:40,42235.65,1638.7,25.62,17.66
8/19/2015 15:50,42235.66,1637.3,25.62,17.66
8/19/2015 16:00,42235.67,1636.7,25.62,17.66
8/19/2015 16:10,42235.67,1635.4,25.62,17.66
8/19/2015 16:20,42235.68,1634.3,25.62,17.66
8/19/2015 16:30,42235.69,1633,25.62,17.66
8/19/2015 16:40,42235.69,1631.4,25.62,17.66
8/19/2015 16:50,42235.70,1629.9,25.62,17.66
8/19/2015 17:00,42235.71,1628.1,25.62,17.66
8/19/2015 17:10,42235.72,1626.8,25.62,17.66
8/19/2015 17:20,42235.72,1624.9,25.62,17.66
8/19/2015 17:30,42235.73,1623,25.62,17.66
8/19/2015 17:40,42235.74,1620.7,25.62,17.66
8/19/2015 17:50,42235.74,1618.5,25.62,17.66
8/19/2015 18:00,42235.75,1616.5,25.62,17.66
8/19/2015 18:10,42235.76,1614.1,25.62,17.66
8/19/2015 18:20,42235.76,1612,25.62,17.66
8/19/2015 18:30,42235.77,1609.6,25.62,17.66
8/19/2015 18:40,42235.78,1607,25.62,17.66
8/19/2015 18:50,42235.78,1603.9,25.61,17.66
8/19/2015 19:00,42235.79,1601.4,25.62,17.66
8/19/2015 19:10,42235.80,1598.9,25.61,17.66
8/19/2015 19:20,42235.81,1596.5,25.62,17.66
8/19/2015 19:30,42235.81,1595,25.62,17.66
8/19/2015 19:40,42235.82,1592.7,25.62,17.66
8/19/2015 19:50,42235.83,1590.8,25.62,17.66
8/19/2015 20:00,42235.83,1589.4,25.62,17.66
8/19/2015 20:10,42235.84,1587.7,25.62,17.66
8/19/2015 20:20,42235.85,1586.3,25.62,17.66
8/19/2015 20:30,42235.85,1585.2,25.62,17.66
8/19/2015 20:40,42235.86,1584.6,25.62,17.66
8/19/2015 20:50,42235.87,1583.2,25.62,17.66
8/19/2015 21:00,42235.88,1582.3,25.62,17.66
8/19/2015 21:10,42235.88,1581.3,25.62,17.66
8/19/2015 21:20,42235.89,1580.6,25.62,17.66
8/19/2015 21:30,42235.90,1579.9,25.62,17.66
8/19/2015 21:40,42235.90,1579.3,25.62,17.66
8/19/2015 21:50,42235.91,1579.2,25.62,17.66
8/19/2015 22:00,42235.92,1579.3,25.62,17.66
8/19/2015 22:10,42235.92,1580,25.62,17.66
8/19/2015 22:20,42235.93,1581.1,25.62,17.66
8/19/2015 22:30,42235.94,1582.5,25.62,17.66
8/19/2015 22:40,42235.94,1583.9,25.62,17.66
8/19/2015 22:50,42235.95,1585.6,25.62,17.66
8/19/2015 23:00,42235.96,1587.8,25.62,17.66
8/19/2015 23:10,42235.97,1589.9,25.62,17.66
8/19/2015 23:20,42235.97,1592.2,25.62,17.66
8/19/2015 23:30,42235.98,1594.6,25.62,17.66
8/19/2015 23:40,42235.99,1597.2,25.62,17.66
8/19/2015 23:50,42235.99,1600.2,25.62,17.66
8/20/2015 0:00,42236.00,1602.6,25.62,17.66
8/20/2015 0:10,42236.01,1605.2,25.62,17.66
8/20/2015 0:20,42236.01,1607.9,25.62,17.66
8/20/2015 0:30,42236.02,1610.3,25.62,17.66
8/20/2015 0:40,42236.03,1612.8,25.62,17.66
8/20/2015 0:50,42236.03,1615.5,25.62,17.66
8/20/2015 1:00,42236.04,1617.8,25.62,17.66
8/20/2015 1:10,42236.05,1620.7,25.62,17.66
8/20/2015 1:20,42236.06,1623,25.62,17.66
8/20/2015 1:30,42236.06,1625.1,25.62,17.66
8/20/2015 1:40,42236.07,1626.3,25.62,17.66
8/20/2015 1:50,42236.08,1627.9,25.62,17.66
8/20/2015 2:00,42236.08,1629.1,25.62,17.66
8/20/2015 2:10,42236.09,1629.9,25.62,17.66
8/20/2015 2:20,42236.10,1630.8,25.62,17.66
8/20/2015 2:30,42236.10,1631.8,25.62,17.66
8/20/2015 2:40,42236.11,1632.5,25.62,17.66
8/20/2015 2:50,42236.12,1633.2,25.62,17.66
8/20/2015 3:00,42236.13,1633.5,25.62,17.66
8/20/2015 3:10,42236.13,1634.3,25.62,17.66
8/20/2015 3:20,42236.14,1634.8,25.62,17.66
8/20/2015 3:30,42236.15,1635,25.62,17.66
8/20/2015 3:40,42236.15,1635.2,25.62,17.66
8/20/2015 3:50,42236.16,1635,25.62,17.66
8/20/2015 4:00,42236.17,1634.9,25.62,17.66
8/20/2015 4:10,42236.17,1634.3,25.62,17.66
8/20/2015 4:20,42236.18,1633.6,25.62,17.66
8/20/2015 4:30,42236.19,1632.8,25.62,17.66
8/20/2015 4:40,42236.19,1631.9,25.62,17.66
8/20/2015 4:50,42236.20,1630.7,25.62,17.66
8/20/2015 5:00,42236.21,1629.3,25.62,17.66
8/20/2015 5:10,42236.22,1627.9,25.62,17.66
8/20/2015 5:20,42236.22,1626.3,25.62,17.66
8/20/2015 5:30,42236.23,1624.4,25.62,17.66
8/20/2015 5:40,42236.24,1622.6,25.62,17.66
8/20/2015 5:50,42236.24,1620.5,25.62,17.66
8/20/2015 6:00,42236.25,1618.6,25.62,17.66
8/20/2015 6:10,42236.26,1616.5,25.62,17.66
8/20/2015 6:20,42236.26,1613.9,25.61,17.66
8/20/2015 6:30,42236.27,1611.5,25.62,17.66
8/20/2015 6:40,42236.28,1608.7,25.62,17.66
8/20/2015 6:50,42236.28,1605.8,25.62,17.66
8/20/2015 7:00,42236.29,1603.1,25.62,17.66
8/20/2015 7:10,42236.30,1601.1,25.62,17.66
8/20/2015 7:20,42236.31,1598.5,25.62,17.66
8/20/2015 7:30,42236.31,1596.5,25.62,17.66
8/20/2015 7:40,42236.32,1594.4,25.62,17.66
8/20/2015 7:50,42236.33,1592.9,25.62,17.66
8/20/2015 8:00,42236.33,1591.1,25.61,17.66
8/20/2015 8:10,42236.34,1589.9,25.62,17.66
8/20/2015 8:20,42236.35,1588.4,25.62,17.66
8/20/2015 8:30,42236.35,1587.1,25.62,17.66
8/20/2015 8:40,42236.36,1585.9,25.62,17.66
8/20/2015 8:50,42236.37,1584.7,25.62,17.66
8/20/2015 9:00,42236.38,1583.7,25.62,17.66
8/20/2015 9:10,42236.38,1582.7,25.62,17.66
8/20/2015 9:20,42236.39,1582,25.62,17.66
8/20/2015 9:30,42236.40,1581.3,25.62,17.66
8/20/2015 9:40,42236.40,1580.9,25.62,17.66
8/20/2015 9:50,42236.41,1580.3,25.61,17.66
8/20/2015 10:00,42236.42,1580.3,25.62,17.66
8/20/2015 10:10,42236.42,1580.5,25.61,17.66
8/20/2015 10:20,42236.43,1581.1,25.62,17.66
8/20/2015 10:30,42236.44,1582.1,25.62,17.66
8/20/2015 10:40,42236.44,1583.3,25.62,17.66
8/20/2015 10:50,42236.45,1585,25.62,17.66
8/20/2015 11:00,42236.46,1586.6,25.62,17.66
8/20/2015 11:10,42236.47,1588.8,25.62,17.66
8/20/2015 11:20,42236.47,1591.1,25.62,17.66
8/20/2015 11:30,42236.48,1593.4,25.62,17.66
8/20/2015 11:40,42236.49,1595.8,25.62,17.66
8/20/2015 11:50,42236.49,1598.1,25.62,17.66
8/20/2015 12:00,42236.50,1601,25.62,17.66
8/20/2015 12:10,42236.51,1603.2,25.62,17.66
8/20/2015 12:20,42236.51,1605.7,25.62,17.66
8/20/2015 12:30,42236.52,1608,25.62,17.66
8/20/2015 12:40,42236.53,1610,25.62,17.66
8/20/2015 12:50,42236.53,1612.1,25.62,17.66
8/20/2015 13:00,42236.54,1614.7,25.62,17.66
8/20/2015 13:10,42236.55,1617,25.62,17.66
8/20/2015 13:20,42236.56,1619.6,25.62,17.66
8/20/2015 13:30,42236.56,1622,25.62,17.66
8/20/2015 13:40,42236.57,1623.8,25.62,17.66
8/20/2015 13:50,42236.58,1625.2,25.62,17.66
8/20/2015 14:00,42236.58,1626.3,25.62,17.66
8/20/2015 14:10,42236.59,1627.2,25.62,17.66
8/20/2015 14:20,42236.60,1628.3,25.62,17.66
8/20/2015 14:30,42236.60,1629,25.62,17.66
8/20/2015 14:40,42236.61,1629.8,25.62,17.66
8/20/2015 14:50,42236.62,1630.5,25.62,17.66
8/20/2015 15:00,42236.63,1630.7,25.62,17.66
8/20/2015 15:10,42236.63,1630.9,25.62,17.66
8/20/2015 15:20,42236.64,1631.2,25.62,17.66
8/20/2015 15:30,42236.65,1631.4,25.62,17.66
8/20/2015 15:40,42236.65,1631.8,25.62,17.66
8/20/2015 15:50,42236.66,1631.8,25.62,17.66
8/20/2015 16:00,42236.67,1631.8,25.62,17.66
8/20/2015 16:10,42236.67,1631.2,25.62,17.66
8/20/2015 16:20,42236.68,1630.7,25.62,17.66
8/20/2015 16:30,42236.69,1630,25.62,17.66
8/20/2015 16:40,42236.69,1629.5,25.62,17.66
8/20/2015 16:50,42236.70,1628.6,25.62,17.66
8/20/2015 17:00,42236.71,1627.2,25.62,17.66
8/20/2015 17:10,42236.72,1626,25.62,17.66
8/20/2015 17:20,42236.72,1624.3,25.62,17.66
8/20/2015 17:30,42236.73,1622.7,25.62,17.66
8/20/2015 17:40,42236.74,1620.7,25.62,17.66
8/20/2015 17:50,42236.74,1619.1,25.62,17.66
8/20/2015 18:00,42236.75,1617,25.62,17.66
8/20/2015 18:10,42236.76,1614.7,25.62,17.66
8/20/2015 18:20,42236.76,1612.3,25.62,17.66
8/20/2015 18:30,42236.77,1610.3,25.62,17.66
8/20/2015 18:40,42236.78,1607.7,25.62,17.66
8/20/2015 18:50,42236.78,1605.3,25.62,17.66
8/20/2015 19:00,42236.79,1602.9,25.62,17.66
8/20/2015 19:10,42236.80,1600.6,25.62,17.66
8/20/2015 19:20,42236.81,1598.8,25.62,17.66
8/20/2015 19:30,42236.81,1597,25.62,17.66
8/20/2015 19:40,42236.82,1595.1,25.62,17.66
8/20/2015 19:50,42236.83,1593,25.62,17.66
8/20/2015 20:00,42236.83,1591.7,25.62,17.66
8/20/2015 20:10,42236.84,1589.7,25.62,17.66
8/20/2015 20:20,42236.85,1588.3,25.62,17.66
8/20/2015 20:30,42236.85,1586.8,25.62,17.66
8/20/2015 20:40,42236.86,1585.4,25.62,17.66
8/20/2015 20:50,42236.87,1584.1,25.62,17.66
8/20/2015 21:00,42236.88,1582.8,25.62,17.66
8/20/2015 21:10,42236.88,1581.8,25.62,17.66
8/20/2015 21:20,42236.89,1580.3,25.62,17.66
8/20/2015 21:30,42236.90,1579.7,25.62,17.66
8/20/2015 21:40,42236.90,1578.9,25.62,17.66
8/20/2015 21:50,42236.91,1578.4,25.62,17.66
8/20/2015 22:00,42236.92,1577.9,25.62,17.66
8/20/2015 22:10,42236.92,1578.1,25.62,17.66
8/20/2015 22:20,42236.93,1577.7,25.62,17.66
8/20/2015 22:30,42236.94,1578,25.62,17.66
8/20/2015 22:40,42236.94,1578.4,25.62,17.66
8/20/2015 22:50,42236.95,1579.3,25.62,17.66
8/20/2015 23:00,42236.96,1580.5,25.62,17.66
8/20/2015 23:10,42236.97,1582.3,25.62,17.66
8/20/2015 23:20,42236.97,1583.9,25.62,17.66
8/20/2015 23:30,42236.98,1585.7,25.62,17.66
8/20/2015 23:40,42236.99,1588,25.62,17.66
8/20/2015 23:50,42236.99,1590.1,25.62,17.66
8/21/2015 0:00,42237.00,1592.6,25.62,17.66
8/21/2015 0:10,42237.01,1594.8,25.62,17.66
8/21/2015 0:20,42237.01,1597.4,25.62,17.66
8/21/2015 0:30,42237.02,1599.8,25.62,17.66
8/21/2015 0:40,42237.03,1601.7,25.62,17.66
8/21/2015 0:50,42237.03,1604.5,25.62,17.66
8/21/2015 1:00,42237.04,1606.6,25.62,17.66
8/21/2015 1:10,42237.05,1608.8,25.62,17.66
8/21/2015 1:20,42237.06,1611.4,25.62,17.66
8/21/2015 1:30,42237.06,1614,25.62,17.66
8/21/2015 1:40,42237.07,1616.5,25.62,17.66
8/21/2015 1:50,42237.08,1618.9,25.62,17.66
8/21/2015 2:00,42237.08,1621,25.62,17.66
8/21/2015 2:10,42237.09,1622.7,25.62,17.66
8/21/2015 2:20,42237.10,1624.3,25.62,17.66
8/21/2015 2:30,42237.10,1625.6,25.62,17.66
8/21/2015 2:40,42237.11,1626.7,25.62,17.66
8/21/2015 2:50,42237.12,1627.7,25.62,17.66
8/21/2015 3:00,42237.13,1628.6,25.62,17.66
8/21/2015 3:10,42237.13,1629.4,25.62,17.66
8/21/2015 3:20,42237.14,1630.3,25.62,17.66
8/21/2015 3:30,42237.15,1630.6,25.62,17.66
8/21/2015 3:40,42237.15,1631,25.62,17.66
8/21/2015 3:50,42237.16,1631.5,25.62,17.66
8/21/2015 4:00,42237.17,1631.6,25.62,17.66
8/21/2015 4:10,42237.17,1631.6,25.62,17.66
8/21/2015 4:20,42237.18,1631.6,25.62,17.66
8/21/2015 4:30,42237.19,1631.2,25.62,17.66
8/21/2015 4:40,42237.19,1631.3,25.62,17.66
8/21/2015 4:50,42237.20,1631,25.62,17.66
8/21/2015 5:00,42237.21,1630.4,25.62,17.66
8/21/2015 5:10,42237.22,1629.6,25.62,17.66
8/21/2015 5:20,42237.22,1628.6,25.62,17.66
8/21/2015 5:30,42237.23,1627.5,25.62,17.66
8/21/2015 5:40,42237.24,1626,25.62,17.66
8/21/2015 5:50,42237.24,1624.7,25.62,17.66
8/21/2015 6:00,42237.25,1623.1,25.62,17.66
8/21/2015 6:10,42237.26,1621.2,25.62,17.66
8/21/2015 6:20,42237.26,1619.4,25.62,17.66
8/21/2015 6:30,42237.27,1617.3,25.62,17.66
8/21/2015 6:40,42237.28,1614.9,25.62,17.66
8/21/2015 6:50,42237.28,1612.6,25.62,17.66
8/21/2015 7:00,42237.29,1610.4,25.62,17.66
8/21/2015 7:10,42237.30,1608,25.62,17.66
8/21/2015 7:20,42237.31,1605.5,25.62,17.66
8/21/2015 7:30,42237.31,1603,25.62,17.66
8/21/2015 7:40,42237.32,1601.1,25.62,17.66
8/21/2015 7:50,42237.33,1598.5,25.62,17.66
8/21/2015 8:00,42237.33,1596.4,25.62,17.66
8/21/2015 8:10,42237.34,1594.4,25.62,17.66
8/21/2015 8:20,42237.35,1592.6,25.62,17.66
8/21/2015 8:30,42237.35,1591,25.62,17.66
8/21/2015 8:40,42237.36,1589.6,25.62,17.66
8/21/2015 8:50,42237.37,1588.3,25.62,17.66
8/21/2015 9:00,42237.38,1587.3,25.62,17.66
8/21/2015 9:10,42237.38,1586,25.62,17.66
8/21/2015 9:20,42237.39,1584.8,25.62,17.66
8/21/2015 9:30,42237.40,1583.9,25.62,17.66
8/21/2015 9:40,42237.40,1583.2,25.62,17.66
8/21/2015 9:50,42237.41,1582.1,25.62,17.66
8/21/2015 10:00,42237.42,1581.4,25.62,17.66
8/21/2015 10:10,42237.42,1581.1,25.62,17.66
8/21/2015 10:20,42237.43,1580.7,25.62,17.66
8/21/2015 10:30,42237.44,1580.6,25.62,17.66
8/21/2015 10:40,42237.44,1580.8,25.62,17.66
8/21/2015 10:50,42237.45,1581.4,25.62,17.66
8/21/2015 11:00,42237.46,1582.1,25.62,17.66
8/21/2015 11:10,42237.47,1583.1,25.62,17.66
8/21/2015 11:20,42237.47,1584.5,25.62,17.66
8/21/2015 11:30,42237.48,1586.1,25.62,17.66
8/21/2015 11:40,42237.49,1587.7,25.62,17.66
8/21/2015 11:50,42237.49,1589.7,25.62,17.66
8/21/2015 12:00,42237.50,1592,25.62,17.66
8/21/2015 12:10,42237.51,1593.9,25.62,17.66
8/21/2015 12:20,42237.51,1596.2,25.62,17.66
8/21/2015 12:30,42237.52,1598.1,25.62,17.66
8/21/2015 12:40,42237.53,1600.3,25.62,17.66
8/21/2015 12:50,42237.53,1602.4,25.62,17.66
8/21/2015 13:00,42237.54,1604.3,25.62,17.66
8/21/2015 13:10,42237.55,1606.2,25.62,17.66
8/21/2015 13:20,42237.56,1608.3,25.62,17.66
8/21/2015 13:30,42237.56,1610.7,25.62,17.66
8/21/2015 13:40,42237.57,1613.3,25.62,17.66
8/21/2015 13:50,42237.58,1615.6,25.62,17.66
8/21/2015 14:00,42237.58,1617.7,25.62,17.66
8/21/2015 14:10,42237.59,1619.2,25.62,17.66
8/21/2015 14:20,42237.60,1621.2,25.62,17.66
8/21/2015 14:30,42237.60,1622.6,25.62,17.66
8/21/2015 14:40,42237.61,1624.3,25.62,17.66
8/21/2015 14:50,42237.62,1625.6,25.62,17.66
8/21/2015 15:00,42237.63,1626.3,25.62,17.66
8/21/2015 15:10,42237.63,1627.2,25.62,17.66
8/21/2015 15:20,42237.64,1627.9,25.62,17.66
8/21/2015 15:30,42237.65,1628.4,25.62,17.66
8/21/2015 15:40,42237.65,1628.9,25.62,17.66
8/21/2015 15:50,42237.66,1629.4,25.62,17.66
8/21/2015 16:00,42237.67,1629.7,25.62,17.66
8/21/2015 16:10,42237.67,1629.6,25.62,17.66
8/21/2015 16:20,42237.68,1629.7,25.62,17.66
8/21/2015 16:30,42237.69,1630.1,25.62,17.66
8/21/2015 16:40,42237.69,1629.9,25.62,17.66
8/21/2015 16:50,42237.70,1629.3,25.62,17.66
8/21/2015 17:00,42237.71,1629,25.62,17.66
8/21/2015 17:10,42237.72,1628.1,25.62,17.66
8/21/2015 17:20,42237.72,1627.6,25.62,17.66
8/21/2015 17:30,42237.73,1627.2,25.62,17.66
8/21/2015 17:40,42237.74,1625.8,25.62,17.66
8/21/2015 17:50,42237.74,1624.2,25.62,17.66
8/21/2015 18:00,42237.75,1622.8,25.62,17.66
8/21/2015 18:10,42237.76,1621,25.62,17.66
8/21/2015 18:20,42237.76,1619.5,25.62,17.66
8/21/2015 18:30,42237.77,1617.4,25.62,17.66
8/21/2015 18:40,42237.78,1615.5,25.62,17.66
8/21/2015 18:50,42237.78,1613.3,25.62,17.66
8/21/2015 19:00,42237.79,1610.5,25.62,17.66
8/21/2015 19:10,42237.80,1608.4,25.62,17.66
8/21/2015 19:20,42237.81,1605.8,25.62,17.66
8/21/2015 19:30,42237.81,1603.2,25.62,17.66
8/21/2015 19:40,42237.82,1600.9,25.62,17.66
8/21/2015 19:50,42237.83,1598.8,25.62,17.66
8/21/2015 20:00,42237.83,1596.8,25.62,17.66
8/21/2015 20:10,42237.84,1594.5,25.62,17.66
8/21/2015 20:20,42237.85,1592.8,25.62,17.66
8/21/2015 20:30,42237.85,1591.3,25.62,17.66
8/21/2015 20:40,42237.86,1589.9,25.62,17.66
8/21/2015 20:50,42237.87,1588.7,25.62,17.66
8/21/2015 21:00,42237.88,1587.1,25.62,17.66
8/21/2015 21:10,42237.88,1586.2,25.62,17.66
8/21/2015 21:20,42237.89,1585,25.62,17.66
8/21/2015 21:30,42237.90,1583.9,25.62,17.66
8/21/2015 21:40,42237.90,1582.9,25.62,17.66
8/21/2015 21:50,42237.91,1581.9,25.62,17.66
8/21/2015 22:00,42237.92,1581.2,25.62,17.66
8/21/2015 22:10,42237.92,1580.3,25.62,17.66
8/21/2015 22:20,42237.93,1579.6,25.62,17.66
8/21/2015 22:30,42237.94,1579.3,25.62,17.66
8/21/2015 22:40,42237.94,1578.9,25.62,17.66
8/21/2015 22:50,42237.95,1578.9,25.62,17.66
8/21/2015 23:00,42237.96,1579.3,25.62,17.66
8/21/2015 23:10,42237.97,1579.8,25.62,17.66
8/21/2015 23:20,42237.97,1580.6,25.62,17.66
8/21/2015 23:30,42237.98,1581.5,25.62,17.66
8/21/2015 23:40,42237.99,1582.9,25.62,17.66
8/21/2015 23:50,42237.99,1584.1,25.62,17.66
8/22/2015 0:00,42238.00,1585.9,25.62,17.66
8/22/2015 0:10,42238.01,1587.8,25.62,17.66
8/22/2015 0:20,42238.01,1589.9,25.62,17.66
8/22/2015 0:30,42238.02,1591.8,25.62,17.66
8/22/2015 0:40,42238.03,1594,25.62,17.66
8/22/2015 0:50,42238.03,1596.3,25.62,17.66
8/22/2015 1:00,42238.04,1598.4,25.62,17.66
8/22/2015 1:10,42238.05,1600.4,25.62,17.66
8/22/2015 1:20,42238.06,1602.5,25.62,17.66
8/22/2015 1:30,42238.06,1604.8,25.62,17.66
8/22/2015 1:40,42238.07,1606.9,25.62,17.66
8/22/2015 1:50,42238.08,1609.1,25.62,17.66
8/22/2015 2:00,42238.08,1611.6,25.62,17.66
8/22/2015 2:10,42238.09,1613.9,25.62,17.66
8/22/2015 2:20,42238.10,1615.8,25.62,17.66
8/22/2015 2:30,42238.10,1617.9,25.62,17.66
8/22/2015 2:40,42238.11,1619.7,25.62,17.66
8/22/2015 2:50,42238.12,1621,25.62,17.66
8/22/2015 3:00,42238.13,1622.4,25.62,17.66
8/22/2015 3:10,42238.13,1623.6,25.62,17.66
8/22/2015 3:20,42238.14,1624.7,25.62,17.66
8/22/2015 3:30,42238.15,1625.5,25.62,17.66
8/22/2015 3:40,42238.15,1626.1,25.62,17.66
8/22/2015 3:50,42238.16,1626.7,25.62,17.66
8/22/2015 4:00,42238.17,1627.5,25.62,17.66
8/22/2015 4:10,42238.17,1627.9,25.62,17.66
8/22/2015 4:20,42238.18,1628.1,25.62,17.66
8/22/2015 4:30,42238.19,1628.6,25.62,17.66
8/22/2015 4:40,42238.19,1628.4,25.62,17.66
8/22/2015 4:50,42238.20,1628.6,25.62,17.66
8/22/2015 5:00,42238.21,1628.4,25.62,17.66
8/22/2015 5:10,42238.22,1628.8,25.62,17.66
8/22/2015 5:20,42238.22,1628.9,25.62,17.66
8/22/2015 5:30,42238.23,1628.1,25.62,17.66
8/22/2015 5:40,42238.24,1627.6,25.62,17.66
8/22/2015 5:50,42238.24,1627,25.62,17.66
8/22/2015 6:00,42238.25,1626.5,25.62,17.66
8/22/2015 6:10,42238.26,1625.2,25.62,17.66
8/22/2015 6:20,42238.26,1623.8,25.62,17.66
8/22/2015 6:30,42238.27,1621.9,25.62,17.66
8/22/2015 6:40,42238.28,1620.4,25.62,17.66
8/22/2015 6:50,42238.28,1618.5,25.62,17.66
8/22/2015 7:00,42238.29,1616.5,25.62,17.66
8/22/2015 7:10,42238.30,1614.6,25.62,17.66
8/22/2015 7:20,42238.31,1612.3,25.62,17.66
8/22/2015 7:30,42238.31,1610.2,25.62,17.66
8/22/2015 7:40,42238.32,1608.2,25.62,17.66
8/22/2015 7:50,42238.33,1605.7,25.62,17.66
8/22/2015 8:00,42238.33,1603.4,25.62,17.66
8/22/2015 8:10,42238.34,1601.6,25.62,17.66
8/22/2015 8:20,42238.35,1599.5,25.62,17.66
8/22/2015 8:30,42238.35,1597.6,25.62,17.66
8/22/2015 8:40,42238.36,1595.8,25.62,17.66
8/22/2015 8:50,42238.37,1594.3,25.62,17.66
8/22/2015 9:00,42238.38,1593,25.62,17.66
8/22/2015 9:10,42238.38,1591.5,25.62,17.66
8/22/2015 9:20,42238.39,1590.2,25.62,17.66
8/22/2015 9:30,42238.40,1589.3,25.62,17.66
8/22/2015 9:40,42238.40,1588.3,25.62,17.66
8/22/2015 9:50,42238.41,1587,25.62,17.66
8/22/2015 10:00,42238.42,1585.9,25.62,17.66
8/22/2015 10:10,42238.42,1585.2,25.62,17.66
8/22/2015 10:20,42238.43,1584.4,25.62,17.66
8/22/2015 10:30,42238.44,1583.9,25.62,17.66
8/22/2015 10:40,42238.44,1583.3,25.62,17.66
8/22/2015 10:50,42238.45,1582.8,25.62,17.66
8/22/2015 11:00,42238.46,1582.5,25.62,17.66
8/22/2015 11:10,42238.47,1582.5,25.62,17.66
8/22/2015 11:20,42238.47,1582.8,25.62,17.66
8/22/2015 11:30,42238.48,1583.3,25.62,17.66
8/22/2015 11:40,42238.49,1583.9,25.62,17.66
8/22/2015 11:50,42238.49,1585,25.62,17.66
8/22/2015 12:00,42238.50,1586.2,25.62,17.66
8/22/2015 12:10,42238.51,1587.4,25.62,17.66
8/22/2015 12:20,42238.51,1589,25.62,17.66
8/22/2015 12:30,42238.52,1590.6,25.62,17.66
8/22/2015 12:40,42238.53,1592.6,25.62,17.66
8/22/2015 12:50,42238.53,1594.7,25.62,17.66
8/22/2015 13:00,42238.54,1596.7,25.62,17.66
8/22/2015 13:10,42238.55,1598.6,25.62,17.66
8/22/2015 13:20,42238.56,1600.4,25.62,17.66
8/22/2015 13:30,42238.56,1602.2,25.62,17.66
8/22/2015 13:40,42238.57,1604.2,25.62,17.66
8/22/2015 13:50,42238.58,1606.2,25.62,17.66
8/22/2015 14:00,42238.58,1608,25.62,17.66
8/22/2015 14:10,42238.59,1610.1,25.62,17.66
8/22/2015 14:20,42238.60,1612.2,25.62,17.66
8/22/2015 14:30,42238.60,1614,25.62,17.66
8/22/2015 14:40,42238.61,1616,25.62,17.66
8/22/2015 14:50,42238.62,1617.4,25.62,17.66
8/22/2015 15:00,42238.63,1619,25.62,17.66
8/22/2015 15:10,42238.63,1620.2,25.62,17.66
8/22/2015 15:20,42238.64,1621.7,25.62,17.66
8/22/2015 15:30,42238.65,1622.6,25.62,17.66
8/22/2015 15:40,42238.65,1623.1,25.62,17.66
8/22/2015 15:50,42238.66,1624,25.62,17.66
8/22/2015 16:00,42238.67,1624.5,25.62,17.66
8/22/2015 16:10,42238.67,1625.1,25.62,17.66
8/22/2015 16:20,42238.68,1625.4,25.62,17.66
8/22/2015 16:30,42238.69,1625.9,25.62,17.66
8/22/2015 16:40,42238.69,1626.2,25.63,17.66
8/22/2015 16:50,42238.70,1626.3,25.63,17.66
8/22/2015 17:00,42238.71,1626.3,25.62,17.66
8/22/2015 17:10,42238.72,1626.3,25.62,17.66
8/22/2015 17:20,42238.72,1626.3,25.62,17.66
8/22/2015 17:30,42238.73,1625.8,25.62,17.66
8/22/2015 17:40,42238.74,1625.4,25.62,17.66
8/22/2015 17:50,42238.74,1624.5,25.62,17.66
8/22/2015 18:00,42238.75,1623.7,25.62,17.66
8/22/2015 18:10,42238.76,1622.6,25.62,17.66
8/22/2015 18:20,42238.76,1621.2,25.62,17.66
8/22/2015 18:30,42238.77,1620,25.62,17.66
8/22/2015 18:40,42238.78,1618.1,25.62,17.66
8/22/2015 18:50,42238.78,1616.5,25.63,17.66
8/22/2015 19:00,42238.79,1614.8,25.62,17.66
8/22/2015 19:10,42238.80,1613.1,25.62,17.66
8/22/2015 19:20,42238.81,1610.8,25.62,17.66
8/22/2015 19:30,42238.81,1608.6,25.62,17.66
8/22/2015 19:40,42238.82,1606.6,25.62,17.66
8/22/2015 19:50,42238.83,1604.4,25.62,17.66
8/22/2015 20:00,42238.83,1602.5,25.62,17.66
8/22/2015 20:10,42238.84,1600.6,25.62,17.66
8/22/2015 20:20,42238.85,1598.8,25.62,17.66
8/22/2015 20:30,42238.85,1597.3,25.62,17.66
8/22/2015 20:40,42238.86,1595.7,25.62,17.66
8/22/2015 20:50,42238.87,1594.1,25.62,17.66
8/22/2015 21:00,42238.88,1592.5,25.62,17.66
8/22/2015 21:10,42238.88,1591.3,25.62,17.66
8/22/2015 21:20,42238.89,1590,25.62,17.66
8/22/2015 21:30,42238.90,1588.6,25.62,17.66
8/22/2015 21:40,42238.90,1587.4,25.62,17.66
8/22/2015 21:50,42238.91,1586.5,25.62,17.66
8/22/2015 22:00,42238.92,1585.1,25.62,17.66
8/22/2015 22:10,42238.92,1584.4,25.62,17.66
8/22/2015 22:20,42238.93,1583.4,25.62,17.66
8/22/2015 22:30,42238.94,1582.8,25.62,17.66
8/22/2015 22:40,42238.94,1582.1,25.62,17.66
8/22/2015 22:50,42238.95,1581.7,25.62,17.66
8/22/2015 23:00,42238.96,1581.2,25.62,17.66
8/22/2015 23:10,42238.97,1581,25.62,17.66
8/22/2015 23:20,42238.97,1580.7,25.62,17.66
8/22/2015 23:30,42238.98,1580.5,25.62,17.66
8/22/2015 23:40,42238.99,1580.8,25.62,17.66
8/22/2015 23:50,42238.99,1581.2,25.62,17.66
8/23/2015 0:00,42239.00,1582.2,25.62,17.66
8/23/2015 0:10,42239.01,1583.3,25.62,17.66
8/23/2015 0:20,42239.01,1584.5,25.62,17.66
8/23/2015 0:30,42239.02,1586,25.62,17.66
8/23/2015 0:40,42239.03,1587.3,25.62,17.66
8/23/2015 0:50,42239.03,1589.1,25.62,17.66
8/23/2015 1:00,42239.04,1590.4,25.62,17.66
8/23/2015 1:10,42239.05,1592.6,25.62,17.66
8/23/2015 1:20,42239.06,1594.5,25.62,17.66
8/23/2015 1:30,42239.06,1596.2,25.62,17.66
8/23/2015 1:40,42239.07,1597.9,25.62,17.66
8/23/2015 1:50,42239.08,1599.5,25.62,17.66
8/23/2015 2:00,42239.08,1601,25.62,17.66
8/23/2015 2:10,42239.09,1602.8,25.62,17.66
8/23/2015 2:20,42239.10,1605,25.62,17.66
8/23/2015 2:30,42239.10,1606.7,25.62,17.66
8/23/2015 2:40,42239.11,1608.7,25.62,17.66
8/23/2015 2:50,42239.12,1610.7,25.62,17.66
8/23/2015 3:00,42239.13,1612.6,25.62,17.66
8/23/2015 3:10,42239.13,1614.3,25.62,17.66
8/23/2015 3:20,42239.14,1615.8,25.62,17.66
8/23/2015 3:30,42239.15,1617.4,25.62,17.66
8/23/2015 3:40,42239.15,1618.8,25.62,17.66
8/23/2015 3:50,42239.16,1619.9,25.62,17.66
8/23/2015 4:00,42239.17,1620.8,25.62,17.66
8/23/2015 4:10,42239.17,1621.9,25.62,17.66
8/23/2015 4:20,42239.18,1623,25.62,17.66
8/23/2015 4:30,42239.19,1623.7,25.62,17.66
8/23/2015 4:40,42239.19,1624,25.62,17.66
8/23/2015 4:50,42239.20,1624.7,25.62,17.66
8/23/2015 5:00,42239.21,1624.9,25.62,17.66
8/23/2015 5:10,42239.22,1625.2,25.62,17.66
8/23/2015 5:20,42239.22,1625.5,25.63,17.66
8/23/2015 5:30,42239.23,1625.8,25.62,17.66
8/23/2015 5:40,42239.24,1625.6,25.62,17.66
8/23/2015 5:50,42239.24,1625.8,25.62,17.66
8/23/2015 6:00,42239.25,1625.6,25.62,17.66
8/23/2015 6:10,42239.26,1625.1,25.62,17.66
8/23/2015 6:20,42239.26,1625.1,25.62,17.66
8/23/2015 6:30,42239.27,1624.3,25.62,17.66
8/23/2015 6:40,42239.28,1623.3,25.62,17.66
8/23/2015 6:50,42239.28,1622.6,25.62,17.66
8/23/2015 7:00,42239.29,1621.1,25.62,17.66
8/23/2015 7:10,42239.30,1619.7,25.62,17.66
8/23/2015 7:20,42239.31,1618.3,25.62,17.66
8/23/2015 7:30,42239.31,1616.5,25.62,17.66
8/23/2015 7:40,42239.32,1614.7,25.62,17.66
8/23/2015 7:50,42239.33,1612.9,25.62,17.66
8/23/2015 8:00,42239.33,1611.2,25.62,17.66
8/23/2015 8:10,42239.34,1609.3,25.62,17.66
8/23/2015 8:20,42239.35,1607.3,25.62,17.66
8/23/2015 8:30,42239.35,1605.8,25.62,17.66
8/23/2015 8:40,42239.36,1604.1,25.62,17.66
8/23/2015 8:50,42239.37,1602.1,25.62,17.66
8/23/2015 9:00,42239.38,1600.7,25.62,17.66
8/23/2015 9:10,42239.38,1599.2,25.62,17.66
8/23/2015 9:20,42239.39,1597.8,25.62,17.66
8/23/2015 9:30,42239.40,1596.1,25.62,17.66
8/23/2015 9:40,42239.40,1594.8,25.62,17.66
8/23/2015 9:50,42239.41,1593.6,25.62,17.66
8/23/2015 10:00,42239.42,1592.3,25.62,17.66
8/23/2015 10:10,42239.42,1591.2,25.62,17.66
8/23/2015 10:20,42239.43,1590.1,25.62,17.66
8/23/2015 10:30,42239.44,1589.2,25.63,17.66
8/23/2015 10:40,42239.44,1588.3,25.62,17.66
8/23/2015 10:50,42239.45,1587.4,25.62,17.66
8/23/2015 11:00,42239.46,1586.7,25.62,17.66
8/23/2015 11:10,42239.47,1586.2,25.63,17.66
8/23/2015 11:20,42239.47,1585.8,25.62,17.66
8/23/2015 11:30,42239.48,1585.3,25.62,17.66
8/23/2015 11:40,42239.49,1585,25.62,17.66
8/23/2015 11:50,42239.49,1584.9,25.62,17.66
8/23/2015 12:00,42239.50,1584.9,25.62,17.66
8/23/2015 12:10,42239.51,1585.1,25.62,17.66
8/23/2015 12:20,42239.51,1585.8,25.62,17.66
8/23/2015 12:30,42239.52,1586.7,25.62,17.66
8/23/2015 12:40,42239.53,1587.6,25.62,17.66
8/23/2015 12:50,42239.53,1588.4,25.62,17.66
8/23/2015 13:00,42239.54,1589.7,25.62,17.66
8/23/2015 13:10,42239.55,1591,25.62,17.66
8/23/2015 13:20,42239.56,1592.6,25.62,17.66
8/23/2015 13:30,42239.56,1594.1,25.62,17.66
8/23/2015 13:40,42239.57,1595.6,25.62,17.66
8/23/2015 13:50,42239.58,1597.3,25.62,17.66
8/23/2015 14:00,42239.58,1598.8,25.62,17.66
8/23/2015 14:10,42239.59,1600.4,25.62,17.66
8/23/2015 14:20,42239.60,1602,25.62,17.66
8/23/2015 14:30,42239.60,1603.7,25.62,17.66
8/23/2015 14:40,42239.61,1605.3,25.62,17.66
8/23/2015 14:50,42239.62,1607,25.62,17.66
8/23/2015 15:00,42239.63,1608.9,25.62,17.66
8/23/2015 15:10,42239.63,1610.5,25.62,17.66
8/23/2015 15:20,42239.64,1612.4,25.62,17.66
8/23/2015 15:30,42239.65,1613.6,25.62,17.66
8/23/2015 15:40,42239.65,1615.1,25.62,17.66
8/23/2015 15:50,42239.66,1616.5,25.62,17.66
8/23/2015 16:00,42239.67,1617.8,25.62,17.66
8/23/2015 16:10,42239.67,1618.7,25.63,17.66
8/23/2015 16:20,42239.68,1619.6,25.63,17.66
8/23/2015 16:30,42239.69,1620.5,25.63,17.66
8/23/2015 16:40,42239.69,1621.2,25.62,17.66
8/23/2015 16:50,42239.70,1622.1,25.62,17.66
8/23/2015 17:00,42239.71,1622.3,25.62,17.66
8/23/2015 17:10,42239.72,1622.8,25.62,17.66
8/23/2015 17:20,42239.72,1623.3,25.62,17.66
8/23/2015 17:30,42239.73,1623.3,25.63,17.66
8/23/2015 17:40,42239.74,1623.5,25.62,17.66
8/23/2015 17:50,42239.74,1623.3,25.63,17.66
8/23/2015 18:00,42239.75,1623.3,25.62,17.66
8/23/2015 18:10,42239.76,1623.3,25.62,17.66
8/23/2015 18:20,42239.76,1623,25.62,17.66
8/23/2015 18:30,42239.77,1622.3,25.62,17.66
8/23/2015 18:40,42239.78,1621.6,25.62,17.66
8/23/2015 18:50,42239.78,1620.7,25.62,17.66
8/23/2015 19:00,42239.79,1619.9,25.62,17.66
8/23/2015 19:10,42239.80,1618.8,25.62,17.66
8/23/2015 19:20,42239.81,1617.6,25.62,17.66
8/23/2015 19:30,42239.81,1616.2,25.62,17.66
8/23/2015 19:40,42239.82,1614.8,25.62,17.66
8/23/2015 19:50,42239.83,1613.6,25.62,17.66
8/23/2015 20:00,42239.83,1611.8,25.63,17.66
8/23/2015 20:10,42239.84,1610.5,25.62,17.66
8/23/2015 20:20,42239.85,1608.6,25.62,17.66
8/23/2015 20:30,42239.85,1607.2,25.62,17.66
8/23/2015 20:40,42239.86,1605.5,25.62,17.66
8/23/2015 20:50,42239.87,1603.9,25.62,17.66
8/23/2015 21:00,42239.88,1602.3,25.62,17.66
8/23/2015 21:10,42239.88,1600.9,25.62,17.66
8/23/2015 21:20,42239.89,1599,25.62,17.66
8/23/2015 21:30,42239.90,1597.5,25.62,17.66
8/23/2015 21:40,42239.90,1596.1,25.62,17.66
8/23/2015 21:50,42239.91,1594.8,25.62,17.66
8/23/2015 22:00,42239.92,1593.8,25.62,17.66
8/23/2015 22:10,42239.92,1592.4,25.62,17.66
8/23/2015 22:20,42239.93,1591.2,25.62,17.66
8/23/2015 22:30,42239.94,1590.5,25.62,17.66
8/23/2015 22:40,42239.94,1589.3,25.62,17.66
8/23/2015 22:50,42239.95,1588.6,25.62,17.66
8/23/2015 23:00,42239.96,1587.9,25.62,17.66
8/23/2015 23:10,42239.97,1586.9,25.62,17.66
8/23/2015 23:20,42239.97,1586.2,25.62,17.66
8/23/2015 23:30,42239.98,1585.8,25.62,17.66
8/23/2015 23:40,42239.99,1585.5,25.62,17.66
8/23/2015 23:50,42239.99,1585.1,25.62,17.66
8/24/2015 0:00,42240.00,1584.9,25.62,17.66
8/24/2015 0:10,42240.01,1584.8,25.62,17.66
8/24/2015 0:20,42240.01,1584.8,25.62,17.66
8/24/2015 0:30,42240.02,1585,25.62,17.66
8/24/2015 0:40,42240.03,1585.6,25.62,17.66
8/24/2015 0:50,42240.03,1586.3,25.62,17.66
8/24/2015 1:00,42240.04,1586.9,25.62,17.66
8/24/2015 1:10,42240.05,1588.1,25.62,17.66
8/24/2015 1:20,42240.06,1589.1,25.62,17.66
8/24/2015 1:30,42240.06,1590.1,25.62,17.66
8/24/2015 1:40,42240.07,1591.3,25.63,17.66
8/24/2015 1:50,42240.08,1592.7,25.62,17.66
8/24/2015 2:00,42240.08,1594.5,25.62,17.66
8/24/2015 2:10,42240.09,1595.7,25.62,17.66
8/24/2015 2:20,42240.10,1596.8,25.62,17.66
8/24/2015 2:30,42240.10,1598.6,25.62,17.66
8/24/2015 2:40,42240.11,1600.4,25.62,17.66
8/24/2015 2:50,42240.12,1601.8,25.62,17.66
8/24/2015 3:00,42240.13,1602.9,25.63,17.66
8/24/2015 3:10,42240.13,1604.8,25.62,17.66
8/24/2015 3:20,42240.14,1606.6,25.62,17.66
8/24/2015 3:30,42240.15,1608.6,25.62,17.66
8/24/2015 3:40,42240.15,1610.1,25.62,17.66
8/24/2015 3:50,42240.16,1611.9,25.62,17.66
8/24/2015 4:00,42240.17,1613.6,25.62,17.66
8/24/2015 4:10,42240.17,1615.1,25.62,17.66
8/24/2015 4:20,42240.18,1616.5,25.62,17.66
8/24/2015 4:30,42240.19,1617.6,25.62,17.66
8/24/2015 4:40,42240.19,1618.7,25.63,17.66
8/24/2015 4:50,42240.20,1619.7,25.62,17.66
8/24/2015 5:00,42240.21,1620.5,25.63,17.66
8/24/2015 5:10,42240.22,1621.3,25.63,17.66
8/24/2015 5:20,42240.22,1622.4,25.63,17.66
8/24/2015 5:30,42240.23,1623,25.62,17.66
8/24/2015 5:40,42240.24,1622.9,25.63,17.66
8/24/2015 5:50,42240.24,1623.5,25.62,17.66
8/24/2015 6:00,42240.25,1623.8,25.62,17.66
8/24/2015 6:10,42240.26,1624.2,25.62,17.66
8/24/2015 6:20,42240.26,1624.7,25.63,17.66
8/24/2015 6:30,42240.27,1624.5,25.63,17.66
8/24/2015 6:40,42240.28,1624.2,25.62,17.66
8/24/2015 6:50,42240.28,1624.5,25.62,17.66
8/24/2015 7:00,42240.29,1624.1,25.63,17.66
8/24/2015 7:10,42240.30,1623.6,25.63,17.66
8/24/2015 7:20,42240.31,1623.4,25.63,17.66
8/24/2015 7:30,42240.31,1622.6,25.63,17.66
8/24/2015 7:40,42240.32,1622,25.63,17.66
8/24/2015 7:50,42240.33,1621.3,25.63,17.66
8/24/2015 8:00,42240.33,1619.9,25.63,17.66
8/24/2015 8:10,42240.34,1619,25.62,17.66
8/24/2015 8:20,42240.35,1617.5,25.63,17.66
8/24/2015 8:30,42240.35,1616,25.63,17.66
8/24/2015 8:40,42240.36,1614.4,25.63,17.66
8/24/2015 8:50,42240.37,1613,25.63,17.66
8/24/2015 9:00,42240.38,1611.4,25.63,17.66
8/24/2015 9:10,42240.38,1610,25.63,17.66
8/24/2015 9:20,42240.39,1608.6,25.62,17.66
8/24/2015 9:30,42240.40,1606.9,25.63,17.66
8/24/2015 9:40,42240.40,1605.3,25.63,17.66
8/24/2015 9:50,42240.41,1603.8,25.63,17.66
8/24/2015 10:00,42240.42,1602.4,25.63,17.66
8/24/2015 10:10,42240.42,1600.7,25.62,17.66
8/24/2015 10:20,42240.43,1599.5,25.62,17.66
8/24/2015 10:30,42240.44,1598.1,25.62,17.66
8/24/2015 10:40,42240.44,1596.9,25.62,17.66
8/24/2015 10:50,42240.45,1595.9,25.62,17.66
8/24/2015 11:00,42240.46,1594.3,25.62,17.66
8/24/2015 11:10,42240.47,1593.3,25.62,17.66
8/24/2015 11:20,42240.47,1592.6,25.62,17.66
8/24/2015 11:30,42240.48,1591.5,25.63,17.66
8/24/2015 11:40,42240.49,1590.5,25.62,17.66
8/24/2015 11:50,42240.49,1589.7,25.63,17.66
8/24/2015 12:00,42240.50,1588.8,25.63,17.66
8/24/2015 12:10,42240.51,1588,25.63,17.66
8/24/2015 12:20,42240.51,1587.4,25.63,17.66
8/24/2015 12:30,42240.52,1587,25.62,17.66
8/24/2015 12:40,42240.53,1586.7,25.62,17.66
8/24/2015 12:50,42240.53,1586.2,25.63,17.66
8/24/2015 13:00,42240.54,1586.3,25.62,17.66
8/24/2015 13:10,42240.55,1586.2,25.63,17.66
8/24/2015 13:20,42240.56,1586.9,25.62,17.66
8/24/2015 13:30,42240.56,1587.3,25.63,17.66
8/24/2015 13:40,42240.57,1587.9,25.62,17.66
8/24/2015 13:50,42240.58,1588.6,25.62,17.66
8/24/2015 14:00,42240.58,1589.2,25.63,17.66
8/24/2015 14:10,42240.59,1590.2,25.63,17.66
8/24/2015 14:20,42240.60,1591.3,25.62,17.66
8/24/2015 14:30,42240.60,1592.4,25.62,17.66
8/24/2015 14:40,42240.61,1593.4,25.62,17.66
8/24/2015 14:50,42240.62,1595,25.62,17.66
8/24/2015 15:00,42240.63,1596.1,25.62,17.66
8/24/2015 15:10,42240.63,1597.6,25.62,17.66
8/24/2015 15:20,42240.64,1598.6,25.62,17.66
8/24/2015 15:30,42240.65,1600,25.62,17.66
8/24/2015 15:40,42240.65,1601.5,25.63,17.66
8/24/2015 15:50,42240.66,1602.7,25.63,17.66
8/24/2015 16:00,42240.67,1604.6,25.62,17.66
8/24/2015 16:10,42240.67,1606,25.63,17.66
8/24/2015 16:20,42240.68,1607.6,25.63,17.66
8/24/2015 16:30,42240.69,1609,25.63,17.66
8/24/2015 16:40,42240.69,1610.2,25.63,17.66
8/24/2015 16:50,42240.70,1611.4,25.63,17.66
8/24/2015 17:00,42240.71,1612.6,25.62,17.66
8/24/2015 17:10,42240.72,1613.5,25.63,17.66
8/24/2015 17:20,42240.72,1615,25.62,17.66
8/24/2015 17:30,42240.73,1616.1,25.63,17.66
8/24/2015 17:40,42240.74,1616.7,25.63,17.66
8/24/2015 17:50,42240.74,1617.5,25.63,17.66
8/24/2015 18:00,42240.75,1618.4,25.63,17.66
8/24/2015 18:10,42240.76,1619.3,25.62,17.66
8/24/2015 18:20,42240.76,1619.8,25.63,17.66
8/24/2015 18:30,42240.77,1620.1,25.63,17.66
8/24/2015 18:40,42240.78,1620.1,25.63,17.66
8/24/2015 18:50,42240.78,1620.3,25.63,17.66
8/24/2015 19:00,42240.79,1620.1,25.63,17.66
8/24/2015 19:10,42240.80,1620.3,25.63,17.66
8/24/2015 19:20,42240.81,1620.2,25.62,17.66
8/24/2015 19:30,42240.81,1619.9,25.62,17.66
8/24/2015 19:40,42240.82,1619.5,25.62,17.66
8/24/2015 19:50,42240.83,1618.9,25.63,17.66
8/24/2015 20:00,42240.83,1617.8,25.63,17.66
8/24/2015 20:10,42240.84,1617.1,25.63,17.66
8/24/2015 20:20,42240.85,1616.3,25.63,17.66
8/24/2015 20:30,42240.85,1615.3,25.63,17.66
8/24/2015 20:40,42240.86,1614.2,25.63,17.66
8/24/2015 20:50,42240.87,1613.3,25.62,17.66
8/24/2015 21:00,42240.88,1611.9,25.63,17.66
8/24/2015 21:10,42240.88,1610.7,25.63,17.66
8/24/2015 21:20,42240.89,1609.3,25.63,17.66
8/24/2015 21:30,42240.90,1607.8,25.63,17.66
8/24/2015 21:40,42240.90,1606.6,25.63,17.66
8/24/2015 21:50,42240.91,1605.2,25.63,17.66
8/24/2015 22:00,42240.92,1603.6,25.63,17.66
8/24/2015 22:10,42240.92,1602,25.63,17.66
8/24/2015 22:20,42240.93,1600.4,25.63,17.66
8/24/2015 22:30,42240.94,1599.3,25.63,17.66
8/24/2015 22:40,42240.94,1597.9,25.63,17.66
8/24/2015 22:50,42240.95,1596.7,25.63,17.66
8/24/2015 23:00,42240.96,1595.6,25.63,17.66
8/24/2015 23:10,42240.97,1594,25.63,17.66
8/24/2015 23:20,42240.97,1593.2,25.63,17.66
8/24/2015 23:30,42240.98,1591.9,25.63,17.66
8/24/2015 23:40,42240.99,1590.8,25.62,17.66
8/24/2015 23:50,42240.99,1590,25.62,17.66
8/25/2015 0:00,42241.00,1589.1,25.62,17.66
8/25/2015 0:10,42241.01,1588.3,25.62,17.66
8/25/2015 0:20,42241.01,1587.3,25.63,17.66
8/25/2015 0:30,42241.02,1586.5,25.62,17.66
8/25/2015 0:40,42241.03,1585.8,25.62,17.66
8/25/2015 0:50,42241.03,1585.3,25.62,17.66
8/25/2015 1:00,42241.04,1584.6,25.63,17.66
8/25/2015 1:10,42241.05,1584.1,25.63,17.66
8/25/2015 1:20,42241.06,1583.7,25.62,17.66
8/25/2015 1:30,42241.06,1583.7,25.62,17.66
8/25/2015 1:40,42241.07,1583.8,25.63,17.66
8/25/2015 1:50,42241.08,1583.9,25.63,17.66
8/25/2015 2:00,42241.08,1584.1,25.63,17.66
8/25/2015 2:10,42241.09,1584.6,25.62,17.66
8/25/2015 2:20,42241.10,1585.2,25.63,17.66
8/25/2015 2:30,42241.10,1585.9,25.63,17.66
8/25/2015 2:40,42241.11,1586.6,25.63,17.66
8/25/2015 2:50,42241.12,1587.9,25.62,17.66
8/25/2015 3:00,42241.13,1588.8,25.62,17.66
8/25/2015 3:10,42241.13,1589.9,25.63,17.66
8/25/2015 3:20,42241.14,1591.2,25.62,17.66
8/25/2015 3:30,42241.15,1592.4,25.62,17.66
8/25/2015 3:40,42241.15,1593.8,25.62,17.66
8/25/2015 3:50,42241.16,1595.2,25.62,17.66
8/25/2015 4:00,42241.17,1596.6,25.62,17.66
8/25/2015 4:10,42241.17,1598.1,25.63,17.66
8/25/2015 4:20,42241.18,1599.6,25.63,17.66
8/25/2015 4:30,42241.19,1601.1,25.63,17.66
8/25/2015 4:40,42241.19,1602.8,25.62,17.66
8/25/2015 4:50,42241.20,1604.3,25.63,17.66
8/25/2015 5:00,42241.21,1605.9,25.63,17.66
8/25/2015 5:10,42241.22,1607.4,25.63,17.66
8/25/2015 5:20,42241.22,1609.3,25.63,17.66
8/25/2015 5:30,42241.23,1610.9,25.63,17.66
8/25/2015 5:40,42241.24,1612.6,25.62,17.66
8/25/2015 5:50,42241.24,1613.9,25.63,17.66
8/25/2015 6:00,42241.25,1615.1,25.63,17.66
8/25/2015 6:10,42241.26,1616.1,25.63,17.66
8/25/2015 6:20,42241.26,1617.5,25.63,17.66
8/25/2015 6:30,42241.27,1618.7,25.63,17.64
8/25/2015 6:40,42241.28,1619.6,25.63,17.66
8/25/2015 6:50,42241.28,1620.6,25.63,17.64
8/25/2015 7:00,42241.29,1621.3,25.63,17.64
8/25/2015 7:10,42241.30,1622,25.63,17.66
8/25/2015 7:20,42241.31,1622.4,25.63,17.66
8/25/2015 7:30,42241.31,1622.6,25.63,17.66
8/25/2015 7:40,42241.32,1622.9,25.63,17.66
8/25/2015 7:50,42241.33,1622.9,25.63,17.66
8/25/2015 8:00,42241.33,1623.3,25.63,17.66
8/25/2015 8:10,42241.34,1623.4,25.63,17.66
8/25/2015 8:20,42241.35,1623.3,25.63,17.64
8/25/2015 8:30,42241.35,1623.1,25.63,17.66
8/25/2015 8:40,42241.36,1622.7,25.63,17.66
8/25/2015 8:50,42241.37,1622.4,25.63,17.66
8/25/2015 9:00,42241.38,1622,25.63,17.66
8/25/2015 9:10,42241.38,1621.3,25.63,17.66
8/25/2015 9:20,42241.39,1620.6,25.63,17.66
8/25/2015 9:30,42241.40,1619.6,25.63,17.64
8/25/2015 9:40,42241.40,1618.7,25.63,17.64
8/25/2015 9:50,42241.41,1617.5,25.63,17.64
8/25/2015 10:00,42241.42,1616.5,25.63,17.66
8/25/2015 10:10,42241.42,1615.1,25.63,17.64
8/25/2015 10:20,42241.43,1613.3,25.63,17.66
8/25/2015 10:30,42241.44,1611.9,25.63,17.66
8/25/2015 10:40,42241.44,1610.4,25.63,17.66
8/25/2015 10:50,42241.45,1608.6,25.63,17.66
8/25/2015 11:00,42241.46,1606.9,25.63,17.66
8/25/2015 11:10,42241.47,1605.3,25.63,17.66
8/25/2015 11:20,42241.47,1603.9,25.63,17.66
8/25/2015 11:30,42241.48,1602.5,25.63,17.66
8/25/2015 11:40,42241.49,1600.8,25.63,17.66
8/25/2015 11:50,42241.49,1599.5,25.63,17.66
8/25/2015 12:00,42241.50,1598.1,25.63,17.66
8/25/2015 12:10,42241.51,1596.5,25.63,17.66
8/25/2015 12:20,42241.51,1595.3,25.63,17.66
8/25/2015 12:30,42241.52,1594,25.63,17.66
8/25/2015 12:40,42241.53,1592.8,25.63,17.66
8/25/2015 12:50,42241.53,1591.9,25.63,17.66
8/25/2015 13:00,42241.54,1591,25.62,17.66
8/25/2015 13:10,42241.55,1589.8,25.62,17.66
8/25/2015 13:20,42241.56,1588.8,25.62,17.66
8/25/2015 13:30,42241.56,1588,25.63,17.66
8/25/2015 13:40,42241.57,1587.4,25.62,17.66
8/25/2015 13:50,42241.58,1586.5,25.62,17.66
8/25/2015 14:00,42241.58,1585.9,25.63,17.66
8/25/2015 14:10,42241.59,1585.5,25.63,17.66
8/25/2015 14:20,42241.60,1585.3,25.63,17.64
8/25/2015 14:30,42241.60,1585.1,25.62,17.66
8/25/2015 14:40,42241.61,1585.2,25.63,17.66
8/25/2015 14:50,42241.62,1585.3,25.63,17.66
8/25/2015 15:00,42241.63,1585.5,25.63,17.66
8/25/2015 15:10,42241.63,1586,25.63,17.66
8/25/2015 15:20,42241.64,1586.7,25.63,17.66
8/25/2015 15:30,42241.65,1587.3,25.63,17.66
8/25/2015 15:40,42241.65,1588,25.63,17.66
8/25/2015 15:50,42241.66,1589.2,25.63,17.66
8/25/2015 16:00,42241.67,1590.4,25.63,17.66
8/25/2015 16:10,42241.67,1591.6,25.63,17.66
8/25/2015 16:20,42241.68,1592.8,25.63,17.66
8/25/2015 16:30,42241.69,1594.2,25.63,17.66
8/25/2015 16:40,42241.69,1595.4,25.63,17.66
8/25/2015 16:50,42241.70,1596.7,25.63,17.66
8/25/2015 17:00,42241.71,1598.2,25.63,17.66
8/25/2015 17:10,42241.72,1599.6,25.63,17.66
8/25/2015 17:20,42241.72,1601.3,25.63,17.66
8/25/2015 17:30,42241.73,1602.9,25.63,17.66
8/25/2015 17:40,42241.74,1604.6,25.63,17.66
8/25/2015 17:50,42241.74,1606.2,25.63,17.66
8/25/2015 18:00,42241.75,1607.8,25.63,17.66
8/25/2015 18:10,42241.76,1609.5,25.63,17.64
8/25/2015 18:20,42241.76,1611.1,25.63,17.66
8/25/2015 18:30,42241.77,1612.6,25.63,17.66
8/25/2015 18:40,42241.78,1614.2,25.63,17.64
8/25/2015 18:50,42241.78,1615.6,25.63,17.66
8/25/2015 19:00,42241.79,1616.7,25.63,17.64
8/25/2015 19:10,42241.80,1617.7,25.63,17.66
8/25/2015 19:20,42241.81,1618.9,25.63,17.66
8/25/2015 19:30,42241.81,1619.8,25.63,17.64
8/25/2015 19:40,42241.82,1620.5,25.63,17.64
8/25/2015 19:50,42241.83,1621,25.63,17.66
8/25/2015 20:00,42241.83,1621.7,25.63,17.66
8/25/2015 20:10,42241.84,1622,25.63,17.64
8/25/2015 20:20,42241.85,1622.4,25.63,17.64
8/25/2015 20:30,42241.85,1622.4,25.63,17.66
8/25/2015 20:40,42241.86,1622.6,25.63,17.64
8/25/2015 20:50,42241.87,1622.6,25.63,17.66
8/25/2015 21:00,42241.88,1622.6,25.63,17.66
8/25/2015 21:10,42241.88,1622.2,25.63,17.66
8/25/2015 21:20,42241.89,1622,25.63,17.66
8/25/2015 21:30,42241.90,1621.5,25.63,17.64
8/25/2015 21:40,42241.90,1621,25.63,17.66
8/25/2015 21:50,42241.91,1620.1,25.63,17.66
8/25/2015 22:00,42241.92,1619.2,25.63,17.64
8/25/2015 22:10,42241.92,1618.2,25.63,17.64
8/25/2015 22:20,42241.93,1617.1,25.63,17.66
8/25/2015 22:30,42241.94,1615.8,25.63,17.66
8/25/2015 22:40,42241.94,1614.4,25.63,17.66
8/25/2015 22:50,42241.95,1612.6,25.63,17.66
8/25/2015 23:00,42241.96,1611.2,25.63,17.66
8/25/2015 23:10,42241.97,1609.5,25.63,17.66
8/25/2015 23:20,42241.97,1608,25.63,17.66
8/25/2015 23:30,42241.98,1606.6,25.63,17.66
8/25/2015 23:40,42241.99,1605,25.63,17.64
8/25/2015 23:50,42241.99,1603.6,25.63,17.66
8/26/2015 0:00,42242.00,1602,25.63,17.66
8/26/2015 0:10,42242.01,1600.8,25.63,17.64
8/26/2015 0:20,42242.01,1599.3,25.63,17.66
8/26/2015 0:30,42242.02,1597.9,25.63,17.66
8/26/2015 0:40,42242.03,1596.1,25.63,17.66
8/26/2015 0:50,42242.03,1595.1,25.63,17.66
8/26/2015 1:00,42242.04,1593.7,25.63,17.64
8/26/2015 1:10,42242.05,1592.5,25.63,17.66
8/26/2015 1:20,42242.06,1591.3,25.63,17.66
8/26/2015 1:30,42242.06,1590.2,25.63,17.66
8/26/2015 1:40,42242.07,1589.2,25.63,17.66
8/26/2015 1:50,42242.08,1588.1,25.63,17.64
8/26/2015 2:00,42242.08,1587.1,25.63,17.64
8/26/2015 2:10,42242.09,1586.4,25.63,17.66
8/26/2015 2:20,42242.10,1585.5,25.63,17.64
8/26/2015 2:30,42242.10,1585,25.63,17.66
8/26/2015 2:40,42242.11,1584.6,25.63,17.66
8/26/2015 2:50,42242.12,1583.9,25.63,17.66
8/26/2015 3:00,42242.13,1583.6,25.63,17.66
8/26/2015 3:10,42242.13,1583.4,25.63,17.66
8/26/2015 3:20,42242.14,1583.3,25.63,17.64
8/26/2015 3:30,42242.15,1583.6,25.63,17.66
8/26/2015 3:40,42242.15,1584.1,25.63,17.64
8/26/2015 3:50,42242.16,1584.6,25.63,17.66
8/26/2015 4:00,42242.17,1585.3,25.63,17.64
8/26/2015 4:10,42242.17,1586.2,25.63,17.66
8/26/2015 4:20,42242.18,1587.4,25.63,17.66
8/26/2015 4:30,42242.19,1588.7,25.63,17.64
8/26/2015 4:40,42242.19,1589.9,25.63,17.64
8/26/2015 4:50,42242.20,1591.5,25.63,17.66
8/26/2015 5:00,42242.21,1592.8,25.63,17.66
8/26/2015 5:10,42242.22,1594.4,25.63,17.66
8/26/2015 5:20,42242.22,1595.6,25.63,17.64
8/26/2015 5:30,42242.23,1597.7,25.63,17.64
8/26/2015 5:40,42242.24,1599.5,25.63,17.64
8/26/2015 5:50,42242.24,1601,25.63,17.64
8/26/2015 6:00,42242.25,1602.9,25.63,17.66
8/26/2015 6:10,42242.26,1604.6,25.63,17.64
8/26/2015 6:20,42242.26,1606.6,25.63,17.64
8/26/2015 6:30,42242.27,1608.4,25.63,17.66
8/26/2015 6:40,42242.28,1610.7,25.63,17.64
8/26/2015 6:50,42242.28,1612.8,25.63,17.64
8/26/2015 7:00,42242.29,1614.9,25.63,17.64
8/26/2015 7:10,42242.30,1616.7,25.63,17.66
8/26/2015 7:20,42242.31,1618.4,25.63,17.66
8/26/2015 7:30,42242.31,1619.9,25.63,17.64
8/26/2015 7:40,42242.32,1621.5,25.63,17.64
8/26/2015 7:50,42242.33,1622.7,25.63,17.64
8/26/2015 8:00,42242.33,1623.8,25.63,17.64
8/26/2015 8:10,42242.34,1624.7,25.63,17.64
8/26/2015 8:20,42242.35,1625.1,25.63,17.64
8/26/2015 8:30,42242.35,1626,25.63,17.64
8/26/2015 8:40,42242.36,1626.3,25.63,17.64
8/26/2015 8:50,42242.37,1626.9,25.63,17.64
8/26/2015 9:00,42242.38,1627.4,25.63,17.64
8/26/2015 9:10,42242.38,1627.7,25.63,17.64
8/26/2015 9:20,42242.39,1628.1,25.63,17.66
8/26/2015 9:30,42242.40,1628.1,25.63,17.64
8/26/2015 9:40,42242.40,1628.3,25.63,17.64
8/26/2015 9:50,42242.41,1628.4,25.63,17.64
8/26/2015 10:00,42242.42,1628.6,25.63,17.66
8/26/2015 10:10,42242.42,1628.4,25.63,17.64
8/26/2015 10:20,42242.43,1628.1,25.63,17.66
8/26/2015 10:30,42242.44,1627.9,25.63,17.64
8/26/2015 10:40,42242.44,1627.6,25.63,17.64
8/26/2015 10:50,42242.45,1626.7,25.63,17.64
8/26/2015 11:00,42242.46,1626,25.63,17.64
8/26/2015 11:10,42242.47,1625.1,25.63,17.64
8/26/2015 11:20,42242.47,1624.1,25.63,17.64
8/26/2015 11:30,42242.48,1623.3,25.63,17.64
8/26/2015 11:40,42242.49,1622,25.63,17.64
8/26/2015 11:50,42242.49,1620.5,25.63,17.64
8/26/2015 12:00,42242.50,1618.9,25.63,17.66
8/26/2015 12:10,42242.51,1617.1,25.63,17.64
8/26/2015 12:20,42242.51,1615.6,25.63,17.64
8/26/2015 12:30,42242.52,1613.7,25.63,17.64
8/26/2015 12:40,42242.53,1611.4,25.63,17.66
8/26/2015 12:50,42242.53,1609.5,25.63,17.64
8/26/2015 13:00,42242.54,1607.4,25.63,17.64
8/26/2015 13:10,42242.55,1605.2,25.63,17.64
8/26/2015 13:20,42242.56,1603.2,25.63,17.66
8/26/2015 13:30,42242.56,1601.1,25.63,17.66
8/26/2015 13:40,42242.57,1599.5,25.63,17.64
8/26/2015 13:50,42242.58,1597.5,25.63,17.64
8/26/2015 14:00,42242.58,1596,25.63,17.64
8/26/2015 14:10,42242.59,1594,25.63,17.64
8/26/2015 14:20,42242.60,1592.3,25.63,17.66
8/26/2015 14:30,42242.60,1591.6,25.63,17.66
8/26/2015 14:40,42242.61,1590.2,25.63,17.64
8/26/2015 14:50,42242.62,1589,25.63,17.66
8/26/2015 15:00,42242.63,1587.4,25.63,17.64
8/26/2015 15:10,42242.63,1586.7,25.63,17.66
8/26/2015 15:20,42242.64,1586,25.63,17.66
8/26/2015 15:30,42242.65,1585.3,25.63,17.66
8/26/2015 15:40,42242.65,1584.6,25.63,17.64
8/26/2015 15:50,42242.66,1584.3,25.63,17.66
8/26/2015 16:00,42242.67,1583.6,25.63,17.64
8/26/2015 16:10,42242.67,1583.4,25.63,17.64
8/26/2015 16:20,42242.68,1583.4,25.63,17.64
8/26/2015 16:30,42242.69,1583.1,25.63,17.64
8/26/2015 16:40,42242.69,1583.8,25.63,17.66
8/26/2015 16:50,42242.70,1584.3,25.63,17.64
8/26/2015 17:00,42242.71,1585,25.63,17.64
8/26/2015 17:10,42242.72,1586.2,25.63,17.64
8/26/2015 17:20,42242.72,1587.8,25.63,17.64
8/26/2015 17:30,42242.73,1588.8,25.63,17.64
8/26/2015 17:40,42242.74,1590.1,25.63,17.64
8/26/2015 17:50,42242.74,1591.9,25.63,17.64
8/26/2015 18:00,42242.75,1593.7,25.63,17.64
8/26/2015 18:10,42242.76,1595.6,25.63,17.66
8/26/2015 18:20,42242.76,1597.7,25.63,17.64
8/26/2015 18:30,42242.77,1599.5,25.63,17.64
8/26/2015 18:40,42242.78,1601.3,25.63,17.64
8/26/2015 18:50,42242.78,1603.1,25.63,17.64
8/26/2015 19:00,42242.79,1605,25.63,17.64
8/26/2015 19:10,42242.80,1606.9,25.63,17.64
8/26/2015 19:20,42242.81,1609,25.63,17.64
8/26/2015 19:30,42242.81,1610.9,25.63,17.64
8/26/2015 19:40,42242.82,1613,25.63,17.64
8/26/2015 19:50,42242.83,1614.9,25.63,17.64
8/26/2015 20:00,42242.83,1616.7,25.63,17.66
8/26/2015 20:10,42242.84,1618.4,25.63,17.64
8/26/2015 20:20,42242.85,1620.1,25.63,17.64
8/26/2015 20:30,42242.85,1621,25.63,17.64
8/26/2015 20:40,42242.86,1622.2,25.63,17.64
8/26/2015 20:50,42242.87,1623.4,25.63,17.64
8/26/2015 21:00,42242.88,1624.1,25.63,17.64
8/26/2015 21:10,42242.88,1625,25.63,17.64
8/26/2015 21:20,42242.89,1625.6,25.63,17.64
8/26/2015 21:30,42242.90,1626.2,25.63,17.64
8/26/2015 21:40,42242.90,1626.5,25.63,17.64
8/26/2015 21:50,42242.91,1626.9,25.63,17.64
8/26/2015 22:00,42242.92,1627,25.63,17.64
8/26/2015 22:10,42242.92,1627.2,25.63,17.64
8/26/2015 22:20,42242.93,1627.6,25.63,17.64
8/26/2015 22:30,42242.94,1627.4,25.63,17.64
8/26/2015 22:40,42242.94,1627.4,25.63,17.64
8/26/2015 22:50,42242.95,1627.4,25.63,17.64
8/26/2015 23:00,42242.96,1626.9,25.63,17.64
8/26/2015 23:10,42242.97,1626.5,25.63,17.64
8/26/2015 23:20,42242.97,1626,25.63,17.64
8/26/2015 23:30,42242.98,1625.3,25.63,17.64
8/26/2015 23:40,42242.99,1624.3,25.63,17.64
8/26/2015 23:50,42242.99,1622.9,25.63,17.64
8/27/2015 0:00,42243.00,1621.9,25.63,17.64
8/27/2015 0:10,42243.01,1620.5,25.63,17.64
8/27/2015 0:20,42243.01,1618.9,25.63,17.64
8/27/2015 0:30,42243.02,1617.1,25.63,17.64
8/27/2015 0:40,42243.03,1615.6,25.63,17.64
8/27/2015 0:50,42243.03,1613.5,25.63,17.64
8/27/2015 1:00,42243.04,1611.6,25.63,17.64
8/27/2015 1:10,42243.05,1609.3,25.63,17.64
8/27/2015 1:20,42243.06,1606.7,25.63,17.64
8/27/2015 1:30,42243.06,1604.6,25.63,17.64
8/27/2015 1:40,42243.07,1602.9,25.63,17.66
8/27/2015 1:50,42243.08,1600.8,25.63,17.64
8/27/2015 2:00,42243.08,1598.9,25.63,17.64
8/27/2015 2:10,42243.09,1597.4,25.63,17.64
8/27/2015 2:20,42243.10,1595.6,25.63,17.64
8/27/2015 2:30,42243.10,1594.2,25.63,17.64
8/27/2015 2:40,42243.11,1592.5,25.63,17.64
8/27/2015 2:50,42243.12,1591.1,25.63,17.64
8/27/2015 3:00,42243.13,1589.7,25.63,17.64
8/27/2015 3:10,42243.13,1588.8,25.63,17.64
8/27/2015 3:20,42243.14,1587.4,25.63,17.66
8/27/2015 3:30,42243.15,1586.6,25.63,17.64
8/27/2015 3:40,42243.15,1585.7,25.63,17.64
8/27/2015 3:50,42243.16,1584.6,25.63,17.66
8/27/2015 4:00,42243.17,1583.8,25.63,17.64
8/27/2015 4:10,42243.17,1583.3,25.63,17.64
8/27/2015 4:20,42243.18,1582.8,25.63,17.66
8/27/2015 4:30,42243.19,1582.6,25.63,17.64
8/27/2015 4:40,42243.19,1582.8,25.63,17.64
8/27/2015 4:50,42243.20,1582.6,25.63,17.64
8/27/2015 5:00,42243.21,1582.9,25.63,17.64
8/27/2015 5:10,42243.22,1583.8,25.63,17.64
8/27/2015 5:20,42243.22,1584.3,25.63,17.64
8/27/2015 5:30,42243.23,1585.5,25.63,17.64
8/27/2015 5:40,42243.24,1586.9,25.63,17.64
8/27/2015 5:50,42243.24,1588.7,25.63,17.66
8/27/2015 6:00,42243.25,1590.4,25.63,17.64
8/27/2015 6:10,42243.26,1592.8,25.63,17.64
8/27/2015 6:20,42243.26,1594.7,25.63,17.64
8/27/2015 6:30,42243.27,1596.8,25.63,17.64
8/27/2015 6:40,42243.28,1599.1,25.63,17.64
8/27/2015 6:50,42243.28,1601.7,25.63,17.64
8/27/2015 7:00,42243.29,1603.9,25.63,17.64
8/27/2015 7:10,42243.30,1606,25.63,17.64
8/27/2015 7:20,42243.31,1608.4,25.63,17.66
8/27/2015 7:30,42243.31,1610.7,25.63,17.64
8/27/2015 7:40,42243.32,1613.3,25.63,17.64
8/27/2015 7:50,42243.33,1616,25.63,17.64
8/27/2015 8:00,42243.33,1618.5,25.63,17.64
8/27/2015 8:10,42243.34,1621,25.63,17.64
8/27/2015 8:20,42243.35,1622.9,25.63,17.64
8/27/2015 8:30,42243.35,1624.8,25.63,17.64
8/27/2015 8:40,42243.36,1626,25.63,17.64
8/27/2015 8:50,42243.37,1627,25.63,17.64
8/27/2015 9:00,42243.38,1628.4,25.63,17.64
8/27/2015 9:10,42243.38,1629.1,25.63,17.64
8/27/2015 9:20,42243.39,1630.4,25.63,17.64
8/27/2015 9:30,42243.40,1631.1,25.63,17.64
8/27/2015 9:40,42243.40,1632.5,25.63,17.64
8/27/2015 9:50,42243.41,1633.5,25.63,17.64
8/27/2015 10:00,42243.42,1634.7,25.63,17.64
8/27/2015 10:10,42243.42,1635.4,25.63,17.64
8/27/2015 10:20,42243.43,1636.8,25.63,17.64
8/27/2015 10:30,42243.44,1637.8,25.63,17.64
8/27/2015 10:40,42243.44,1638.4,25.63,17.64
8/27/2015 10:50,42243.45,1638.9,25.63,17.64
8/27/2015 11:00,42243.46,1639.2,25.63,17.64
8/27/2015 11:10,42243.47,1639.6,25.63,17.64
8/27/2015 11:20,42243.47,1639.8,25.63,17.64
8/27/2015 11:30,42243.48,1639.9,25.63,17.64
8/27/2015 11:40,42243.49,1639.1,25.63,17.64
8/27/2015 11:50,42243.49,1638.2,25.63,17.64
8/27/2015 12:00,42243.50,1636.8,25.63,17.64
8/27/2015 12:10,42243.51,1635.2,25.63,17.64
8/27/2015 12:20,42243.51,1634,25.63,17.64
8/27/2015 12:30,42243.52,1632.3,25.63,17.64
8/27/2015 12:40,42243.53,1630.9,25.63,17.64
8/27/2015 12:50,42243.53,1629.5,25.63,17.64
8/27/2015 13:00,42243.54,1627.9,25.63,17.64
8/27/2015 13:10,42243.55,1626.9,25.63,17.64
8/27/2015 13:20,42243.56,1625.1,25.63,17.64
8/27/2015 13:30,42243.56,1624,25.63,17.64
8/27/2015 13:40,42243.57,1622.4,25.63,17.64
8/27/2015 13:50,42243.58,1620.8,25.63,17.64
8/27/2015 14:00,42243.58,1619.4,25.63,17.64
8/27/2015 14:10,42243.59,1617.8,25.63,17.64
8/27/2015 14:20,42243.60,1616,25.63,17.64
8/27/2015 14:30,42243.60,1614.2,25.63,17.64
8/27/2015 14:40,42243.61,1611.9,25.63,17.64
8/27/2015 14:50,42243.62,1609.5,25.63,17.64
8/27/2015 15:00,42243.63,1607.1,25.63,17.64
8/27/2015 15:10,42243.63,1604.8,25.63,17.64
8/27/2015 15:20,42243.64,1601.8,25.63,17.64
8/27/2015 15:30,42243.65,1599.8,25.63,17.64
8/27/2015 15:40,42243.65,1597.2,25.63,17.64
8/27/2015 15:50,42243.66,1595.1,25.63,17.64
8/27/2015 16:00,42243.67,1593.3,25.63,17.64
8/27/2015 16:10,42243.67,1591.6,25.63,17.64
8/27/2015 16:20,42243.68,1590.1,25.63,17.64
8/27/2015 16:30,42243.69,1589.2,25.63,17.64
8/27/2015 16:40,42243.69,1588.3,25.63,17.64
8/27/2015 16:50,42243.70,1587.4,25.63,17.64
8/27/2015 17:00,42243.71,1586.9,25.63,17.64
8/27/2015 17:10,42243.72,1586.6,25.63,17.64
8/27/2015 17:20,42243.72,1585.9,25.63,17.64
8/27/2015 17:30,42243.73,1585.9,25.63,17.64
8/27/2015 17:40,42243.74,1586,25.63,17.64
8/27/2015 17:50,42243.74,1586.2,25.63,17.64
8/27/2015 18:00,42243.75,1587.1,25.63,17.64
8/27/2015 18:10,42243.76,1588.1,25.63,17.64
8/27/2015 18:20,42243.76,1589.4,25.63,17.64
8/27/2015 18:30,42243.77,1590.8,25.63,17.64
8/27/2015 18:40,42243.78,1592.3,25.63,17.64
8/27/2015 18:50,42243.78,1593.9,25.63,17.64
8/27/2015 19:00,42243.79,1596.3,25.63,17.64
8/27/2015 19:10,42243.80,1598.6,25.63,17.64
8/27/2015 19:20,42243.81,1601.1,25.63,17.64
8/27/2015 19:30,42243.81,1603.4,25.63,17.64
8/27/2015 19:40,42243.82,1605.9,25.63,17.64
8/27/2015 19:50,42243.83,1608.3,25.63,17.64
8/27/2015 20:00,42243.83,1610.5,25.63,17.64
8/27/2015 20:10,42243.84,1613,25.63,17.64
8/27/2015 20:20,42243.85,1615.3,25.63,17.64
8/27/2015 20:30,42243.85,1617.8,25.63,17.64
8/27/2015 20:40,42243.86,1619.9,25.63,17.64
8/27/2015 20:50,42243.87,1622,25.63,17.64
8/27/2015 21:00,42243.88,1624.5,25.63,17.64
8/27/2015 21:10,42243.88,1626.3,25.63,17.64
8/27/2015 21:20,42243.89,1627.6,25.63,17.64
8/27/2015 21:30,42243.90,1629,25.63,17.64
8/27/2015 21:40,42243.90,1630,25.63,17.64
8/27/2015 21:50,42243.91,1630.9,25.63,17.64
8/27/2015 22:00,42243.92,1631.6,25.63,17.64
8/27/2015 22:10,42243.92,1632.6,25.63,17.64
8/27/2015 22:20,42243.93,1633.8,25.63,17.64
8/27/2015 22:30,42243.94,1634.7,25.63,17.64
8/27/2015 22:40,42243.94,1635.4,25.63,17.64
8/27/2015 22:50,42243.95,1636.3,25.63,17.64
8/27/2015 23:00,42243.96,1637.1,25.63,17.64
8/27/2015 23:10,42243.97,1638.2,25.63,17.64
8/27/2015 23:20,42243.97,1638.7,25.63,17.64
8/27/2015 23:30,42243.98,1638.9,25.63,17.64
8/27/2015 23:40,42243.99,1638.9,25.63,17.64
8/27/2015 23:50,42243.99,1638.9,25.63,17.64
8/28/2015 0:00,42244.00,1638.2,25.63,17.64
8/28/2015 0:10,42244.01,1637.7,25.63,17.64
8/28/2015 0:20,42244.01,1636.6,25.63,17.64
8/28/2015 0:30,42244.02,1635.6,25.63,17.64
8/28/2015 0:40,42244.03,1634,25.63,17.64
8/28/2015 0:50,42244.03,1632.8,25.63,17.64
8/28/2015 1:00,42244.04,1631.2,25.63,17.64
8/28/2015 1:10,42244.05,1629.7,25.63,17.64
8/28/2015 1:20,42244.06,1628.1,25.63,17.64
8/28/2015 1:30,42244.06,1626.3,25.63,17.64
8/28/2015 1:40,42244.07,1624.8,25.63,17.64
8/28/2015 1:50,42244.08,1623.1,25.63,17.64
8/28/2015 2:00,42244.08,1621.5,25.63,17.64
8/28/2015 2:10,42244.09,1619.6,25.63,17.64
8/28/2015 2:20,42244.10,1618,25.63,17.64
8/28/2015 2:30,42244.10,1616,25.63,17.64
8/28/2015 2:40,42244.11,1613.9,25.63,17.64
8/28/2015 2:50,42244.12,1611.9,25.63,17.64
8/28/2015 3:00,42244.13,1609.3,25.63,17.64
8/28/2015 3:10,42244.13,1606.7,25.63,17.64
8/28/2015 3:20,42244.14,1603.9,25.63,17.64
8/28/2015 3:30,42244.15,1601.5,25.63,17.64
8/28/2015 3:40,42244.15,1598.9,25.63,17.64
8/28/2015 3:50,42244.16,1596.5,25.63,17.64
8/28/2015 4:00,42244.17,1594.7,25.63,17.64
8/28/2015 4:10,42244.17,1592.3,25.63,17.64
8/28/2015 4:20,42244.18,1590.6,25.63,17.64
8/28/2015 4:30,42244.19,1588.7,25.63,17.64
8/28/2015 4:40,42244.19,1587.3,25.63,17.64
8/28/2015 4:50,42244.20,1585.9,25.63,17.64
8/28/2015 5:00,42244.21,1585,25.63,17.64
8/28/2015 5:10,42244.22,1584.1,25.63,17.64
8/28/2015 5:20,42244.22,1583.1,25.63,17.64
8/28/2015 5:30,42244.23,1582.6,25.63,17.64
8/28/2015 5:40,42244.24,1582.2,25.63,17.64
8/28/2015 5:50,42244.24,1582.2,25.63,17.64
8/28/2015 6:00,42244.25,1582.6,25.63,17.64
8/28/2015 6:10,42244.26,1583.1,25.63,17.64
8/28/2015 6:20,42244.26,1583.8,25.63,17.64
8/28/2015 6:30,42244.27,1585,25.63,17.64
8/28/2015 6:40,42244.28,1586.9,25.63,17.64
8/28/2015 6:50,42244.28,1588.8,25.63,17.64
8/28/2015 7:00,42244.29,1591.1,25.63,17.64
8/28/2015 7:10,42244.30,1593.5,25.63,17.64
8/28/2015 7:20,42244.31,1596,25.63,17.64
8/28/2015 7:30,42244.31,1599.1,25.63,17.64
8/28/2015 7:40,42244.32,1602,25.63,17.64
8/28/2015 7:50,42244.33,1605.2,25.63,17.64
8/28/2015 8:00,42244.33,1608.1,25.63,17.64
8/28/2015 8:10,42244.34,1611.1,25.63,17.64
8/28/2015 8:20,42244.35,1613.9,25.63,17.64
8/28/2015 8:30,42244.35,1617,25.63,17.64
8/28/2015 8:40,42244.36,1619.9,25.63,17.64
8/28/2015 8:50,42244.37,1622.7,25.63,17.64
8/28/2015 9:00,42244.38,1625.3,25.63,17.64
8/28/2015 9:10,42244.38,1627.6,25.63,17.64
8/28/2015 9:20,42244.39,1630,25.63,17.64
8/28/2015 9:30,42244.40,1632.3,25.63,17.64
8/28/2015 9:40,42244.40,1633.8,25.63,17.64
8/28/2015 9:50,42244.41,1635.7,25.63,17.64
8/28/2015 10:00,42244.42,1637.1,25.63,17.64
8/28/2015 10:10,42244.42,1638.7,25.64,17.64
8/28/2015 10:20,42244.43,1640.6,25.63,17.64
8/28/2015 10:30,42244.44,1644.3,25.63,17.64
8/28/2015 10:40,42244.44,1646.2,25.63,17.64
8/28/2015 10:50,42244.45,1647.1,25.63,17.64
8/28/2015 11:00,42244.46,1648.6,25.63,17.64
8/28/2015 11:10,42244.47,1650,25.63,17.64
8/28/2015 11:20,42244.47,1651.2,25.63,17.64
8/28/2015 11:30,42244.48,1652.6,25.63,17.64
8/28/2015 11:40,42244.49,1653.5,25.63,17.64
8/28/2015 11:50,42244.49,1654,25.63,17.64
8/28/2015 12:00,42244.50,1654,25.63,17.64
8/28/2015 12:10,42244.51,1654.2,25.64,17.64
8/28/2015 12:20,42244.51,1653.6,25.63,17.64
8/28/2015 12:30,42244.52,1653.3,25.63,17.64
8/28/2015 12:40,42244.53,1652.4,25.63,17.64
8/28/2015 12:50,42244.53,1650.8,25.63,17.64
8/28/2015 13:00,42244.54,1648.6,25.63,17.64
8/28/2015 13:10,42244.55,1646.9,25.63,17.64
8/28/2015 13:20,42244.56,1643.9,25.63,17.64
8/28/2015 13:30,42244.56,1640.8,25.63,17.64
8/28/2015 13:40,42244.57,1637.5,25.63,17.64
8/28/2015 13:50,42244.58,1634.5,25.63,17.64
8/28/2015 14:00,42244.58,1631.8,25.63,17.64
8/28/2015 14:10,42244.59,1629.3,25.63,17.64
8/28/2015 14:20,42244.60,1626.9,25.63,17.64
8/28/2015 14:30,42244.60,1625.1,25.63,17.64
8/28/2015 14:40,42244.61,1623.3,25.63,17.64
8/28/2015 14:50,42244.62,1622,25.63,17.64
8/28/2015 15:00,42244.63,1620.1,25.63,17.64
8/28/2015 15:10,42244.63,1618.4,25.63,17.64
8/28/2015 15:20,42244.64,1616.3,25.63,17.64
8/28/2015 15:30,42244.65,1614,25.63,17.64
8/28/2015 15:40,42244.65,1611.6,25.63,17.64
8/28/2015 15:50,42244.66,1609.5,25.63,17.64
8/28/2015 16:00,42244.67,1606.4,25.63,17.64
8/28/2015 16:10,42244.67,1603.6,25.63,17.64
8/28/2015 16:20,42244.68,1600.6,25.63,17.64
8/28/2015 16:30,42244.69,1598.2,25.63,17.64
8/28/2015 16:40,42244.69,1595.3,25.63,17.64
8/28/2015 16:50,42244.70,1592.5,25.63,17.64
8/28/2015 17:00,42244.71,1590.2,25.63,17.64
8/28/2015 17:10,42244.72,1588.1,25.63,17.64
8/28/2015 17:20,42244.72,1586.4,25.63,17.64
8/28/2015 17:30,42244.73,1584.3,25.63,17.64
8/28/2015 17:40,42244.74,1583.1,25.63,17.64
8/28/2015 17:50,42244.74,1581.5,25.63,17.64
8/28/2015 18:00,42244.75,1581.2,25.63,17.64
8/28/2015 18:10,42244.76,1580.7,25.63,17.64
8/28/2015 18:20,42244.76,1580.1,25.63,17.64
8/28/2015 18:30,42244.77,1580,25.63,17.64
8/28/2015 18:40,42244.78,1580,25.63,17.64
8/28/2015 18:50,42244.78,1580.1,25.63,17.64
8/28/2015 19:00,42244.79,1580.8,25.63,17.64
8/28/2015 19:10,42244.80,1582.2,25.63,17.64
8/28/2015 19:20,42244.81,1583.9,25.63,17.64
8/28/2015 19:30,42244.81,1586.2,25.63,17.64
8/28/2015 19:40,42244.82,1588.5,25.63,17.64
8/28/2015 19:50,42244.83,1591.5,25.63,17.64
8/28/2015 20:00,42244.83,1594.2,25.63,17.64
8/28/2015 20:10,42244.84,1597.5,25.63,17.64
8/28/2015 20:20,42244.85,1600.8,25.63,17.64
8/28/2015 20:30,42244.85,1604.5,25.63,17.64
8/28/2015 20:40,42244.86,1607.8,25.63,17.64
8/28/2015 20:50,42244.87,1610.9,25.63,17.64
8/28/2015 21:00,42244.88,1614.2,25.63,17.64
8/28/2015 21:10,42244.88,1617.1,25.63,17.64
8/28/2015 21:20,42244.89,1620.1,25.63,17.64
8/28/2015 21:30,42244.90,1622.6,25.63,17.64
8/28/2015 21:40,42244.90,1625.6,25.64,17.64
8/28/2015 21:50,42244.91,1628.1,25.63,17.64
8/28/2015 22:00,42244.92,1630.7,25.63,17.64
8/28/2015 22:10,42244.92,1633,25.63,17.64
8/28/2015 22:20,42244.93,1634.7,25.63,17.64
8/28/2015 22:30,42244.94,1636.1,25.63,17.64
8/28/2015 22:40,42244.94,1637.3,25.63,17.64
8/28/2015 22:50,42244.95,1639.2,25.63,17.64
8/28/2015 23:00,42244.96,1640.6,25.63,17.64
8/28/2015 23:10,42244.97,1643.2,25.63,17.64
8/28/2015 23:20,42244.97,1645,25.63,17.64
8/28/2015 23:30,42244.98,1646.2,25.64,17.64
8/28/2015 23:40,42244.99,1647.2,25.63,17.64
8/28/2015 23:50,42244.99,1648.5,25.63,17.64
8/29/2015 0:00,42245.00,1650,25.63,17.64
8/29/2015 0:10,42245.01,1650.7,25.63,17.64
8/29/2015 0:20,42245.01,1651,25.63,17.64
8/29/2015 0:30,42245.02,1651,25.63,17.64
8/29/2015 0:40,42245.03,1651,25.64,17.64
8/29/2015 0:50,42245.03,1650.3,25.64,17.64
8/29/2015 1:00,42245.04,1649.3,25.64,17.64
8/29/2015 1:10,42245.05,1647.4,25.63,17.64
8/29/2015 1:20,42245.06,1645.5,25.63,17.64
8/29/2015 1:30,42245.06,1642.7,25.63,17.64
8/29/2015 1:40,42245.07,1639.8,25.64,17.64
8/29/2015 1:50,42245.08,1636.6,25.63,17.64
8/29/2015 2:00,42245.08,1633.6,25.63,17.64
8/29/2015 2:10,42245.09,1631.4,25.63,17.64
8/29/2015 2:20,42245.10,1629.1,25.64,17.64
8/29/2015 2:30,42245.10,1626.9,25.63,17.64
8/29/2015 2:40,42245.11,1624.8,25.63,17.64
8/29/2015 2:50,42245.12,1622.9,25.64,17.64
8/29/2015 3:00,42245.13,1620.8,25.63,17.64
8/29/2015 3:10,42245.13,1618.9,25.63,17.64
8/29/2015 3:20,42245.14,1617,25.63,17.64
8/29/2015 3:30,42245.15,1614.7,25.63,17.64
8/29/2015 3:40,42245.15,1612.6,25.63,17.64
8/29/2015 3:50,42245.16,1610.2,25.63,17.64
8/29/2015 4:00,42245.17,1607.6,25.63,17.64
8/29/2015 4:10,42245.17,1604.8,25.63,17.64
8/29/2015 4:20,42245.18,1601.5,25.63,17.64
8/29/2015 4:30,42245.19,1598.8,25.63,17.64
8/29/2015 4:40,42245.19,1596.1,25.63,17.64
8/29/2015 4:50,42245.20,1593.3,25.63,17.64
8/29/2015 5:00,42245.21,1591.1,25.63,17.64
8/29/2015 5:10,42245.22,1588.3,25.63,17.64
8/29/2015 5:20,42245.22,1586.6,25.63,17.64
8/29/2015 5:30,42245.23,1584.3,25.63,17.64
8/29/2015 5:40,42245.24,1582.8,25.63,17.64
8/29/2015 5:50,42245.24,1581.4,25.63,17.64
8/29/2015 6:00,42245.25,1580.1,25.63,17.64
8/29/2015 6:10,42245.26,1578.9,25.63,17.64
8/29/2015 6:20,42245.26,1578.2,25.63,17.64
8/29/2015 6:30,42245.27,1578.2,25.63,17.64
8/29/2015 6:40,42245.28,1577.9,25.63,17.64
8/29/2015 6:50,42245.28,1577.7,25.63,17.64
8/29/2015 7:00,42245.29,1578.2,25.63,17.64
8/29/2015 7:10,42245.30,1579.3,25.63,17.64
8/29/2015 7:20,42245.31,1580.7,25.63,17.64
8/29/2015 7:30,42245.31,1583.3,25.63,17.64
8/29/2015 7:40,42245.32,1585.7,25.63,17.64
8/29/2015 7:50,42245.33,1588.7,25.63,17.64
8/29/2015 8:00,42245.33,1591.8,25.63,17.64
8/29/2015 8:10,42245.34,1594.9,25.64,17.64
8/29/2015 8:20,42245.35,1598.4,25.63,17.64
8/29/2015 8:30,42245.35,1602.2,25.64,17.64
8/29/2015 8:40,42245.36,1606.4,25.63,17.64
8/29/2015 8:50,42245.37,1610.2,25.63,17.64
8/29/2015 9:00,42245.38,1613.5,25.63,17.64
8/29/2015 9:10,42245.38,1617,25.63,17.64
8/29/2015 9:20,42245.39,1620.3,25.63,17.64
8/29/2015 9:30,42245.40,1623.4,25.63,17.64
8/29/2015 9:40,42245.40,1626.2,25.64,17.64
8/29/2015 9:50,42245.41,1629.8,25.64,17.64
8/29/2015 10:00,42245.42,1633.3,25.64,17.64
8/29/2015 10:10,42245.42,1637,25.64,17.64
8/29/2015 10:20,42245.43,1639.1,25.64,17.64
8/29/2015 10:30,42245.44,1640.8,25.63,17.64
8/29/2015 10:40,42245.44,1642.5,25.64,17.64
8/29/2015 10:50,42245.45,1645,25.64,17.64
8/29/2015 11:00,42245.46,1647.2,25.64,17.64
8/29/2015 11:10,42245.47,1649.5,25.64,17.64
8/29/2015 11:20,42245.47,1652.4,25.64,17.64
8/29/2015 11:30,42245.48,1654.9,25.64,17.64
8/29/2015 11:40,42245.49,1657.7,25.64,17.64
8/29/2015 11:50,42245.49,1659.4,25.64,17.64
8/29/2015 12:00,42245.50,1661.1,25.64,17.64
8/29/2015 12:10,42245.51,1662.2,25.64,17.64
8/29/2015 12:20,42245.51,1663.6,25.64,17.64
8/29/2015 12:30,42245.52,1664.3,25.64,17.64
8/29/2015 12:40,42245.53,1664.3,25.64,17.64
8/29/2015 12:50,42245.53,1664.3,25.64,17.64
8/29/2015 13:00,42245.54,1664.6,25.64,17.64
8/29/2015 13:10,42245.55,1663.9,25.63,17.64
8/29/2015 13:20,42245.56,1662.9,25.64,17.64
8/29/2015 13:30,42245.56,1661.1,25.64,17.64
8/29/2015 13:40,42245.57,1659,25.64,17.64
8/29/2015 13:50,42245.58,1657,25.64,17.64
8/29/2015 14:00,42245.58,1654.2,25.64,17.64
8/29/2015 14:10,42245.59,1651.5,25.64,17.64
8/29/2015 14:20,42245.60,1647.2,25.64,17.64
8/29/2015 14:30,42245.60,1642.7,25.64,17.64
8/29/2015 14:40,42245.61,1638.7,25.63,17.64
8/29/2015 14:50,42245.62,1635.2,25.64,17.64
8/29/2015 15:00,42245.63,1632.8,25.64,17.64
8/29/2015 15:10,42245.63,1630.2,25.64,17.64
8/29/2015 15:20,42245.64,1627.4,25.64,17.64
8/29/2015 15:30,42245.65,1624.8,25.64,17.64
8/29/2015 15:40,42245.65,1622.7,25.64,17.64
8/29/2015 15:50,42245.66,1620.8,25.64,17.64
8/29/2015 16:00,42245.67,1618.7,25.64,17.64
8/29/2015 16:10,42245.67,1616.7,25.64,17.64
8/29/2015 16:20,42245.68,1614.7,25.63,17.64
8/29/2015 16:30,42245.69,1612.3,25.64,17.64
8/29/2015 16:40,42245.69,1609.8,25.64,17.64
8/29/2015 16:50,42245.70,1607.4,25.64,17.64
8/29/2015 17:00,42245.71,1604.6,25.64,17.64
8/29/2015 17:10,42245.72,1601.5,25.64,17.64
8/29/2015 17:20,42245.72,1598.4,25.63,17.64
8/29/2015 17:30,42245.73,1595.3,25.63,17.64
8/29/2015 17:40,42245.74,1592.8,25.63,17.64
8/29/2015 17:50,42245.74,1590.1,25.63,17.64
8/29/2015 18:00,42245.75,1587.3,25.64,17.64
8/29/2015 18:10,42245.76,1585.3,25.63,17.64
8/29/2015 18:20,42245.76,1583.4,25.63,17.64
8/29/2015 18:30,42245.77,1581.5,25.63,17.64
8/29/2015 18:40,42245.78,1579.8,25.64,17.64
8/29/2015 18:50,42245.78,1578.6,25.63,17.64
8/29/2015 19:00,42245.79,1577.7,25.63,17.64
8/29/2015 19:10,42245.80,1577,25.63,17.64
8/29/2015 19:20,42245.81,1576.8,25.63,17.64
8/29/2015 19:30,42245.81,1576.6,25.64,17.64
8/29/2015 19:40,42245.82,1577.5,25.64,17.64
8/29/2015 19:50,42245.83,1578.2,25.63,17.64
8/29/2015 20:00,42245.83,1580.1,25.63,17.64
8/29/2015 20:10,42245.84,1582.2,25.63,17.64
8/29/2015 20:20,42245.85,1584.8,25.64,17.64
8/29/2015 20:30,42245.85,1588.1,25.64,17.64
8/29/2015 20:40,42245.86,1591.5,25.64,17.64
8/29/2015 20:50,42245.87,1594.9,25.64,17.64
8/29/2015 21:00,42245.88,1598.2,25.64,17.64
8/29/2015 21:10,42245.88,1601.8,25.64,17.64
8/29/2015 21:20,42245.89,1606.4,25.64,17.64
8/29/2015 21:30,42245.90,1610.4,25.64,17.64
8/29/2015 21:40,42245.90,1614,25.64,17.64
8/29/2015 21:50,42245.91,1617.7,25.64,17.64
8/29/2015 22:00,42245.92,1620.8,25.64,17.64
8/29/2015 22:10,42245.92,1624.1,25.64,17.64
8/29/2015 22:20,42245.93,1627.2,25.64,17.64
8/29/2015 22:30,42245.94,1630.4,25.64,17.64
8/29/2015 22:40,42245.94,1633.3,25.64,17.64
8/29/2015 22:50,42245.95,1636.8,25.64,17.64
8/29/2015 23:00,42245.96,1638.7,25.64,17.64
8/29/2015 23:10,42245.97,1640.6,25.64,17.64
8/29/2015 23:20,42245.97,1642.5,25.64,17.64
8/29/2015 23:30,42245.98,1644.6,25.64,17.64
8/29/2015 23:40,42245.99,1646.9,25.64,17.64
8/29/2015 23:50,42245.99,1648.8,25.64,17.64
8/30/2015 0:00,42246.00,1651,25.64,17.64
8/30/2015 0:10,42246.01,1653.1,25.63,17.64
8/30/2015 0:20,42246.01,1655.6,25.64,17.64
8/30/2015 0:30,42246.02,1657,25.64,17.64
8/30/2015 0:40,42246.03,1658.3,25.64,17.64
8/30/2015 0:50,42246.03,1659.4,25.64,17.64
8/30/2015 1:00,42246.04,1660.1,25.64,17.64
8/30/2015 1:10,42246.05,1660.6,25.64,17.64
8/30/2015 1:20,42246.06,1660.2,25.64,17.64
8/30/2015 1:30,42246.06,1659.7,25.64,17.64
8/30/2015 1:40,42246.07,1658.7,25.64,17.64
8/30/2015 1:50,42246.08,1657.1,25.64,17.64
8/30/2015 2:00,42246.08,1655.4,25.64,17.64
8/30/2015 2:10,42246.09,1652.6,25.64,17.64
8/30/2015 2:20,42246.10,1649.3,25.64,17.64
8/30/2015 2:30,42246.10,1645.5,25.64,17.64
8/30/2015 2:40,42246.11,1641,25.64,17.64
8/30/2015 2:50,42246.12,1637.3,25.64,17.64
8/30/2015 3:00,42246.13,1633.8,25.64,17.64
8/30/2015 3:10,42246.13,1631.4,25.64,17.64
8/30/2015 3:20,42246.14,1628.6,25.64,17.64
8/30/2015 3:30,42246.15,1626.2,25.64,17.64
8/30/2015 3:40,42246.15,1624.1,25.64,17.64
8/30/2015 3:50,42246.16,1621.5,25.64,17.64
8/30/2015 4:00,42246.17,1619.6,25.64,17.64
8/30/2015 4:10,42246.17,1617.7,25.64,17.64
8/30/2015 4:20,42246.18,1615.8,25.64,17.64
8/30/2015 4:30,42246.19,1613.5,25.64,17.64
8/30/2015 4:40,42246.19,1610.9,25.64,17.64
8/30/2015 4:50,42246.20,1608.3,25.64,17.64
8/30/2015 5:00,42246.21,1605.7,25.64,17.64
8/30/2015 5:10,42246.22,1602.7,25.64,17.64
8/30/2015 5:20,42246.22,1600,25.64,17.64
8/30/2015 5:30,42246.23,1596.7,25.64,17.64
8/30/2015 5:40,42246.24,1593.9,25.63,17.64
8/30/2015 5:50,42246.24,1590.9,25.64,17.64
8/30/2015 6:00,42246.25,1588.7,25.64,17.64
8/30/2015 6:10,42246.26,1586.2,25.64,17.64
8/30/2015 6:20,42246.26,1584.1,25.64,17.64
8/30/2015 6:30,42246.27,1582.4,25.64,17.64
8/30/2015 6:40,42246.28,1580.8,25.64,17.64
8/30/2015 6:50,42246.28,1579.4,25.64,17.64
8/30/2015 7:00,42246.29,1578.2,25.64,17.64
8/30/2015 7:10,42246.30,1577.5,25.64,17.64
8/30/2015 7:20,42246.31,1577,25.64,17.64
8/30/2015 7:30,42246.31,1576.5,25.63,17.64
8/30/2015 7:40,42246.32,1575.9,25.63,17.64
8/30/2015 7:50,42246.33,1576.8,25.63,17.64
8/30/2015 8:00,42246.33,1577.5,25.64,17.64
8/30/2015 8:10,42246.34,1579.4,25.64,17.64
8/30/2015 8:20,42246.35,1581.9,25.64,17.64
8/30/2015 8:30,42246.35,1584.6,25.64,17.64
8/30/2015 8:40,42246.36,1588.1,25.64,17.64
8/30/2015 8:50,42246.37,1591.5,25.64,17.64
8/30/2015 9:00,42246.38,1595.4,25.63,17.64
8/30/2015 9:10,42246.38,1599.3,25.64,17.64
8/30/2015 9:20,42246.39,1603.6,25.64,17.64
8/30/2015 9:30,42246.40,1608.4,25.64,17.64
8/30/2015 9:40,42246.40,1612.5,25.64,17.64
8/30/2015 9:50,42246.41,1616.1,25.64,17.64
8/30/2015 10:00,42246.42,1619.8,25.64,17.64
8/30/2015 10:10,42246.42,1623.3,25.64,17.64
8/30/2015 10:20,42246.43,1626,25.64,17.64
8/30/2015 10:30,42246.44,1629.1,25.64,17.64
8/30/2015 10:40,42246.44,1632.8,25.64,17.64
8/30/2015 10:50,42246.45,1636.6,25.64,17.64
8/30/2015 11:00,42246.46,1640.3,25.64,17.64
8/30/2015 11:10,42246.47,1641.6,25.64,17.64
8/30/2015 11:20,42246.47,1644.3,25.64,17.64
8/30/2015 11:30,42246.48,1645.8,25.64,17.64
8/30/2015 11:40,42246.49,1648.5,25.64,17.64
8/30/2015 11:50,42246.49,1650.5,25.64,17.64
8/30/2015 12:00,42246.50,1653.6,25.64,17.64
8/30/2015 12:10,42246.51,1656.6,25.64,17.64
8/30/2015 12:20,42246.51,1659.2,25.64,17.64
8/30/2015 12:30,42246.52,1661.6,25.64,17.64
8/30/2015 12:40,42246.53,1663.4,25.64,17.64
8/30/2015 12:50,42246.53,1665.1,25.64,17.64
8/30/2015 13:00,42246.54,1666.5,25.64,17.64
8/30/2015 13:10,42246.55,1667.2,25.64,17.64
8/30/2015 13:20,42246.56,1667.7,25.64,17.64
8/30/2015 13:30,42246.56,1667.9,25.64,17.64
8/30/2015 13:40,42246.57,1667.2,25.64,17.64
8/30/2015 13:50,42246.58,1666.5,25.64,17.64
8/30/2015 14:00,42246.58,1665.5,25.64,17.64
8/30/2015 14:10,42246.59,1664.1,25.64,17.64
8/30/2015 14:20,42246.60,1662.3,25.64,17.64
8/30/2015 14:30,42246.60,1659.7,25.64,17.64
8/30/2015 14:40,42246.61,1657,25.64,17.64
8/30/2015 14:50,42246.62,1653.3,25.64,17.64
8/30/2015 15:00,42246.63,1648.5,25.64,17.64
8/30/2015 15:10,42246.63,1643.6,25.64,17.64
8/30/2015 15:20,42246.64,1639.1,25.64,17.64
8/30/2015 15:30,42246.65,1635.4,25.64,17.64
8/30/2015 15:40,42246.65,1632.1,25.64,17.64
8/30/2015 15:50,42246.66,1629.3,25.64,17.64
8/30/2015 16:00,42246.67,1626,25.64,17.64
8/30/2015 16:10,42246.67,1624.1,25.64,17.64
8/30/2015 16:20,42246.68,1621.7,25.64,17.64
8/30/2015 16:30,42246.69,1619.8,25.64,17.64
8/30/2015 16:40,42246.69,1617.3,25.64,17.64
8/30/2015 16:50,42246.70,1615.6,25.64,17.64
8/30/2015 17:00,42246.71,1613.3,25.64,17.64
8/30/2015 17:10,42246.72,1611.1,25.64,17.64
8/30/2015 17:20,42246.72,1608.8,25.64,17.64
8/30/2015 17:30,42246.73,1605.9,25.64,17.64
8/30/2015 17:40,42246.74,1603.1,25.63,17.64
8/30/2015 17:50,42246.74,1600.1,25.63,17.64
8/30/2015 18:00,42246.75,1597.2,25.64,17.64
8/30/2015 18:10,42246.76,1594,25.64,17.64
8/30/2015 18:20,42246.76,1591.1,25.64,17.64
8/30/2015 18:30,42246.77,1589,25.64,17.64
8/30/2015 18:40,42246.78,1586,25.64,17.64
8/30/2015 18:50,42246.78,1583.9,25.64,17.64
8/30/2015 19:00,42246.79,1581.9,25.64,17.64
8/30/2015 19:10,42246.80,1580.1,25.64,17.64
8/30/2015 19:20,42246.81,1578.6,25.64,17.64
8/30/2015 19:30,42246.81,1576.6,25.64,17.64
8/30/2015 19:40,42246.82,1575.9,25.64,17.64
8/30/2015 19:50,42246.83,1574.8,25.64,17.64
8/30/2015 20:00,42246.83,1574.4,25.64,17.64
8/30/2015 20:10,42246.84,1574.4,25.64,17.64
8/30/2015 20:20,42246.85,1574.8,25.64,17.64
8/30/2015 20:30,42246.85,1575.8,25.64,17.64
8/30/2015 20:40,42246.86,1577.2,25.64,17.64
8/30/2015 20:50,42246.87,1579.3,25.64,17.64
8/30/2015 21:00,42246.88,1582.1,25.64,17.64
8/30/2015 21:10,42246.88,1585,25.64,17.64
8/30/2015 21:20,42246.89,1588.8,25.64,17.64
8/30/2015 21:30,42246.90,1592.5,25.64,17.64
8/30/2015 21:40,42246.90,1596.5,25.64,17.64
8/30/2015 21:50,42246.91,1600.8,25.64,17.64
8/30/2015 22:00,42246.92,1605.3,25.64,17.64
8/30/2015 22:10,42246.92,1609.8,25.64,17.64
8/30/2015 22:20,42246.93,1613.9,25.64,17.64
8/30/2015 22:30,42246.94,1617.8,25.64,17.64
8/30/2015 22:40,42246.94,1621.5,25.64,17.64
8/30/2015 22:50,42246.95,1624.5,25.64,17.64
8/30/2015 23:00,42246.96,1627.2,25.64,17.64
8/30/2015 23:10,42246.97,1630.5,25.64,17.64
8/30/2015 23:20,42246.97,1634.9,25.64,17.64
8/30/2015 23:30,42246.98,1638.9,25.64,17.64
8/30/2015 23:40,42246.99,1641.5,25.64,17.64
8/30/2015 23:50,42246.99,1643.4,25.64,17.64
8/31/2015 0:00,42247.00,1645.3,25.64,17.65
8/31/2015 0:10,42247.01,1646.9,25.64,17.65
8/31/2015 0:20,42247.01,1649.2,25.64,17.65
8/31/2015 0:30,42247.02,1651.5,25.64,17.64
8/31/2015 0:40,42247.03,1654,25.64,17.64
8/31/2015 0:50,42247.03,1657.1,25.64,17.64
8/31/2015 1:00,42247.04,1659.7,25.64,17.64
8/31/2015 1:10,42247.05,1661.1,25.64,17.65
8/31/2015 1:20,42247.06,1662.5,25.64,17.64
8/31/2015 1:30,42247.06,1663.4,25.64,17.64
8/31/2015 1:40,42247.07,1663.9,25.64,17.64
8/31/2015 1:50,42247.08,1663.9,25.64,17.64
8/31/2015 2:00,42247.08,1663.6,25.64,17.64
8/31/2015 2:10,42247.09,1662.7,25.64,17.64
8/31/2015 2:20,42247.10,1661.6,25.64,17.64
8/31/2015 2:30,42247.10,1659.7,25.64,17.64
8/31/2015 2:40,42247.11,1658,25.64,17.64
8/31/2015 2:50,42247.12,1655.2,25.64,17.64
8/31/2015 3:00,42247.13,1651.7,25.64,17.64
8/31/2015 3:10,42247.13,1647.8,25.64,17.64
8/31/2015 3:20,42247.14,1643.4,25.64,17.64
8/31/2015 3:30,42247.15,1639.2,25.64,17.64
8/31/2015 3:40,42247.15,1635.4,25.64,17.64
8/31/2015 3:50,42247.16,1632.1,25.64,17.64
8/31/2015 4:00,42247.17,1629.1,25.64,17.64
8/31/2015 4:10,42247.17,1626.9,25.64,17.64
8/31/2015 4:20,42247.18,1624.3,25.64,17.64
8/31/2015 4:30,42247.19,1622.2,25.64,17.64
8/31/2015 4:40,42247.19,1619.9,25.64,17.64
8/31/2015 4:50,42247.20,1618.2,25.64,17.64
8/31/2015 5:00,42247.21,1616.1,25.64,17.64
8/31/2015 5:10,42247.22,1614,25.64,17.64
8/31/2015 5:20,42247.22,1611.4,25.64,17.64
8/31/2015 5:30,42247.23,1608.8,25.64,17.64
8/31/2015 5:40,42247.24,1606,25.64,17.64
8/31/2015 5:50,42247.24,1603.2,25.64,17.64
8/31/2015 6:00,42247.25,1600.1,25.64,17.64
8/31/2015 6:10,42247.26,1597.2,25.64,17.64
8/31/2015 6:20,42247.26,1594,25.64,17.64
8/31/2015 6:30,42247.27,1591.5,25.64,17.64
8/31/2015 6:40,42247.28,1588.7,25.64,17.64
8/31/2015 6:50,42247.28,1586,25.64,17.64
8/31/2015 7:00,42247.29,1583.8,25.64,17.64
8/31/2015 7:10,42247.30,1581.9,25.64,17.64
8/31/2015 7:20,42247.31,1579.6,25.64,17.64
8/31/2015 7:30,42247.31,1578.2,25.64,17.64
8/31/2015 7:40,42247.32,1576.6,25.64,17.64
8/31/2015 7:50,42247.33,1575.4,25.64,17.64
8/31/2015 8:00,42247.33,1574.6,25.64,17.64
8/31/2015 8:10,42247.34,1574.3,25.63,17.64
8/31/2015 8:20,42247.35,1573.7,25.64,17.64
8/31/2015 8:30,42247.35,1573.9,25.63,17.64
8/31/2015 8:40,42247.36,1574.8,25.64,17.64
8/31/2015 8:50,42247.37,1576.3,25.64,17.64
8/31/2015 9:00,42247.38,1578.2,25.64,17.64
8/31/2015 9:10,42247.38,1580.7,25.64,17.64
8/31/2015 9:20,42247.39,1583.8,25.64,17.64
8/31/2015 9:30,42247.40,1587.4,25.64,17.64
8/31/2015 9:40,42247.40,1590.9,25.64,17.64
8/31/2015 9:50,42247.41,1594.9,25.64,17.64
8/31/2015 10:00,42247.42,1599.5,25.64,17.64
8/31/2015 10:10,42247.42,1604.3,25.64,17.64
8/31/2015 10:20,42247.43,1608.8,25.64,17.64
8/31/2015 10:30,42247.44,1613,25.64,17.64
8/31/2015 10:40,42247.44,1616.8,25.64,17.64
8/31/2015 10:50,42247.45,1620.3,25.64,17.64
8/31/2015 11:00,42247.46,1623.4,25.64,17.64
8/31/2015 11:10,42247.47,1626.9,25.64,17.64
8/31/2015 11:20,42247.47,1630.7,25.64,17.64
8/31/2015 11:30,42247.48,1634.3,25.64,17.64
8/31/2015 11:40,42247.49,1638.7,25.64,17.64
8/31/2015 11:50,42247.49,1641.3,25.64,17.64
8/31/2015 12:00,42247.50,1644.1,25.64,17.64
8/31/2015 12:10,42247.51,1646.2,25.64,17.65
8/31/2015 12:20,42247.51,1647.8,25.64,17.65
8/31/2015 12:30,42247.52,1650.1,25.64,17.65
8/31/2015 12:40,42247.53,1653.1,25.64,17.64
8/31/2015 12:50,42247.53,1656.4,25.64,17.64
8/31/2015 13:00,42247.54,1659.7,25.64,17.64
8/31/2015 13:10,42247.55,1662,25.64,17.64
8/31/2015 13:20,42247.56,1663.9,25.64,17.64
8/31/2015 13:30,42247.56,1665.3,25.64,17.64
8/31/2015 13:40,42247.57,1667,25.64,17.64
8/31/2015 13:50,42247.58,1667.7,25.64,17.65
8/31/2015 14:00,42247.58,1668.1,25.64,17.64
8/31/2015 14:10,42247.59,1668.1,25.64,17.64
8/31/2015 14:20,42247.60,1667.9,25.64,17.64
8/31/2015 14:30,42247.60,1667.7,25.64,17.64
8/31/2015 14:40,42247.61,1666.5,25.64,17.64
8/31/2015 14:50,42247.62,1665.1,25.64,17.64
8/31/2015 15:00,42247.63,1663.4,25.64,17.64
8/31/2015 15:10,42247.63,1660.8,25.64,17.64
8/31/2015 15:20,42247.64,1657.7,25.64,17.65
8/31/2015 15:30,42247.65,1654.7,25.64,17.65
8/31/2015 15:40,42247.65,1650.3,25.64,17.64
8/31/2015 15:50,42247.66,1645.1,25.64,17.64
8/31/2015 16:00,42247.67,1639.9,25.64,17.64
8/31/2015 16:10,42247.67,1635.9,25.64,17.64
8/31/2015 16:20,42247.68,1633,25.64,17.64
8/31/2015 16:30,42247.69,1629.8,25.64,17.64
8/31/2015 16:40,42247.69,1626.7,25.64,17.64
8/31/2015 16:50,42247.70,1624.1,25.64,17.64
8/31/2015 17:00,42247.71,1621.9,25.64,17.64
8/31/2015 17:10,42247.72,1620.1,25.64,17.64
8/31/2015 17:20,42247.72,1618,25.64,17.64
8/31/2015 17:30,42247.73,1616,25.64,17.64
8/31/2015 17:40,42247.74,1613.5,25.64,17.64
8/31/2015 17:50,42247.74,1611.1,25.64,17.64
8/31/2015 18:00,42247.75,1608.6,25.64,17.64
8/31/2015 18:10,42247.76,1606.2,25.64,17.64
8/31/2015 18:20,42247.76,1603.1,25.64,17.64
8/31/2015 18:30,42247.77,1599.8,25.64,17.64
8/31/2015 18:40,42247.78,1597,25.64,17.64
8/31/2015 18:50,42247.78,1594.2,25.64,17.64
8/31/2015 19:00,42247.79,1591.5,25.64,17.64
8/31/2015 19:10,42247.80,1588.5,25.64,17.64
8/31/2015 19:20,42247.81,1585.5,25.64,17.64
8/31/2015 19:30,42247.81,1583.1,25.64,17.64
8/31/2015 19:40,42247.82,1580.7,25.64,17.64
8/31/2015 19:50,42247.83,1579.1,25.64,17.64
8/31/2015 20:00,42247.83,1577,25.64,17.64
8/31/2015 20:10,42247.84,1575.9,25.64,17.64
8/31/2015 20:20,42247.85,1574.4,25.64,17.64
8/31/2015 20:30,42247.85,1573.6,25.64,17.64
8/31/2015 20:40,42247.86,1573.2,25.64,17.64
8/31/2015 20:50,42247.87,1573,25.64,17.64
8/31/2015 21:00,42247.88,1572.9,25.64,17.64
8/31/2015 21:10,42247.88,1573.7,25.64,17.64
8/31/2015 21:20,42247.89,1575.2,25.64,17.64
8/31/2015 21:30,42247.90,1577.5,25.64,17.64
8/31/2015 21:40,42247.90,1580.1,25.64,17.64
8/31/2015 21:50,42247.91,1582.9,25.64,17.64
8/31/2015 22:00,42247.92,1586.4,25.64,17.64
8/31/2015 22:10,42247.92,1589.9,25.64,17.64
8/31/2015 22:20,42247.93,1593.9,25.64,17.64
8/31/2015 22:30,42247.94,1597.9,25.64,17.64
8/31/2015 22:40,42247.94,1602.2,25.64,17.64
8/31/2015 22:50,42247.95,1607.1,25.64,17.64
8/31/2015 23:00,42247.96,1611.2,25.64,17.64
8/31/2015 23:10,42247.97,1615.4,25.64,17.64
8/31/2015 23:20,42247.97,1618.9,25.64,17.64
8/31/2015 23:30,42247.98,1622,25.64,17.64
8/31/2015 23:40,42247.99,1624.7,25.64,17.64
8/31/2015 23:50,42247.99,1627.7,25.64,17.64
9/1/2015 0:00,42248.00,1631.6,25.64,17.64
9/1/2015 0:10,42248.01,1635.6,25.64,17.65
9/1/2015 0:20,42248.01,1638.9,25.64,17.64
9/1/2015 0:30,42248.02,1640.6,25.64,17.64
9/1/2015 0:40,42248.03,1643.2,25.64,17.65
9/1/2015 0:50,42248.03,1644.6,25.64,17.64
9/1/2015 1:00,42248.04,1646.4,25.64,17.65
9/1/2015 1:10,42248.05,1649,25.64,17.65
9/1/2015 1:20,42248.06,1652.6,25.64,17.65
9/1/2015 1:30,42248.06,1654.9,25.64,17.64
9/1/2015 1:40,42248.07,1657.5,25.64,17.65
9/1/2015 1:50,42248.08,1659.2,25.64,17.64
9/1/2015 2:00,42248.08,1660.4,25.64,17.64
9/1/2015 2:10,42248.09,1661.3,25.64,17.65
9/1/2015 2:20,42248.10,1662.2,25.64,17.65
9/1/2015 2:30,42248.10,1662.2,25.64,17.64
9/1/2015 2:40,42248.11,1662.2,25.64,17.65
9/1/2015 2:50,42248.12,1661.6,25.64,17.64
9/1/2015 3:00,42248.13,1661.1,25.64,17.64
9/1/2015 3:10,42248.13,1659.7,25.64,17.65
9/1/2015 3:20,42248.14,1658,25.64,17.65
9/1/2015 3:30,42248.15,1655.4,25.64,17.65
9/1/2015 3:40,42248.15,1652.2,25.64,17.64
9/1/2015 3:50,42248.16,1648.3,25.64,17.64
9/1/2015 4:00,42248.17,1643.7,25.64,17.65
9/1/2015 4:10,42248.17,1639.2,25.64,17.64
9/1/2015 4:20,42248.18,1635.6,25.64,17.64
9/1/2015 4:30,42248.19,1632.3,25.64,17.64
9/1/2015 4:40,42248.19,1629.1,25.64,17.64
9/1/2015 4:50,42248.20,1626.3,25.64,17.65
9/1/2015 5:00,42248.21,1623.8,25.64,17.65
9/1/2015 5:10,42248.22,1621.7,25.64,17.64
9/1/2015 5:20,42248.22,1619.4,25.64,17.64
9/1/2015 5:30,42248.23,1617.1,25.64,17.64
9/1/2015 5:40,42248.24,1615.3,25.64,17.64
9/1/2015 5:50,42248.24,1612.8,25.64,17.64
9/1/2015 6:00,42248.25,1610.5,25.64,17.65
9/1/2015 6:10,42248.26,1607.6,25.64,17.65
9/1/2015 6:20,42248.26,1605,25.64,17.64
9/1/2015 6:30,42248.27,1602,25.64,17.64
9/1/2015 6:40,42248.28,1599.1,25.64,17.65
9/1/2015 6:50,42248.28,1595.3,25.64,17.64
9/1/2015 7:00,42248.29,1592.3,25.64,17.64
9/1/2015 7:10,42248.30,1589.5,25.64,17.64
9/1/2015 7:20,42248.31,1586.9,25.64,17.64
9/1/2015 7:30,42248.31,1584.5,25.64,17.64
9/1/2015 7:40,42248.32,1581.9,25.64,17.64
9/1/2015 7:50,42248.33,1580.1,25.64,17.64
9/1/2015 8:00,42248.33,1578,25.64,17.64
9/1/2015 8:10,42248.34,1576.5,25.64,17.64
9/1/2015 8:20,42248.35,1575.4,25.64,17.64
9/1/2015 8:30,42248.35,1574.3,25.64,17.64
9/1/2015 8:40,42248.36,1573,25.64,17.64
9/1/2015 8:50,42248.37,1572.5,25.64,17.64
9/1/2015 9:00,42248.38,1571.8,25.64,17.64
9/1/2015 9:10,42248.38,1572,25.64,17.64
9/1/2015 9:20,42248.39,1572.7,25.64,17.64
9/1/2015 9:30,42248.40,1573.7,25.64,17.64
9/1/2015 9:40,42248.40,1575.8,25.64,17.64
9/1/2015 9:50,42248.41,1578.4,25.64,17.64
9/1/2015 10:00,42248.42,1581.4,25.64,17.64
9/1/2015 10:10,42248.42,1584.8,25.64,17.64
9/1/2015 10:20,42248.43,1588.5,25.64,17.64
9/1/2015 10:30,42248.44,1592.3,25.64,17.64
9/1/2015 10:40,42248.44,1596.7,25.64,17.64
9/1/2015 10:50,42248.45,1601.1,25.64,17.64
9/1/2015 11:00,42248.46,1605.7,25.64,17.64
9/1/2015 11:10,42248.47,1609.8,25.64,17.64
9/1/2015 11:20,42248.47,1614,25.64,17.64
9/1/2015 11:30,42248.48,1617.7,25.64,17.64
9/1/2015 11:40,42248.49,1620.8,25.64,17.64
9/1/2015 11:50,42248.49,1624.1,25.64,17.64
9/1/2015 12:00,42248.50,1627.4,25.64,17.64
9/1/2015 12:10,42248.51,1631.4,25.64,17.64
9/1/2015 12:20,42248.51,1635.6,25.64,17.64
9/1/2015 12:30,42248.52,1639.2,25.64,17.65
9/1/2015 12:40,42248.53,1640.8,25.64,17.65
9/1/2015 12:50,42248.53,1642.5,25.64,17.65
9/1/2015 13:00,42248.54,1644.8,25.64,17.64
9/1/2015 13:10,42248.55,1646.4,25.64,17.65
9/1/2015 13:20,42248.56,1649.3,25.64,17.65
9/1/2015 13:30,42248.56,1652.4,25.64,17.65
9/1/2015 13:40,42248.57,1655.7,25.64,17.65
9/1/2015 13:50,42248.58,1658.2,25.64,17.64
9/1/2015 14:00,42248.58,1660.1,25.64,17.64
9/1/2015 14:10,42248.59,1661.5,25.64,17.65
9/1/2015 14:20,42248.60,1662.5,25.64,17.65
9/1/2015 14:30,42248.60,1663.6,25.64,17.65
9/1/2015 14:40,42248.61,1664.1,25.64,17.65
9/1/2015 14:50,42248.62,1664.1,25.64,17.65
9/1/2015 15:00,42248.63,1663.9,25.64,17.65
9/1/2015 15:10,42248.63,1663.4,25.64,17.65
9/1/2015 15:20,42248.64,1662.2,25.64,17.64
9/1/2015 15:30,42248.65,1660.8,25.64,17.65
9/1/2015 15:40,42248.65,1658.7,25.64,17.65
9/1/2015 15:50,42248.66,1656.3,25.64,17.65
9/1/2015 16:00,42248.67,1652.8,25.64,17.65
9/1/2015 16:10,42248.67,1649,25.64,17.64
9/1/2015 16:20,42248.68,1644.1,25.64,17.65
9/1/2015 16:30,42248.69,1639.2,25.64,17.65
9/1/2015 16:40,42248.69,1635.4,25.64,17.64
9/1/2015 16:50,42248.70,1632.3,25.64,17.65
9/1/2015 17:00,42248.71,1629.5,25.64,17.64
9/1/2015 17:10,42248.72,1626.3,25.64,17.65
9/1/2015 17:20,42248.72,1623.6,25.64,17.64
9/1/2015 17:30,42248.73,1621.5,25.64,17.64
9/1/2015 17:40,42248.74,1619.4,25.64,17.64
9/1/2015 17:50,42248.74,1617.3,25.64,17.64
9/1/2015 18:00,42248.75,1615.4,25.64,17.65
9/1/2015 18:10,42248.76,1613,25.64,17.64
9/1/2015 18:20,42248.76,1610.5,25.64,17.64
9/1/2015 18:30,42248.77,1607.8,25.64,17.65
9/1/2015 18:40,42248.78,1605.2,25.64,17.64
9/1/2015 18:50,42248.78,1602.2,25.64,17.64
9/1/2015 19:00,42248.79,1599.1,25.64,17.64
9/1/2015 19:10,42248.80,1596,25.64,17.65
9/1/2015 19:20,42248.81,1592.8,25.64,17.65
9/1/2015 19:30,42248.81,1590.1,25.64,17.64
9/1/2015 19:40,42248.82,1587.3,25.64,17.64
9/1/2015 19:50,42248.83,1584.5,25.64,17.64
9/1/2015 20:00,42248.83,1582.2,25.64,17.64
9/1/2015 20:10,42248.84,1580,25.64,17.64
9/1/2015 20:20,42248.85,1578.2,25.64,17.64
9/1/2015 20:30,42248.85,1576.8,25.64,17.65
9/1/2015 20:40,42248.86,1575.1,25.64,17.64
9/1/2015 20:50,42248.87,1574.1,25.64,17.64
9/1/2015 21:00,42248.88,1573,25.64,17.64
9/1/2015 21:10,42248.88,1572.3,25.64,17.64
9/1/2015 21:20,42248.89,1571.6,25.64,17.64
9/1/2015 21:30,42248.90,1571.5,25.64,17.64
9/1/2015 21:40,42248.90,1571.6,25.64,17.64
9/1/2015 21:50,42248.91,1572.5,25.64,17.64
9/1/2015 22:00,42248.92,1574.1,25.64,17.64
9/1/2015 22:10,42248.92,1576.6,25.64,17.64
9/1/2015 22:20,42248.93,1580,25.64,17.64
9/1/2015 22:30,42248.94,1583.1,25.64,17.64
9/1/2015 22:40,42248.94,1586.7,25.64,17.64
9/1/2015 22:50,42248.95,1590.6,25.64,17.64
9/1/2015 23:00,42248.96,1594.7,25.64,17.64
9/1/2015 23:10,42248.97,1598.9,25.64,17.64
9/1/2015 23:20,42248.97,1603.6,25.64,17.64
9/1/2015 23:30,42248.98,1608.1,25.64,17.64
9/1/2015 23:40,42248.99,1611.9,25.64,17.64
9/1/2015 23:50,42248.99,1616,25.64,17.64
9/2/2015 0:00,42249.00,1619.1,25.64,17.64
9/2/2015 0:10,42249.01,1622.4,25.64,17.64
9/2/2015 0:20,42249.01,1625.6,25.64,17.64
9/2/2015 0:30,42249.02,1629.5,25.64,17.65
9/2/2015 0:40,42249.03,1634,25.64,17.64
9/2/2015 0:50,42249.03,1637.1,25.64,17.65
9/2/2015 1:00,42249.04,1639.4,25.64,17.65
9/2/2015 1:10,42249.05,1642.3,25.64,17.65
9/2/2015 1:20,42249.06,1643.9,25.64,17.65
9/2/2015 1:30,42249.06,1645.1,25.64,17.65
9/2/2015 1:40,42249.07,1647.1,25.64,17.65
9/2/2015 1:50,42249.08,1650.3,25.64,17.65
9/2/2015 2:00,42249.08,1653.1,25.64,17.65
9/2/2015 2:10,42249.09,1656.3,25.64,17.65
9/2/2015 2:20,42249.10,1658.2,25.64,17.65
9/2/2015 2:30,42249.10,1660.4,25.64,17.65
9/2/2015 2:40,42249.11,1661.3,25.64,17.65
9/2/2015 2:50,42249.12,1661.8,25.64,17.65
9/2/2015 3:00,42249.13,1663,25.64,17.65
9/2/2015 3:10,42249.13,1663.4,25.64,17.65
9/2/2015 3:20,42249.14,1663.2,25.64,17.65
9/2/2015 3:30,42249.15,1662.9,25.64,17.65
9/2/2015 3:40,42249.15,1662,25.64,17.65
9/2/2015 3:50,42249.16,1660.9,25.64,17.65
9/2/2015 4:00,42249.17,1659,25.64,17.64
9/2/2015 4:10,42249.17,1656.8,25.64,17.65
9/2/2015 4:20,42249.18,1654.2,25.64,17.65
9/2/2015 4:30,42249.19,1651,25.64,17.65
9/2/2015 4:40,42249.19,1646.7,25.64,17.65
9/2/2015 4:50,42249.20,1641.8,25.64,17.65
9/2/2015 5:00,42249.21,1637.7,25.64,17.64
9/2/2015 5:10,42249.22,1634.3,25.64,17.65
9/2/2015 5:20,42249.22,1631.8,25.64,17.65
9/2/2015 5:30,42249.23,1628.6,25.64,17.64
9/2/2015 5:40,42249.24,1626.2,25.64,17.65
9/2/2015 5:50,42249.24,1624,25.64,17.65
9/2/2015 6:00,42249.25,1621.7,25.64,17.65
9/2/2015 6:10,42249.26,1619.4,25.64,17.65
9/2/2015 6:20,42249.26,1617.5,25.64,17.64
9/2/2015 6:30,42249.27,1615.1,25.64,17.64
9/2/2015 6:40,42249.28,1613.3,25.64,17.65
9/2/2015 6:50,42249.28,1610.5,25.64,17.65
9/2/2015 7:00,42249.29,1608,25.64,17.65
9/2/2015 7:10,42249.30,1605.3,25.64,17.64
9/2/2015 7:20,42249.31,1602,25.64,17.64
9/2/2015 7:30,42249.31,1599.1,25.64,17.65
9/2/2015 7:40,42249.32,1596.3,25.64,17.64
9/2/2015 7:50,42249.33,1593.2,25.64,17.64
9/2/2015 8:00,42249.33,1590.2,25.64,17.64
9/2/2015 8:10,42249.34,1587.6,25.64,17.64
9/2/2015 8:20,42249.35,1585.2,25.64,17.64
9/2/2015 8:30,42249.35,1582.9,25.64,17.64
9/2/2015 8:40,42249.36,1580.8,25.64,17.65
9/2/2015 8:50,42249.37,1579.3,25.64,17.64
9/2/2015 9:00,42249.38,1577.9,25.64,17.64
9/2/2015 9:10,42249.38,1576.3,25.64,17.64
9/2/2015 9:20,42249.39,1575.6,25.64,17.64
9/2/2015 9:30,42249.40,1575,25.64,17.64
9/2/2015 9:40,42249.40,1574.3,25.64,17.64
9/2/2015 9:50,42249.41,1574.4,25.64,17.64
9/2/2015 10:00,42249.42,1575,25.64,17.64
9/2/2015 10:10,42249.42,1575.9,25.64,17.64
9/2/2015 10:20,42249.43,1578,25.64,17.64
9/2/2015 10:30,42249.44,1580.3,25.64,17.64
9/2/2015 10:40,42249.44,1583.1,25.64,17.64
9/2/2015 10:50,42249.45,1586.2,25.64,17.64
9/2/2015 11:00,42249.46,1589.4,25.64,17.64
9/2/2015 11:10,42249.47,1593,25.64,17.64
9/2/2015 11:20,42249.47,1596.8,25.64,17.64
9/2/2015 11:30,42249.48,1600.8,25.64,17.64
9/2/2015 11:40,42249.49,1605.7,25.64,17.65
9/2/2015 11:50,42249.49,1609.5,25.64,17.64
9/2/2015 12:00,42249.50,1613,25.64,17.64
9/2/2015 12:10,42249.51,1616.3,25.64,17.64
9/2/2015 12:20,42249.51,1619.6,25.64,17.64
9/2/2015 12:30,42249.52,1622.6,25.64,17.65
9/2/2015 12:40,42249.53,1625.6,25.64,17.65
9/2/2015 12:50,42249.53,1629.3,25.64,17.65
9/2/2015 13:00,42249.54,1632.8,25.64,17.65
9/2/2015 13:10,42249.55,1636.4,25.64,17.64
9/2/2015 13:20,42249.56,1638.5,25.64,17.65
9/2/2015 13:30,42249.56,1640.3,25.64,17.65
9/2/2015 13:40,42249.57,1642.2,25.64,17.65
9/2/2015 13:50,42249.58,1644.1,25.64,17.65
9/2/2015 14:00,42249.58,1645.8,25.64,17.65
9/2/2015 14:10,42249.59,1648.1,25.64,17.65
9/2/2015 14:20,42249.60,1650.7,25.64,17.65
9/2/2015 14:30,42249.60,1653.1,25.64,17.65
9/2/2015 14:40,42249.61,1654.9,25.64,17.65
9/2/2015 14:50,42249.62,1656.8,25.64,17.64
9/2/2015 15:00,42249.63,1658,25.64,17.65
9/2/2015 15:10,42249.63,1659.4,25.64,17.65
9/2/2015 15:20,42249.64,1659.7,25.64,17.65
9/2/2015 15:30,42249.65,1659.9,25.64,17.65
9/2/2015 15:40,42249.65,1660.1,25.64,17.65
9/2/2015 15:50,42249.66,1659.5,25.64,17.65
9/2/2015 16:00,42249.67,1658.5,25.64,17.64
9/2/2015 16:10,42249.67,1657.3,25.64,17.65
9/2/2015 16:20,42249.68,1655.6,25.64,17.65
9/2/2015 16:30,42249.69,1652.9,25.64,17.64
9/2/2015 16:40,42249.69,1649.9,25.64,17.65
9/2/2015 16:50,42249.70,1645.8,25.64,17.65
9/2/2015 17:00,42249.71,1641.5,25.64,17.64
9/2/2015 17:10,42249.72,1637.7,25.64,17.64
9/2/2015 17:20,42249.72,1634.3,25.64,17.64
9/2/2015 17:30,42249.73,1631.6,25.64,17.64
9/2/2015 17:40,42249.74,1629.1,25.64,17.65
9/2/2015 17:50,42249.74,1626.3,25.64,17.65
9/2/2015 18:00,42249.75,1624.5,25.64,17.65
9/2/2015 18:10,42249.76,1622.4,25.64,17.64
9/2/2015 18:20,42249.76,1620.3,25.64,17.64
9/2/2015 18:30,42249.77,1618,25.64,17.64
9/2/2015 18:40,42249.78,1616.1,25.64,17.65
9/2/2015 18:50,42249.78,1614,25.64,17.65
9/2/2015 19:00,42249.79,1611.6,25.64,17.64
9/2/2015 19:10,42249.80,1609.3,25.64,17.64
9/2/2015 19:20,42249.81,1606.6,25.64,17.64
9/2/2015 19:30,42249.81,1603.4,25.64,17.64
9/2/2015 19:40,42249.82,1600.4,25.64,17.64
9/2/2015 19:50,42249.83,1597.2,25.64,17.64
9/2/2015 20:00,42249.83,1594,25.64,17.64
9/2/2015 20:10,42249.84,1591.5,25.64,17.64
9/2/2015 20:20,42249.85,1588.5,25.64,17.64
9/2/2015 20:30,42249.85,1586.2,25.64,17.64
9/2/2015 20:40,42249.86,1583.8,25.64,17.64
9/2/2015 20:50,42249.87,1581.7,25.64,17.64
9/2/2015 21:00,42249.88,1580.1,25.64,17.64
9/2/2015 21:10,42249.88,1578.7,25.64,17.64
9/2/2015 21:20,42249.89,1577.5,25.64,17.64
9/2/2015 21:30,42249.90,1576.5,25.64,17.64
9/2/2015 21:40,42249.90,1575.9,25.64,17.64
9/2/2015 21:50,42249.91,1575.4,25.64,17.64
9/2/2015 22:00,42249.92,1575.1,25.64,17.64
9/2/2015 22:10,42249.92,1575.2,25.64,17.64
9/2/2015 22:20,42249.93,1575.9,25.64,17.64
9/2/2015 22:30,42249.94,1577.3,25.64,17.64
9/2/2015 22:40,42249.94,1579.1,25.64,17.64
9/2/2015 22:50,42249.95,1581.5,25.64,17.64
9/2/2015 23:00,42249.96,1584.1,25.64,17.64
9/2/2015 23:10,42249.97,1587.4,25.64,17.64
9/2/2015 23:20,42249.97,1590.6,25.64,17.64
9/2/2015 23:30,42249.98,1594,25.64,17.64
9/2/2015 23:40,42249.99,1597.7,25.64,17.64
9/2/2015 23:50,42249.99,1601.7,25.64,17.64
9/3/2015 0:00,42250.00,1605.9,25.64,17.64
9/3/2015 0:10,42250.01,1609.7,25.64,17.64
9/3/2015 0:20,42250.01,1613.2,25.64,17.64
9/3/2015 0:30,42250.02,1616.3,25.64,17.64
9/3/2015 0:40,42250.03,1619.4,25.64,17.64
9/3/2015 0:50,42250.03,1622.6,25.64,17.64
9/3/2015 1:00,42250.04,1625.6,25.64,17.65
9/3/2015 1:10,42250.05,1628.8,25.64,17.64
9/3/2015 1:20,42250.06,1632.5,25.64,17.64
9/3/2015 1:30,42250.06,1635.7,25.64,17.65
9/3/2015 1:40,42250.07,1638,25.64,17.64
9/3/2015 1:50,42250.08,1639.8,25.64,17.65
9/3/2015 2:00,42250.08,1640.8,25.64,17.65
9/3/2015 2:10,42250.09,1642.9,25.64,17.65
9/3/2015 2:20,42250.10,1644.8,25.64,17.65
9/3/2015 2:30,42250.10,1646.7,25.64,17.65
9/3/2015 2:40,42250.11,1649.2,25.64,17.65
9/3/2015 2:50,42250.12,1651.4,25.64,17.65
9/3/2015 3:00,42250.13,1652.9,25.64,17.65
9/3/2015 3:10,42250.13,1654.7,25.64,17.65
9/3/2015 3:20,42250.14,1655.7,25.64,17.65
9/3/2015 3:30,42250.15,1656.8,25.64,17.65
9/3/2015 3:40,42250.15,1657.1,25.64,17.65
9/3/2015 3:50,42250.16,1657.7,25.64,17.65
9/3/2015 4:00,42250.17,1657.1,25.64,17.65
9/3/2015 4:10,42250.17,1657,25.64,17.65
9/3/2015 4:20,42250.18,1655.9,25.64,17.65
9/3/2015 4:30,42250.19,1654.7,25.65,17.65
9/3/2015 4:40,42250.19,1652.8,25.64,17.65
9/3/2015 4:50,42250.20,1650,25.64,17.65
9/3/2015 5:00,42250.21,1646.9,25.64,17.65
9/3/2015 5:10,42250.22,1643.2,25.64,17.65
9/3/2015 5:20,42250.22,1639.8,25.64,17.65
9/3/2015 5:30,42250.23,1636.8,25.64,17.65
9/3/2015 5:40,42250.24,1634,25.64,17.65
9/3/2015 5:50,42250.24,1631.4,25.64,17.65
9/3/2015 6:00,42250.25,1629.1,25.64,17.65
9/3/2015 6:10,42250.26,1627.2,25.64,17.65
9/3/2015 6:20,42250.26,1625.1,25.64,17.65
9/3/2015 6:30,42250.27,1623.4,25.64,17.65
9/3/2015 6:40,42250.28,1621.5,25.64,17.65
9/3/2015 6:50,42250.28,1619.6,25.64,17.64
9/3/2015 7:00,42250.29,1617.3,25.64,17.64
9/3/2015 7:10,42250.30,1615.4,25.64,17.64
9/3/2015 7:20,42250.31,1612.6,25.64,17.64
9/3/2015 7:30,42250.31,1609.8,25.64,17.64
9/3/2015 7:40,42250.32,1606.9,25.64,17.64
9/3/2015 7:50,42250.33,1603.8,25.64,17.64
9/3/2015 8:00,42250.33,1600.8,25.64,17.65
9/3/2015 8:10,42250.34,1597.7,25.64,17.64
9/3/2015 8:20,42250.35,1594.9,25.64,17.64
9/3/2015 8:30,42250.35,1592.6,25.64,17.64
9/3/2015 8:40,42250.36,1590.2,25.64,17.64
9/3/2015 8:50,42250.37,1587.8,25.64,17.64
9/3/2015 9:00,42250.38,1585.9,25.64,17.64
9/3/2015 9:10,42250.38,1584.1,25.64,17.64
9/3/2015 9:20,42250.39,1582.9,25.64,17.64
9/3/2015 9:30,42250.40,1581.5,25.64,17.64
9/3/2015 9:40,42250.40,1580.7,25.64,17.64
9/3/2015 9:50,42250.41,1580,25.64,17.64
9/3/2015 10:00,42250.42,1579.3,25.64,17.65
9/3/2015 10:10,42250.42,1578.7,25.64,17.65
9/3/2015 10:20,42250.43,1578.4,25.64,17.64
9/3/2015 10:30,42250.44,1578.7,25.64,17.64
9/3/2015 10:40,42250.44,1579.4,25.64,17.64
9/3/2015 10:50,42250.45,1580.7,25.64,17.64
9/3/2015 11:00,42250.46,1582.6,25.64,17.64
9/3/2015 11:10,42250.47,1585.2,25.64,17.64
9/3/2015 11:20,42250.47,1587.8,25.64,17.64
9/3/2015 11:30,42250.48,1590.6,25.64,17.64
9/3/2015 11:40,42250.49,1593.9,25.64,17.64
9/3/2015 11:50,42250.49,1597.2,25.64,17.64
9/3/2015 12:00,42250.50,1600.6,25.64,17.65
9/3/2015 12:10,42250.51,1603.9,25.64,17.65
9/3/2015 12:20,42250.51,1607.4,25.64,17.64
9/3/2015 12:30,42250.52,1611.2,25.64,17.64
9/3/2015 12:40,42250.53,1614.2,25.64,17.64
9/3/2015 12:50,42250.53,1616.8,25.64,17.64
9/3/2015 13:00,42250.54,1619.8,25.64,17.64
9/3/2015 13:10,42250.55,1622.7,25.64,17.64
9/3/2015 13:20,42250.56,1626,25.64,17.65
9/3/2015 13:30,42250.56,1629,25.64,17.64
9/3/2015 13:40,42250.57,1631.6,25.64,17.64
9/3/2015 13:50,42250.58,1634.3,25.64,17.64
9/3/2015 14:00,42250.58,1636.1,25.64,17.64
9/3/2015 14:10,42250.59,1637.1,25.64,17.65
9/3/2015 14:20,42250.60,1638.7,25.64,17.65
9/3/2015 14:30,42250.60,1640.3,25.64,17.65
9/3/2015 14:40,42250.61,1642,25.64,17.65
9/3/2015 14:50,42250.62,1643.6,25.64,17.65
9/3/2015 15:00,42250.63,1645.3,25.64,17.65
9/3/2015 15:10,42250.63,1646.9,25.64,17.65
9/3/2015 15:20,42250.64,1648.6,25.64,17.65
9/3/2015 15:30,42250.65,1650.1,25.65,17.65
9/3/2015 15:40,42250.65,1651,25.64,17.65
9/3/2015 15:50,42250.66,1651.7,25.64,17.65
9/3/2015 16:00,42250.67,1652.1,25.64,17.65
9/3/2015 16:10,42250.67,1652.1,25.64,17.65
9/3/2015 16:20,42250.68,1652.4,25.64,17.65
9/3/2015 16:30,42250.69,1651.5,25.64,17.65
9/3/2015 16:40,42250.69,1650.5,25.64,17.65
9/3/2015 16:50,42250.70,1649,25.64,17.65
9/3/2015 17:00,42250.71,1646.9,25.64,17.65
9/3/2015 17:10,42250.72,1644.6,25.64,17.65
9/3/2015 17:20,42250.72,1641.2,25.64,17.65
9/3/2015 17:30,42250.73,1638,25.64,17.65
9/3/2015 17:40,42250.74,1635.9,25.64,17.65
9/3/2015 17:50,42250.74,1633.6,25.64,17.65
9/3/2015 18:00,42250.75,1631.6,25.64,17.65
9/3/2015 18:10,42250.76,1630,25.64,17.65
9/3/2015 18:20,42250.76,1628.1,25.64,17.65
9/3/2015 18:30,42250.77,1626.2,25.64,17.65
9/3/2015 18:40,42250.78,1624.3,25.64,17.65
9/3/2015 18:50,42250.78,1622.2,25.64,17.65
9/3/2015 19:00,42250.79,1620.3,25.64,17.64
9/3/2015 19:10,42250.80,1618.4,25.64,17.65
9/3/2015 19:20,42250.81,1616.1,25.64,17.64
9/3/2015 19:30,42250.81,1613.5,25.64,17.65
9/3/2015 19:40,42250.82,1610.5,25.64,17.64
9/3/2015 19:50,42250.83,1607.6,25.64,17.65
9/3/2015 20:00,42250.83,1604.6,25.64,17.65
9/3/2015 20:10,42250.84,1601.7,25.64,17.65
9/3/2015 20:20,42250.85,1599.1,25.64,17.65
9/3/2015 20:30,42250.85,1596.5,25.64,17.64
9/3/2015 20:40,42250.86,1594,25.64,17.65
9/3/2015 20:50,42250.87,1591.8,25.64,17.65
9/3/2015 21:00,42250.88,1589.7,25.64,17.65
9/3/2015 21:10,42250.88,1588,25.64,17.64
9/3/2015 21:20,42250.89,1586.4,25.64,17.65
9/3/2015 21:30,42250.90,1585,25.64,17.65
9/3/2015 21:40,42250.90,1583.6,25.64,17.65
9/3/2015 21:50,42250.91,1582.9,25.64,17.65
9/3/2015 22:00,42250.92,1582.1,25.64,17.64
9/3/2015 22:10,42250.92,1581,25.64,17.64
9/3/2015 22:20,42250.93,1580.7,25.64,17.65
9/3/2015 22:30,42250.94,1580.5,25.64,17.64
9/3/2015 22:40,42250.94,1580.5,25.64,17.64
9/3/2015 22:50,42250.95,1581.2,25.64,17.64
9/3/2015 23:00,42250.96,1581.9,25.64,17.64
9/3/2015 23:10,42250.97,1583.3,25.64,17.64
9/3/2015 23:20,42250.97,1585,25.64,17.65
9/3/2015 23:30,42250.98,1587.3,25.64,17.64
9/3/2015 23:40,42250.99,1590.1,25.64,17.64
9/3/2015 23:50,42250.99,1592.5,25.64,17.64
9/4/2015 0:00,42251.00,1595.6,25.64,17.64
9/4/2015 0:10,42251.01,1598.4,25.64,17.65
9/4/2015 0:20,42251.01,1601.8,25.64,17.65
9/4/2015 0:30,42251.02,1605.2,25.64,17.64
9/4/2015 0:40,42251.03,1608.6,25.64,17.65
9/4/2015 0:50,42251.03,1611.6,25.64,17.65
9/4/2015 1:00,42251.04,1614.4,25.64,17.64
9/4/2015 1:10,42251.05,1617,25.64,17.65
9/4/2015 1:20,42251.06,1619.9,25.64,17.64
9/4/2015 1:30,42251.06,1622.9,25.64,17.64
9/4/2015 1:40,42251.07,1626.2,25.64,17.65
9/4/2015 1:50,42251.08,1629.3,25.64,17.65
9/4/2015 2:00,42251.08,1632.3,25.65,17.65
9/4/2015 2:10,42251.09,1634.9,25.65,17.65
9/4/2015 2:20,42251.10,1636.4,25.64,17.65
9/4/2015 2:30,42251.10,1637.7,25.65,17.64
9/4/2015 2:40,42251.11,1638.7,25.64,17.65
9/4/2015 2:50,42251.12,1640.3,25.64,17.65
9/4/2015 3:00,42251.13,1642.2,25.64,17.65
9/4/2015 3:10,42251.13,1644.1,25.64,17.65
9/4/2015 3:20,42251.14,1646,25.64,17.65
9/4/2015 3:30,42251.15,1647.4,25.65,17.65
9/4/2015 3:40,42251.15,1648.8,25.65,17.65
9/4/2015 3:50,42251.16,1650,25.64,17.65
9/4/2015 4:00,42251.17,1651.2,25.64,17.65
9/4/2015 4:10,42251.17,1652.1,25.65,17.65
9/4/2015 4:20,42251.18,1652.6,25.64,17.65
9/4/2015 4:30,42251.19,1652.6,25.65,17.65
9/4/2015 4:40,42251.19,1652.6,25.64,17.65
9/4/2015 4:50,42251.20,1652.2,25.64,17.65
9/4/2015 5:00,42251.21,1651.2,25.64,17.65
9/4/2015 5:10,42251.22,1649.9,25.64,17.65
9/4/2015 5:20,42251.22,1647.9,25.64,17.65
9/4/2015 5:30,42251.23,1646,25.64,17.65
9/4/2015 5:40,42251.24,1643.2,25.64,17.65
9/4/2015 5:50,42251.24,1641,25.64,17.65
9/4/2015 6:00,42251.25,1638.5,25.65,17.65
9/4/2015 6:10,42251.26,1636.4,25.64,17.65
9/4/2015 6:20,42251.26,1634.5,25.64,17.65
9/4/2015 6:30,42251.27,1632.8,25.64,17.65
9/4/2015 6:40,42251.28,1630.9,25.65,17.65
9/4/2015 6:50,42251.28,1629.5,25.64,17.65
9/4/2015 7:00,42251.29,1627.6,25.64,17.65
9/4/2015 7:10,42251.30,1625.5,25.64,17.65
9/4/2015 7:20,42251.31,1623.4,25.64,17.64
9/4/2015 7:30,42251.31,1621.5,25.64,17.64
9/4/2015 7:40,42251.32,1619.1,25.64,17.65
9/4/2015 7:50,42251.33,1617,25.64,17.65
9/4/2015 8:00,42251.33,1614.6,25.64,17.65
9/4/2015 8:10,42251.34,1611.9,25.64,17.65
9/4/2015 8:20,42251.35,1609,25.64,17.65
9/4/2015 8:30,42251.35,1606,25.64,17.64
9/4/2015 8:40,42251.36,1603.4,25.64,17.65
9/4/2015 8:50,42251.37,1601.1,25.64,17.64
9/4/2015 9:00,42251.38,1598.8,25.64,17.65
9/4/2015 9:10,42251.38,1596.7,25.64,17.65
9/4/2015 9:20,42251.39,1594.7,25.64,17.65
9/4/2015 9:30,42251.40,1592.8,25.64,17.65
9/4/2015 9:40,42251.40,1591.5,25.64,17.65
9/4/2015 9:50,42251.41,1590.1,25.64,17.64
9/4/2015 10:00,42251.42,1589,25.64,17.65
9/4/2015 10:10,42251.42,1588,25.64,17.65
9/4/2015 10:20,42251.43,1586.9,25.64,17.65
9/4/2015 10:30,42251.44,1586.2,25.64,17.65
9/4/2015 10:40,42251.44,1585.9,25.64,17.64
9/4/2015 10:50,42251.45,1585.7,25.64,17.64
9/4/2015 11:00,42251.46,1585.3,25.64,17.64
9/4/2015 11:10,42251.47,1585.9,25.64,17.64
9/4/2015 11:20,42251.47,1586.4,25.64,17.65
9/4/2015 11:30,42251.48,1587.1,25.64,17.65
9/4/2015 11:40,42251.49,1588.8,25.64,17.65
9/4/2015 11:50,42251.49,1590.6,25.64,17.65
9/4/2015 12:00,42251.50,1592.5,25.64,17.64
9/4/2015 12:10,42251.51,1594.7,25.64,17.64
9/4/2015 12:20,42251.51,1597.2,25.64,17.65
9/4/2015 12:30,42251.52,1599.8,25.64,17.64
9/4/2015 12:40,42251.53,1602.4,25.64,17.65
9/4/2015 12:50,42251.53,1605.3,25.64,17.65
9/4/2015 13:00,42251.54,1607.8,25.64,17.65
9/4/2015 13:10,42251.55,1610.5,25.65,17.65
9/4/2015 13:20,42251.56,1613.2,25.64,17.64
9/4/2015 13:30,42251.56,1615.6,25.64,17.65
9/4/2015 13:40,42251.57,1618,25.64,17.65
9/4/2015 13:50,42251.58,1620.6,25.64,17.64
9/4/2015 14:00,42251.58,1623.1,25.64,17.65
9/4/2015 14:10,42251.59,1626,25.64,17.65
9/4/2015 14:20,42251.60,1628.3,25.64,17.65
9/4/2015 14:30,42251.60,1630.2,25.64,17.64
9/4/2015 14:40,42251.61,1631.9,25.65,17.65
9/4/2015 14:50,42251.62,1633.2,25.64,17.65
9/4/2015 15:00,42251.63,1634.3,25.65,17.65
9/4/2015 15:10,42251.63,1635.2,25.65,17.65
9/4/2015 15:20,42251.64,1636.1,25.65,17.64
9/4/2015 15:30,42251.65,1637.1,25.64,17.65
9/4/2015 15:40,42251.65,1637.8,25.64,17.65
9/4/2015 15:50,42251.66,1638.5,25.64,17.65
9/4/2015 16:00,42251.67,1639.4,25.65,17.65
9/4/2015 16:10,42251.67,1640.3,25.64,17.65
9/4/2015 16:20,42251.68,1641,25.64,17.65
9/4/2015 16:30,42251.69,1641,25.64,17.65
9/4/2015 16:40,42251.69,1641.3,25.64,17.65
9/4/2015 16:50,42251.70,1641,25.65,17.65
9/4/2015 17:00,42251.71,1640.8,25.65,17.65
9/4/2015 17:10,42251.72,1640.6,25.65,17.65
9/4/2015 17:20,42251.72,1639.8,25.64,17.65
9/4/2015 17:30,42251.73,1638.7,25.64,17.65
9/4/2015 17:40,42251.74,1638,25.65,17.65
9/4/2015 17:50,42251.74,1636.6,25.65,17.65
9/4/2015 18:00,42251.75,1635.4,25.65,17.65
9/4/2015 18:10,42251.76,1634.2,25.65,17.65
9/4/2015 18:20,42251.76,1632.5,25.65,17.65
9/4/2015 18:30,42251.77,1631.1,25.65,17.65
9/4/2015 18:40,42251.78,1629,25.65,17.65
9/4/2015 18:50,42251.78,1627,25.65,17.65
9/4/2015 19:00,42251.79,1625,25.64,17.65
9/4/2015 19:10,42251.80,1622.7,25.64,17.65
9/4/2015 19:20,42251.81,1620.8,25.64,17.65
9/4/2015 19:30,42251.81,1618.7,25.65,17.65
9/4/2015 19:40,42251.82,1616.7,25.64,17.65
9/4/2015 19:50,42251.83,1613.9,25.64,17.65
9/4/2015 20:00,42251.83,1611.6,25.64,17.65
9/4/2015 20:10,42251.84,1609,25.64,17.65
9/4/2015 20:20,42251.85,1606.4,25.64,17.65
9/4/2015 20:30,42251.85,1603.9,25.64,17.65
9/4/2015 20:40,42251.86,1601.8,25.64,17.65
9/4/2015 20:50,42251.87,1600.8,25.64,17.65
9/4/2015 21:00,42251.88,1598.9,25.64,17.65
9/4/2015 21:10,42251.88,1597.4,25.64,17.65
9/4/2015 21:20,42251.89,1596,25.64,17.65
9/4/2015 21:30,42251.90,1594.4,25.64,17.65
9/4/2015 21:40,42251.90,1592.6,25.64,17.65
9/4/2015 21:50,42251.91,1591.3,25.64,17.65
9/4/2015 22:00,42251.92,1590.1,25.64,17.65
9/4/2015 22:10,42251.92,1589,25.64,17.65
9/4/2015 22:20,42251.93,1587.6,25.64,17.65
9/4/2015 22:30,42251.94,1586.9,25.64,17.64
9/4/2015 22:40,42251.94,1585.9,25.64,17.65
9/4/2015 22:50,42251.95,1585.5,25.64,17.65
9/4/2015 23:00,42251.96,1585,25.64,17.65
9/4/2015 23:10,42251.97,1585,25.64,17.65
9/4/2015 23:20,42251.97,1585.2,25.64,17.65
9/4/2015 23:30,42251.98,1585.9,25.65,17.65
9/4/2015 23:40,42251.99,1586.7,25.64,17.65
9/4/2015 23:50,42251.99,1588,25.64,17.64
9/5/2015 0:00,42252.00,1589,25.64,17.64
9/5/2015 0:10,42252.01,1590.9,25.64,17.65
9/5/2015 0:20,42252.01,1592.6,25.64,17.64
9/5/2015 0:30,42252.02,1594.9,25.64,17.64
9/5/2015 0:40,42252.03,1597,25.64,17.65
9/5/2015 0:50,42252.03,1599.8,25.64,17.65
9/5/2015 1:00,42252.04,1602,25.65,17.65
9/5/2015 1:10,42252.05,1604.5,25.64,17.64
9/5/2015 1:20,42252.06,1607.1,25.64,17.65
9/5/2015 1:30,42252.06,1609.8,25.64,17.65
9/5/2015 1:40,42252.07,1611.9,25.65,17.65
9/5/2015 1:50,42252.08,1614.2,25.65,17.65
9/5/2015 2:00,42252.08,1617,25.64,17.65
9/5/2015 2:10,42252.09,1619.2,25.65,17.65
9/5/2015 2:20,42252.10,1621.7,25.65,17.65
9/5/2015 2:30,42252.10,1624,25.64,17.65
9/5/2015 2:40,42252.11,1626,25.65,17.65
9/5/2015 2:50,42252.12,1628.3,25.64,17.65
9/5/2015 3:00,42252.13,1629.8,25.65,17.65
9/5/2015 3:10,42252.13,1631.4,25.65,17.65
9/5/2015 3:20,42252.14,1632.5,25.65,17.65
9/5/2015 3:30,42252.15,1633.6,25.65,17.65
9/5/2015 3:40,42252.15,1634.5,25.65,17.65
9/5/2015 3:50,42252.16,1635.2,25.65,17.65
9/5/2015 4:00,42252.17,1636.3,25.65,17.65
9/5/2015 4:10,42252.17,1636.8,25.65,17.65
9/5/2015 4:20,42252.18,1637.7,25.65,17.65
9/5/2015 4:30,42252.19,1638.2,25.64,17.65
9/5/2015 4:40,42252.19,1638.5,25.65,17.65
9/5/2015 4:50,42252.20,1638.9,25.65,17.65
9/5/2015 5:00,42252.21,1639.2,25.65,17.65
9/5/2015 5:10,42252.22,1639.2,25.65,17.65
9/5/2015 5:20,42252.22,1639.4,25.65,17.65
9/5/2015 5:30,42252.23,1638.9,25.65,17.65
9/5/2015 5:40,42252.24,1638.7,25.64,17.65
9/5/2015 5:50,42252.24,1638.2,25.65,17.65
9/5/2015 6:00,42252.25,1637.5,25.65,17.65
9/5/2015 6:10,42252.26,1636.6,25.65,17.65
9/5/2015 6:20,42252.26,1635.7,25.65,17.65
9/5/2015 6:30,42252.27,1634.5,25.65,17.65
9/5/2015 6:40,42252.28,1633.3,25.65,17.65
9/5/2015 6:50,42252.28,1631.9,25.65,17.65
9/5/2015 7:00,42252.29,1630.4,25.65,17.65
9/5/2015 7:10,42252.30,1629,25.65,17.65
9/5/2015 7:20,42252.31,1627.2,25.65,17.65
9/5/2015 7:30,42252.31,1625.6,25.64,17.65
9/5/2015 7:40,42252.32,1623.6,25.64,17.65
9/5/2015 7:50,42252.33,1621.5,25.64,17.65
9/5/2015 8:00,42252.33,1619.4,25.64,17.65
9/5/2015 8:10,42252.34,1617.1,25.65,17.65
9/5/2015 8:20,42252.35,1614.6,25.65,17.65
9/5/2015 8:30,42252.35,1612.1,25.65,17.65
9/5/2015 8:40,42252.36,1609.5,25.64,17.65
9/5/2015 8:50,42252.37,1607.1,25.64,17.65
9/5/2015 9:00,42252.38,1604.8,25.65,17.65
9/5/2015 9:10,42252.38,1603.1,25.64,17.65
9/5/2015 9:20,42252.39,1601.1,25.64,17.65
9/5/2015 9:30,42252.40,1599.6,25.64,17.65
9/5/2015 9:40,42252.40,1598.1,25.64,17.65
9/5/2015 9:50,42252.41,1596.7,25.64,17.65
9/5/2015 10:00,42252.42,1595.4,25.64,17.65
9/5/2015 10:10,42252.42,1594.4,25.64,17.65
9/5/2015 10:20,42252.43,1593.2,25.64,17.65
9/5/2015 10:30,42252.44,1592.1,25.64,17.65
9/5/2015 10:40,42252.44,1591.5,25.64,17.65
9/5/2015 10:50,42252.45,1590.6,25.64,17.64
9/5/2015 11:00,42252.46,1589.7,25.64,17.65
9/5/2015 11:10,42252.47,1589,25.65,17.65
9/5/2015 11:20,42252.47,1588.7,25.64,17.65
9/5/2015 11:30,42252.48,1588.3,25.64,17.65
9/5/2015 11:40,42252.49,1588.3,25.64,17.65
9/5/2015 11:50,42252.49,1588.8,25.64,17.65
9/5/2015 12:00,42252.50,1589.4,25.64,17.65
9/5/2015 12:10,42252.51,1590.1,25.64,17.65
9/5/2015 12:20,42252.51,1590.8,25.64,17.65
9/5/2015 12:30,42252.52,1592.1,25.64,17.65
9/5/2015 12:40,42252.53,1593.5,25.64,17.65
9/5/2015 12:50,42252.53,1594.9,25.64,17.65
9/5/2015 13:00,42252.54,1596.7,25.64,17.65
9/5/2015 13:10,42252.55,1598.8,25.64,17.65
9/5/2015 13:20,42252.56,1601,25.64,17.64
9/5/2015 13:30,42252.56,1603.2,25.64,17.65
9/5/2015 13:40,42252.57,1605.2,25.65,17.65
9/5/2015 13:50,42252.58,1607.1,25.64,17.65
9/5/2015 14:00,42252.58,1609.1,25.64,17.65
9/5/2015 14:10,42252.59,1611.1,25.64,17.65
9/5/2015 14:20,42252.60,1613.2,25.64,17.65
9/5/2015 14:30,42252.60,1615.1,25.65,17.65
9/5/2015 14:40,42252.61,1617,25.64,17.65
9/5/2015 14:50,42252.62,1618.9,25.64,17.65
9/5/2015 15:00,42252.63,1621,25.64,17.65
9/5/2015 15:10,42252.63,1622.2,25.64,17.65
9/5/2015 15:20,42252.64,1623.8,25.64,17.65
9/5/2015 15:30,42252.65,1625.5,25.65,17.65
9/5/2015 15:40,42252.65,1626.9,25.65,17.65
9/5/2015 15:50,42252.66,1627.9,25.65,17.65
9/5/2015 16:00,42252.67,1628.6,25.64,17.65
9/5/2015 16:10,42252.67,1629.3,25.65,17.65
9/5/2015 16:20,42252.68,1629.8,25.65,17.65
9/5/2015 16:30,42252.69,1630.7,25.65,17.65
9/5/2015 16:40,42252.69,1631.4,25.65,17.65
9/5/2015 16:50,42252.70,1631.8,25.65,17.65
9/5/2015 17:00,42252.71,1632.1,25.65,17.65
9/5/2015 17:10,42252.72,1632.5,25.65,17.65
9/5/2015 17:20,42252.72,1632.6,25.65,17.65
9/5/2015 17:30,42252.73,1632.6,25.65,17.65
9/5/2015 17:40,42252.74,1632.3,25.64,17.65
9/5/2015 17:50,42252.74,1631.9,25.64,17.65
9/5/2015 18:00,42252.75,1631.8,25.64,17.65
9/5/2015 18:10,42252.76,1631.1,25.65,17.65
9/5/2015 18:20,42252.76,1630.2,25.64,17.65
9/5/2015 18:30,42252.77,1629.3,25.64,17.65
9/5/2015 18:40,42252.78,1628.1,25.65,17.65
9/5/2015 18:50,42252.78,1626.9,25.65,17.65
9/5/2015 19:00,42252.79,1625.3,25.64,17.65
9/5/2015 19:10,42252.80,1623.6,25.65,17.65
9/5/2015 19:20,42252.81,1621.9,25.64,17.65
9/5/2015 19:30,42252.81,1620.3,25.65,17.65
9/5/2015 19:40,42252.82,1618.4,25.65,17.65
9/5/2015 19:50,42252.83,1616.5,25.65,17.65
9/5/2015 20:00,42252.83,1614.2,25.64,17.64
9/5/2015 20:10,42252.84,1612.3,25.65,17.65
9/5/2015 20:20,42252.85,1610,25.65,17.65
9/5/2015 20:30,42252.85,1608.1,25.64,17.65
9/5/2015 20:40,42252.86,1606.6,25.64,17.65
9/5/2015 20:50,42252.87,1604.8,25.64,17.65
9/5/2015 21:00,42252.88,1603.1,25.64,17.65
9/5/2015 21:10,42252.88,1601.7,25.65,17.65
9/5/2015 21:20,42252.89,1600.3,25.64,17.65
9/5/2015 21:30,42252.90,1598.6,25.64,17.64
9/5/2015 21:40,42252.90,1597.2,25.64,17.65
9/5/2015 21:50,42252.91,1596,25.64,17.65
9/5/2015 22:00,42252.92,1594.9,25.65,17.65
9/5/2015 22:10,42252.92,1593.3,25.64,17.65
9/5/2015 22:20,42252.93,1592.5,25.64,17.65
9/5/2015 22:30,42252.94,1591.3,25.64,17.65
9/5/2015 22:40,42252.94,1590.4,25.65,17.65
9/5/2015 22:50,42252.95,1589.5,25.65,17.64
9/5/2015 23:00,42252.96,1588.8,25.64,17.64
9/5/2015 23:10,42252.97,1588.3,25.65,17.64
9/5/2015 23:20,42252.97,1588,25.64,17.65
9/5/2015 23:30,42252.98,1587.4,25.65,17.64
9/5/2015 23:40,42252.99,1587.1,25.65,17.65
9/5/2015 23:50,42252.99,1587.4,25.64,17.65
9/6/2015 0:00,42253.00,1587.6,25.65,17.65
9/6/2015 0:10,42253.01,1588.1,25.64,17.64
9/6/2015 0:20,42253.01,1588.8,25.65,17.64
9/6/2015 0:30,42253.02,1589.7,25.64,17.64
9/6/2015 0:40,42253.03,1590.8,25.64,17.65
9/6/2015 0:50,42253.03,1591.9,25.65,17.65
9/6/2015 1:00,42253.04,1593.3,25.64,17.64
9/6/2015 1:10,42253.05,1594.9,25.64,17.65
9/6/2015 1:20,42253.06,1596.7,25.65,17.64
9/6/2015 1:30,42253.06,1598.4,25.65,17.65
9/6/2015 1:40,42253.07,1600.1,25.64,17.65
9/6/2015 1:50,42253.08,1602.2,25.64,17.65
9/6/2015 2:00,42253.08,1603.9,25.65,17.64
9/6/2015 2:10,42253.09,1605.9,25.65,17.65
9/6/2015 2:20,42253.10,1607.8,25.65,17.65
9/6/2015 2:30,42253.10,1609.5,25.65,17.64
9/6/2015 2:40,42253.11,1611.2,25.65,17.65
9/6/2015 2:50,42253.12,1613.5,25.65,17.65
9/6/2015 3:00,42253.13,1615.6,25.65,17.65
9/6/2015 3:10,42253.13,1617.5,25.65,17.65
9/6/2015 3:20,42253.14,1619.6,25.65,17.65
9/6/2015 3:30,42253.15,1621.5,25.64,17.65
9/6/2015 3:40,42253.15,1622.9,25.64,17.65
9/6/2015 3:50,42253.16,1624.8,25.64,17.65
9/6/2015 4:00,42253.17,1625.8,25.65,17.65
9/6/2015 4:10,42253.17,1627.6,25.64,17.65
9/6/2015 4:20,42253.18,1628.4,25.64,17.65
9/6/2015 4:30,42253.19,1629.7,25.65,17.65
9/6/2015 4:40,42253.19,1630.2,25.65,17.65
9/6/2015 4:50,42253.20,1630.9,25.65,17.65
9/6/2015 5:00,42253.21,1631.4,25.65,17.65
9/6/2015 5:10,42253.22,1631.9,25.65,17.65
9/6/2015 5:20,42253.22,1632.5,25.65,17.65
9/6/2015 5:30,42253.23,1633,25.64,17.65
9/6/2015 5:40,42253.24,1633.3,25.65,17.65
9/6/2015 5:50,42253.24,1633.2,25.65,17.65
9/6/2015 6:00,42253.25,1633.2,25.65,17.65
9/6/2015 6:10,42253.26,1633.2,25.65,17.65
9/6/2015 6:20,42253.26,1633.3,25.65,17.65
9/6/2015 6:30,42253.27,1632.8,25.64,17.65
9/6/2015 6:40,42253.28,1632.6,25.64,17.64
9/6/2015 6:50,42253.28,1632.1,25.65,17.65
9/6/2015 7:00,42253.29,1631.4,25.65,17.65
9/6/2015 7:10,42253.30,1630.5,25.64,17.65
9/6/2015 7:20,42253.31,1629.5,25.65,17.65
9/6/2015 7:30,42253.31,1628.1,25.64,17.65
9/6/2015 7:40,42253.32,1627,25.65,17.65
9/6/2015 7:50,42253.33,1625.3,25.65,17.65
9/6/2015 8:00,42253.33,1623.6,25.65,17.65
9/6/2015 8:10,42253.34,1622,25.64,17.65
9/6/2015 8:20,42253.35,1620.1,25.64,17.65
9/6/2015 8:30,42253.35,1618.4,25.65,17.65
9/6/2015 8:40,42253.36,1616.5,25.64,17.65
9/6/2015 8:50,42253.37,1614.6,25.64,17.65
9/6/2015 9:00,42253.38,1612.8,25.64,17.65
9/6/2015 9:10,42253.38,1610.9,25.64,17.65
9/6/2015 9:20,42253.39,1609,25.65,17.65
9/6/2015 9:30,42253.40,1607.3,25.64,17.64
9/6/2015 9:40,42253.40,1605.5,25.64,17.65
9/6/2015 9:50,42253.41,1604.1,25.65,17.65
9/6/2015 10:00,42253.42,1602.7,25.65,17.65
9/6/2015 10:10,42253.42,1601,25.65,17.65
9/6/2015 10:20,42253.43,1600,25.64,17.64
9/6/2015 10:30,42253.44,1598.6,25.64,17.65
9/6/2015 10:40,42253.44,1597.5,25.64,17.65
9/6/2015 10:50,42253.45,1596.7,25.64,17.65
9/6/2015 11:00,42253.46,1595.4,25.64,17.65
9/6/2015 11:10,42253.47,1594.6,25.64,17.65
9/6/2015 11:20,42253.47,1593.9,25.64,17.65
9/6/2015 11:30,42253.48,1592.6,25.64,17.65
9/6/2015 11:40,42253.49,1591.8,25.64,17.65
9/6/2015 11:50,42253.49,1591.5,25.64,17.65
9/6/2015 12:00,42253.50,1590.6,25.64,17.65
9/6/2015 12:10,42253.51,1590.4,25.65,17.65
9/6/2015 12:20,42253.51,1590.2,25.64,17.65
9/6/2015 12:30,42253.52,1590.1,25.64,17.65
9/6/2015 12:40,42253.53,1590.2,25.65,17.65
9/6/2015 12:50,42253.53,1590.4,25.65,17.65
9/6/2015 13:00,42253.54,1590.8,25.65,17.65
9/6/2015 13:10,42253.55,1591.5,25.64,17.65
9/6/2015 13:20,42253.56,1591.9,25.65,17.65
9/6/2015 13:30,42253.56,1592.6,25.65,17.65
9/6/2015 13:40,42253.57,1593.7,25.64,17.65
9/6/2015 13:50,42253.58,1594.9,25.65,17.65
9/6/2015 14:00,42253.58,1596.1,25.64,17.65
9/6/2015 14:10,42253.59,1597.7,25.65,17.65
9/6/2015 14:20,42253.60,1599.1,25.65,17.65
9/6/2015 14:30,42253.60,1600.6,25.65,17.65
9/6/2015 14:40,42253.61,1602.2,25.65,17.65
9/6/2015 14:50,42253.62,1603.9,25.65,17.65
9/6/2015 15:00,42253.63,1605.5,25.65,17.65
9/6/2015 15:10,42253.63,1607.3,25.65,17.65
9/6/2015 15:20,42253.64,1609,25.65,17.65
9/6/2015 15:30,42253.65,1610.7,25.65,17.65
9/6/2015 15:40,42253.65,1612.1,25.65,17.65
9/6/2015 15:50,42253.66,1613.9,25.65,17.65
9/6/2015 16:00,42253.67,1615.4,25.65,17.65
9/6/2015 16:10,42253.67,1617.3,25.65,17.65
9/6/2015 16:20,42253.68,1618.5,25.65,17.65
9/6/2015 16:30,42253.69,1619.6,25.65,17.65
9/6/2015 16:40,42253.69,1620.8,25.65,17.64
9/6/2015 16:50,42253.70,1621.7,25.65,17.65
9/6/2015 17:00,42253.71,1623.1,25.65,17.65
9/6/2015 17:10,42253.72,1624,25.65,17.65
9/6/2015 17:20,42253.72,1624.8,25.65,17.65
9/6/2015 17:30,42253.73,1625.5,25.65,17.65
9/6/2015 17:40,42253.74,1625.8,25.65,17.65
9/6/2015 17:50,42253.74,1626.5,25.65,17.65
9/6/2015 18:00,42253.75,1626.7,25.65,17.65
9/6/2015 18:10,42253.76,1627,25.65,17.65
9/6/2015 18:20,42253.76,1627.2,25.65,17.65
9/6/2015 18:30,42253.77,1627.4,25.65,17.65
9/6/2015 18:40,42253.78,1627.4,25.65,17.65
9/6/2015 18:50,42253.78,1627,25.65,17.65
9/6/2015 19:00,42253.79,1626.7,25.65,17.65
9/6/2015 19:10,42253.80,1626.2,25.65,17.65
9/6/2015 19:20,42253.81,1625.3,25.65,17.65
9/6/2015 19:30,42253.81,1624.5,25.65,17.65
9/6/2015 19:40,42253.82,1623.4,25.65,17.65
9/6/2015 19:50,42253.83,1622.4,25.65,17.65
9/6/2015 20:00,42253.83,1621.2,25.65,17.65
9/6/2015 20:10,42253.84,1619.6,25.65,17.65
9/6/2015 20:20,42253.85,1618,25.65,17.65
9/6/2015 20:30,42253.85,1616.8,25.65,17.65
9/6/2015 20:40,42253.86,1615.4,25.65,17.65
9/6/2015 20:50,42253.87,1613.9,25.65,17.65
9/6/2015 21:00,42253.88,1612.3,25.65,17.65
9/6/2015 21:10,42253.88,1610.5,25.65,17.65
9/6/2015 21:20,42253.89,1609,25.65,17.65
9/6/2015 21:30,42253.90,1607.6,25.65,17.65
9/6/2015 21:40,42253.90,1605.9,25.65,17.65
9/6/2015 21:50,42253.91,1604.5,25.65,17.65
9/6/2015 22:00,42253.92,1602.9,25.65,17.65
9/6/2015 22:10,42253.92,1601.5,25.65,17.65
9/6/2015 22:20,42253.93,1600.1,25.65,17.65
9/6/2015 22:30,42253.94,1598.9,25.65,17.65
9/6/2015 22:40,42253.94,1597.7,25.65,17.65
9/6/2015 22:50,42253.95,1596.5,25.65,17.65
9/6/2015 23:00,42253.96,1595.4,25.65,17.65
9/6/2015 23:10,42253.97,1594.4,25.65,17.65
9/6/2015 23:20,42253.97,1593.5,25.65,17.65
9/6/2015 23:30,42253.98,1592.5,25.65,17.65
9/6/2015 23:40,42253.99,1591.6,25.65,17.65
9/6/2015 23:50,42253.99,1590.9,25.65,17.65
9/7/2015 0:00,42254.00,1590.1,25.65,17.65
9/7/2015 0:10,42254.01,1589.5,25.65,17.65
9/7/2015 0:20,42254.01,1589.2,25.65,17.65
9/7/2015 0:30,42254.02,1588.7,25.65,17.65
9/7/2015 0:40,42254.03,1588.7,25.65,17.65
9/7/2015 0:50,42254.03,1588.3,25.65,17.65
9/7/2015 1:00,42254.04,1588.5,25.65,17.65
9/7/2015 1:10,42254.05,1589,25.65,17.65
9/7/2015 1:20,42254.06,1589.5,25.65,17.65
9/7/2015 1:30,42254.06,1590.4,25.65,17.65
9/7/2015 1:40,42254.07,1591.1,25.65,17.65
9/7/2015 1:50,42254.08,1591.9,25.65,17.65
9/7/2015 2:00,42254.08,1593,25.65,17.65
9/7/2015 2:10,42254.09,1594.2,25.65,17.65
9/7/2015 2:20,42254.10,1595.3,25.65,17.65
9/7/2015 2:30,42254.10,1596.8,25.65,17.65
9/7/2015 2:40,42254.11,1598.2,25.65,17.65
9/7/2015 2:50,42254.12,1599.5,25.65,17.65
9/7/2015 3:00,42254.13,1601,25.65,17.65
9/7/2015 3:10,42254.13,1602.7,25.65,17.65
9/7/2015 3:20,42254.14,1604.5,25.65,17.65
9/7/2015 3:30,42254.15,1606,25.65,17.65
9/7/2015 3:40,42254.15,1607.6,25.65,17.65
9/7/2015 3:50,42254.16,1609.5,25.65,17.65
9/7/2015 4:00,42254.17,1611.2,25.65,17.65
9/7/2015 4:10,42254.17,1613.2,25.65,17.65
9/7/2015 4:20,42254.18,1614.7,25.65,17.65
9/7/2015 4:30,42254.19,1616.7,25.65,17.65
9/7/2015 4:40,42254.19,1618.2,25.65,17.65
9/7/2015 4:50,42254.20,1619.8,25.65,17.65
9/7/2015 5:00,42254.21,1621.2,25.65,17.65
9/7/2015 5:10,42254.22,1622.2,25.65,17.65
9/7/2015 5:20,42254.22,1623.4,25.65,17.65
9/7/2015 5:30,42254.23,1624.7,25.65,17.65
9/7/2015 5:40,42254.24,1625.5,25.65,17.65
9/7/2015 5:50,42254.24,1626.5,25.65,17.65
9/7/2015 6:00,42254.25,1627.4,25.65,17.65
9/7/2015 6:10,42254.26,1627.6,25.65,17.65
9/7/2015 6:20,42254.26,1628.3,25.65,17.65
9/7/2015 6:30,42254.27,1628.6,25.65,17.65
9/7/2015 6:40,42254.28,1629,25.65,17.65
9/7/2015 6:50,42254.28,1629.3,25.65,17.65
9/7/2015 7:00,42254.29,1629.3,25.65,17.65
9/7/2015 7:10,42254.30,1629.3,25.65,17.65
9/7/2015 7:20,42254.31,1629.7,25.65,17.65
9/7/2015 7:30,42254.31,1629.3,25.65,17.65
9/7/2015 7:40,42254.32,1629.3,25.65,17.65
9/7/2015 7:50,42254.33,1628.6,25.65,17.65
9/7/2015 8:00,42254.33,1628.3,25.65,17.65
9/7/2015 8:10,42254.34,1627.7,25.65,17.65
9/7/2015 8:20,42254.35,1626.9,25.65,17.65
9/7/2015 8:30,42254.35,1625.8,25.65,17.65
9/7/2015 8:40,42254.36,1624.7,25.65,17.65
9/7/2015 8:50,42254.37,1623.8,25.65,17.65
9/7/2015 9:00,42254.38,1622.4,25.65,17.65
9/7/2015 9:10,42254.38,1621.2,25.65,17.65
9/7/2015 9:20,42254.39,1619.6,25.65,17.65
9/7/2015 9:30,42254.40,1618.4,25.65,17.65
9/7/2015 9:40,42254.40,1616.8,25.65,17.65
9/7/2015 9:50,42254.41,1615.1,25.65,17.65
9/7/2015 10:00,42254.42,1613.5,25.65,17.65
9/7/2015 10:10,42254.42,1612.1,25.65,17.65
9/7/2015 10:20,42254.43,1610.9,25.65,17.65
9/7/2015 10:30,42254.44,1609.1,25.65,17.65
9/7/2015 10:40,42254.44,1607.6,25.65,17.65
9/7/2015 10:50,42254.45,1606.4,25.65,17.65
9/7/2015 11:00,42254.46,1604.8,25.65,17.65
9/7/2015 11:10,42254.47,1603.2,25.65,17.65
9/7/2015 11:20,42254.47,1602,25.65,17.65
9/7/2015 11:30,42254.48,1600.8,25.65,17.65
9/7/2015 11:40,42254.49,1599.8,25.65,17.65
9/7/2015 11:50,42254.49,1598.6,25.65,17.65
9/7/2015 12:00,42254.50,1597.4,25.65,17.65
9/7/2015 12:10,42254.51,1596.5,25.65,17.65
9/7/2015 12:20,42254.51,1595.4,25.65,17.65
9/7/2015 12:30,42254.52,1594.6,25.65,17.65
9/7/2015 12:40,42254.53,1593.9,25.65,17.65
9/7/2015 12:50,42254.53,1593.3,25.65,17.65
9/7/2015 13:00,42254.54,1592.5,25.65,17.65
9/7/2015 13:10,42254.55,1591.9,25.65,17.65
9/7/2015 13:20,42254.56,1591.3,25.65,17.65
9/7/2015 13:30,42254.56,1590.8,25.65,17.65
9/7/2015 13:40,42254.57,1590.6,25.65,17.65
9/7/2015 13:50,42254.58,1590.1,25.65,17.65
9/7/2015 14:00,42254.58,1589.9,25.65,17.65
9/7/2015 14:10,42254.59,1589.9,25.65,17.65
9/7/2015 14:20,42254.60,1590.4,25.65,17.65
9/7/2015 14:30,42254.60,1590.6,25.65,17.65
9/7/2015 14:40,42254.61,1591.1,25.65,17.65
9/7/2015 14:50,42254.62,1591.8,25.65,17.65
9/7/2015 15:00,42254.63,1592.6,25.65,17.65
9/7/2015 15:10,42254.63,1593.2,25.65,17.65
9/7/2015 15:20,42254.64,1594.2,25.65,17.65
9/7/2015 15:30,42254.65,1595.3,25.65,17.65
9/7/2015 15:40,42254.65,1596.5,25.65,17.65
9/7/2015 15:50,42254.66,1597.9,25.65,17.65
9/7/2015 16:00,42254.67,1599.1,25.65,17.65
9/7/2015 16:10,42254.67,1600.4,25.65,17.65
9/7/2015 16:20,42254.68,1602,25.65,17.65
9/7/2015 16:30,42254.69,1603.2,25.65,17.65
9/7/2015 16:40,42254.69,1604.8,25.65,17.65
9/7/2015 16:50,42254.70,1606,25.65,17.65
9/7/2015 17:00,42254.71,1607.6,25.65,17.65
9/7/2015 17:10,42254.72,1609,25.65,17.65
9/7/2015 17:20,42254.72,1610.4,25.65,17.65
9/7/2015 17:30,42254.73,1611.9,25.65,17.65
9/7/2015 17:40,42254.74,1613,25.65,17.65
9/7/2015 17:50,42254.74,1614.7,25.65,17.65
9/7/2015 18:00,42254.75,1615.8,25.65,17.65
9/7/2015 18:10,42254.76,1617.3,25.65,17.65
9/7/2015 18:20,42254.76,1618.4,25.65,17.65
9/7/2015 18:30,42254.77,1619.6,25.65,17.65
9/7/2015 18:40,42254.78,1620.5,25.65,17.65
9/7/2015 18:50,42254.78,1621.2,25.65,17.65
9/7/2015 19:00,42254.79,1621.9,25.65,17.65
9/7/2015 19:10,42254.80,1622.9,25.65,17.65
9/7/2015 19:20,42254.81,1623.3,25.65,17.65
9/7/2015 19:30,42254.81,1624,25.65,17.65
9/7/2015 19:40,42254.82,1624,25.65,17.65
9/7/2015 19:50,42254.83,1624.1,25.65,17.65
9/7/2015 20:00,42254.83,1624.5,25.65,17.65
9/7/2015 20:10,42254.84,1624.3,25.65,17.65
9/7/2015 20:20,42254.85,1624.5,25.65,17.65
9/7/2015 20:30,42254.85,1624.1,25.65,17.65
9/7/2015 20:40,42254.86,1623.6,25.65,17.65
9/7/2015 20:50,42254.87,1623.3,25.65,17.65
9/7/2015 21:00,42254.88,1622.4,25.65,17.65
9/7/2015 21:10,42254.88,1621.5,25.65,17.65
9/7/2015 21:20,42254.89,1620.3,25.65,17.65
9/7/2015 21:30,42254.90,1619.4,25.65,17.65
9/7/2015 21:40,42254.90,1618.4,25.65,17.65
9/7/2015 21:50,42254.91,1617.3,25.65,17.65
9/7/2015 22:00,42254.92,1616,25.65,17.65
9/7/2015 22:10,42254.92,1614.6,25.65,17.65
9/7/2015 22:20,42254.93,1613.2,25.65,17.65
9/7/2015 22:30,42254.94,1611.8,25.65,17.65
9/7/2015 22:40,42254.94,1610.5,25.65,17.65
9/7/2015 22:50,42254.95,1609,25.65,17.65
9/7/2015 23:00,42254.96,1607.4,25.65,17.65
9/7/2015 23:10,42254.97,1606,25.65,17.65
9/7/2015 23:20,42254.97,1604.6,25.65,17.65
9/7/2015 23:30,42254.98,1602.9,25.65,17.65
9/7/2015 23:40,42254.99,1601.5,25.65,17.65
9/7/2015 23:50,42254.99,1600.3,25.65,17.65
9/8/2015 0:00,42255.00,1598.9,25.65,17.65
9/8/2015 0:10,42255.01,1597.9,25.65,17.65
9/8/2015 0:20,42255.01,1596.5,25.65,17.65
9/8/2015 0:30,42255.02,1595.3,25.65,17.65
9/8/2015 0:40,42255.03,1594.4,25.65,17.65
9/8/2015 0:50,42255.03,1593.5,25.65,17.65
9/8/2015 1:00,42255.04,1592.6,25.65,17.65
9/8/2015 1:10,42255.05,1592.1,25.65,17.65
9/8/2015 1:20,42255.06,1591.5,25.65,17.65
9/8/2015 1:30,42255.06,1590.9,25.65,17.65
9/8/2015 1:40,42255.07,1590.4,25.65,17.65
9/8/2015 1:50,42255.08,1589.7,25.65,17.65
9/8/2015 2:00,42255.08,1589.5,25.65,17.65
9/8/2015 2:10,42255.09,1589.2,25.65,17.65
9/8/2015 2:20,42255.10,1589.2,25.65,17.65
9/8/2015 2:30,42255.10,1589.2,25.65,17.65
9/8/2015 2:40,42255.11,1589.2,25.65,17.65
9/8/2015 2:50,42255.12,1589.5,25.65,17.65
9/8/2015 3:00,42255.13,1589.9,25.65,17.65
9/8/2015 3:10,42255.13,1590.8,25.65,17.65
9/8/2015 3:20,42255.14,1591.3,25.65,17.65
9/8/2015 3:30,42255.15,1591.9,25.65,17.65
9/8/2015 3:40,42255.15,1593.2,25.65,17.65
9/8/2015 3:50,42255.16,1594,25.65,17.65
9/8/2015 4:00,42255.17,1595.4,25.65,17.65
9/8/2015 4:10,42255.17,1596.5,25.65,17.65
9/8/2015 4:20,42255.18,1598.1,25.65,17.65
9/8/2015 4:30,42255.19,1599.3,25.65,17.65
9/8/2015 4:40,42255.19,1601,25.65,17.65
9/8/2015 4:50,42255.20,1602.4,25.65,17.65
9/8/2015 5:00,42255.21,1603.8,25.65,17.65
9/8/2015 5:10,42255.22,1605.3,25.65,17.65
9/8/2015 5:20,42255.22,1607.1,25.65,17.65
9/8/2015 5:30,42255.23,1608.4,25.65,17.65
9/8/2015 5:40,42255.24,1610.4,25.65,17.65
9/8/2015 5:50,42255.24,1611.8,25.65,17.65
9/8/2015 6:00,42255.25,1613.5,25.65,17.65
9/8/2015 6:10,42255.26,1615.1,25.65,17.65
9/8/2015 6:20,42255.26,1616.5,25.65,17.65
9/8/2015 6:30,42255.27,1617.7,25.65,17.65
9/8/2015 6:40,42255.28,1619.2,25.65,17.65
9/8/2015 6:50,42255.28,1620.5,25.65,17.65
9/8/2015 7:00,42255.29,1621.7,25.65,17.65
9/8/2015 7:10,42255.30,1622.7,25.65,17.65
9/8/2015 7:20,42255.31,1623.6,25.65,17.65
9/8/2015 7:30,42255.31,1624.5,25.65,17.65
9/8/2015 7:40,42255.32,1625.1,25.65,17.65
9/8/2015 7:50,42255.33,1625.8,25.65,17.65
9/8/2015 8:00,42255.33,1626.3,25.65,17.65
9/8/2015 8:10,42255.34,1626.9,25.65,17.65
9/8/2015 8:20,42255.35,1627.2,25.65,17.65
9/8/2015 8:30,42255.35,1627.7,25.65,17.65
9/8/2015 8:40,42255.36,1627.9,25.65,17.65
9/8/2015 8:50,42255.37,1627.9,25.65,17.65
9/8/2015 9:00,42255.38,1628.1,25.65,17.65
9/8/2015 9:10,42255.38,1627.9,25.65,17.65
9/8/2015 9:20,42255.39,1627.7,25.65,17.65
9/8/2015 9:30,42255.40,1627.2,25.65,17.65
9/8/2015 9:40,42255.40,1626.7,25.65,17.65
9/8/2015 9:50,42255.41,1626.3,25.65,17.65
9/8/2015 10:00,42255.42,1625.8,25.65,17.65
9/8/2015 10:10,42255.42,1625,25.65,17.65
9/8/2015 10:20,42255.43,1624.1,25.65,17.65
9/8/2015 10:30,42255.44,1622.7,25.65,17.65
9/8/2015 10:40,42255.44,1621.7,25.65,17.65
9/8/2015 10:50,42255.45,1620.3,25.65,17.65
9/8/2015 11:00,42255.46,1618.7,25.65,17.65
9/8/2015 11:10,42255.47,1617.1,25.65,17.65
9/8/2015 11:20,42255.47,1615.4,25.65,17.65
9/8/2015 11:30,42255.48,1613.9,25.65,17.65
9/8/2015 11:40,42255.49,1612.5,25.65,17.65
9/8/2015 11:50,42255.49,1610.5,25.65,17.65
9/8/2015 12:00,42255.50,1609,25.65,17.65
9/8/2015 12:10,42255.51,1607.4,25.65,17.65
9/8/2015 12:20,42255.51,1605.7,25.65,17.65
9/8/2015 12:30,42255.52,1604.1,25.65,17.65
9/8/2015 12:40,42255.53,1602.5,25.65,17.65
9/8/2015 12:50,42255.53,1601,25.65,17.65
9/8/2015 13:00,42255.54,1599.6,25.65,17.65
9/8/2015 13:10,42255.55,1598.2,25.65,17.65
9/8/2015 13:20,42255.56,1597,25.65,17.65
9/8/2015 13:30,42255.56,1595.8,25.65,17.65
9/8/2015 13:40,42255.57,1594.6,25.65,17.65
9/8/2015 13:50,42255.58,1593.3,25.65,17.65
9/8/2015 14:00,42255.58,1592.5,25.65,17.65
9/8/2015 14:10,42255.59,1591.6,25.65,17.65
9/8/2015 14:20,42255.60,1591.1,25.65,17.65
9/8/2015 14:30,42255.60,1590.1,25.65,17.65
9/8/2015 14:40,42255.61,1589.4,25.65,17.65
9/8/2015 14:50,42255.62,1588.1,25.65,17.65
9/8/2015 15:00,42255.63,1587.6,25.65,17.65
9/8/2015 15:10,42255.63,1587.3,25.65,17.65
9/8/2015 15:20,42255.64,1587.3,25.65,17.65
9/8/2015 15:30,42255.65,1586.7,25.65,17.65
9/8/2015 15:40,42255.65,1586.6,25.65,17.65
9/8/2015 15:50,42255.66,1586.9,25.65,17.65
9/8/2015 16:00,42255.67,1587.1,25.65,17.65
9/8/2015 16:10,42255.67,1587.6,25.65,17.65
9/8/2015 16:20,42255.68,1588,25.65,17.65
9/8/2015 16:30,42255.69,1589,25.65,17.65
9/8/2015 16:40,42255.69,1590.1,25.65,17.65
9/8/2015 16:50,42255.70,1591.1,25.65,17.65
9/8/2015 17:00,42255.71,1591.9,25.65,17.65
9/8/2015 17:10,42255.72,1593.2,25.65,17.65
9/8/2015 17:20,42255.72,1594.2,25.65,17.65
9/8/2015 17:30,42255.73,1595.6,25.65,17.65
9/8/2015 17:40,42255.74,1597.2,25.65,17.65
9/8/2015 17:50,42255.74,1598.2,25.65,17.65
9/8/2015 18:00,42255.75,1599.6,25.65,17.65
9/8/2015 18:10,42255.76,1601.1,25.65,17.65
9/8/2015 18:20,42255.76,1602.4,25.65,17.65
9/8/2015 18:30,42255.77,1604.1,25.65,17.65
9/8/2015 18:40,42255.78,1605.7,25.65,17.65
9/8/2015 18:50,42255.78,1607.1,25.65,17.65
9/8/2015 19:00,42255.79,1608.8,25.65,17.65
9/8/2015 19:10,42255.80,1610.4,25.65,17.65
9/8/2015 19:20,42255.81,1611.9,25.65,17.65
9/8/2015 19:30,42255.81,1613.9,25.65,17.65
9/8/2015 19:40,42255.82,1615.4,25.65,17.65
9/8/2015 19:50,42255.83,1617,25.65,17.65
9/8/2015 20:00,42255.83,1618.4,25.65,17.65
9/8/2015 20:10,42255.84,1619.4,25.65,17.65
9/8/2015 20:20,42255.85,1620.5,25.65,17.65
9/8/2015 20:30,42255.85,1621,25.65,17.65
9/8/2015 20:40,42255.86,1622,25.65,17.65
9/8/2015 20:50,42255.87,1622.7,25.65,17.65
9/8/2015 21:00,42255.88,1623.3,25.65,17.65
9/8/2015 21:10,42255.88,1623.6,25.65,17.65
9/8/2015 21:20,42255.89,1624,25.65,17.65
9/8/2015 21:30,42255.90,1624.3,25.65,17.65
9/8/2015 21:40,42255.90,1624.5,25.65,17.65
9/8/2015 21:50,42255.91,1624.5,25.65,17.65
9/8/2015 22:00,42255.92,1624.1,25.65,17.65
9/8/2015 22:10,42255.92,1624.1,25.65,17.65
9/8/2015 22:20,42255.93,1623.6,25.65,17.65
9/8/2015 22:30,42255.94,1622.9,25.65,17.65
9/8/2015 22:40,42255.94,1622.2,25.65,17.65
9/8/2015 22:50,42255.95,1621.3,25.65,17.65
9/8/2015 23:00,42255.96,1619.9,25.65,17.65
9/8/2015 23:10,42255.97,1619.1,25.65,17.65
9/8/2015 23:20,42255.97,1617.7,25.65,17.65
9/8/2015 23:30,42255.98,1616.3,25.65,17.65
9/8/2015 23:40,42255.99,1614.9,25.65,17.65
9/8/2015 23:50,42255.99,1613.3,25.65,17.65
9/9/2015 0:00,42256.00,1612.1,25.65,17.65
9/9/2015 0:10,42256.01,1610,25.65,17.65
9/9/2015 0:20,42256.01,1608.6,25.65,17.65
9/9/2015 0:30,42256.02,1606.7,25.65,17.65
9/9/2015 0:40,42256.03,1605.3,25.65,17.65
9/9/2015 0:50,42256.03,1603.9,25.65,17.65
9/9/2015 1:00,42256.04,1602.4,25.65,17.65
9/9/2015 1:10,42256.05,1600.8,25.65,17.65
9/9/2015 1:20,42256.06,1599.1,25.65,17.65
9/9/2015 1:30,42256.06,1597.7,25.65,17.65
9/9/2015 1:40,42256.07,1596.1,25.65,17.65
9/9/2015 1:50,42256.08,1595.3,25.65,17.65
9/9/2015 2:00,42256.08,1594,25.64,17.65
9/9/2015 2:10,42256.09,1592.8,25.65,17.65
9/9/2015 2:20,42256.10,1591.6,25.65,17.65
9/9/2015 2:30,42256.10,1590.4,25.65,17.65
9/9/2015 2:40,42256.11,1589.5,25.65,17.65
9/9/2015 2:50,42256.12,1588.7,25.65,17.65
9/9/2015 3:00,42256.13,1587.8,25.65,17.65
9/9/2015 3:10,42256.13,1586.9,25.64,17.65
9/9/2015 3:20,42256.14,1586.4,25.65,17.65
9/9/2015 3:30,42256.15,1585.7,25.65,17.65
9/9/2015 3:40,42256.15,1585.2,25.65,17.65
9/9/2015 3:50,42256.16,1584.3,25.65,17.65
9/9/2015 4:00,42256.17,1584.5,25.65,17.65
9/9/2015 4:10,42256.17,1584.5,25.65,17.65
9/9/2015 4:20,42256.18,1584.6,25.65,17.65
9/9/2015 4:30,42256.19,1585.2,25.65,17.65
9/9/2015 4:40,42256.19,1585.5,25.65,17.65
9/9/2015 4:50,42256.20,1586.2,25.65,17.65
9/9/2015 5:00,42256.21,1586.9,25.65,17.65
9/9/2015 5:10,42256.22,1588.1,25.65,17.65
9/9/2015 5:20,42256.22,1589.4,25.65,17.65
9/9/2015 5:30,42256.23,1590.8,25.65,17.65
9/9/2015 5:40,42256.24,1592.3,25.65,17.65
9/9/2015 5:50,42256.24,1593.9,25.65,17.65
9/9/2015 6:00,42256.25,1595.4,25.65,17.65
9/9/2015 6:10,42256.26,1597.4,25.65,17.65
9/9/2015 6:20,42256.26,1598.9,25.65,17.65
9/9/2015 6:30,42256.27,1600.4,25.65,17.65
9/9/2015 6:40,42256.28,1602.4,25.65,17.65
9/9/2015 6:50,42256.28,1604.1,25.65,17.65
9/9/2015 7:00,42256.29,1605.9,25.65,17.65
9/9/2015 7:10,42256.30,1608,25.65,17.65
9/9/2015 7:20,42256.31,1610,25.65,17.65
9/9/2015 7:30,42256.31,1611.9,25.65,17.65
9/9/2015 7:40,42256.32,1614,25.65,17.65
9/9/2015 7:50,42256.33,1615.8,25.65,17.65
9/9/2015 8:00,42256.33,1617.5,25.65,17.65
9/9/2015 8:10,42256.34,1619.1,25.65,17.65
9/9/2015 8:20,42256.35,1621,25.65,17.65
9/9/2015 8:30,42256.35,1621.9,25.65,17.65
9/9/2015 8:40,42256.36,1623.4,25.65,17.65
9/9/2015 8:50,42256.37,1624.1,25.65,17.65
9/9/2015 9:00,42256.38,1625.1,25.65,17.65
9/9/2015 9:10,42256.38,1625.8,25.65,17.65
9/9/2015 9:20,42256.39,1626.7,25.65,17.65
9/9/2015 9:30,42256.40,1627.2,25.65,17.65
9/9/2015 9:40,42256.40,1627.9,25.65,17.65
9/9/2015 9:50,42256.41,1627.9,25.65,17.65
9/9/2015 10:00,42256.42,1628.3,25.65,17.65
9/9/2015 10:10,42256.42,1628.3,25.65,17.65
9/9/2015 10:20,42256.43,1628.4,25.65,17.65
9/9/2015 10:30,42256.44,1628.6,25.65,17.65
9/9/2015 10:40,42256.44,1628.6,25.65,17.65
9/9/2015 10:50,42256.45,1628.6,25.65,17.65
9/9/2015 11:00,42256.46,1628.1,25.65,17.65
9/9/2015 11:10,42256.47,1627.7,25.65,17.65
9/9/2015 11:20,42256.47,1627.2,25.65,17.65
9/9/2015 11:30,42256.48,1626.2,25.65,17.65
9/9/2015 11:40,42256.49,1625.3,25.65,17.65
9/9/2015 11:50,42256.49,1624,25.65,17.65
9/9/2015 12:00,42256.50,1622.7,25.65,17.65
9/9/2015 12:10,42256.51,1621.2,25.65,17.65
9/9/2015 12:20,42256.51,1619.8,25.65,17.65
9/9/2015 12:30,42256.52,1617.7,25.65,17.65
9/9/2015 12:40,42256.53,1615.8,25.65,17.65
9/9/2015 12:50,42256.53,1614,25.65,17.65
9/9/2015 13:00,42256.54,1611.9,25.65,17.65
9/9/2015 13:10,42256.55,1609.8,25.65,17.65
9/9/2015 13:20,42256.56,1607.6,25.65,17.65
9/9/2015 13:30,42256.56,1605.7,25.65,17.65
9/9/2015 13:40,42256.57,1603.6,25.65,17.65
9/9/2015 13:50,42256.58,1601.8,25.65,17.65
9/9/2015 14:00,42256.58,1600,25.65,17.65
9/9/2015 14:10,42256.59,1597.9,25.65,17.65
9/9/2015 14:20,42256.60,1596.1,25.65,17.65
9/9/2015 14:30,42256.60,1594.6,25.65,17.65
9/9/2015 14:40,42256.61,1592.8,25.65,17.65
9/9/2015 14:50,42256.62,1591.3,25.65,17.65
9/9/2015 15:00,42256.63,1590.2,25.65,17.65
9/9/2015 15:10,42256.63,1588.7,25.65,17.65
9/9/2015 15:20,42256.64,1587.8,25.65,17.65
9/9/2015 15:30,42256.65,1586.6,25.65,17.65
9/9/2015 15:40,42256.65,1585.5,25.65,17.65
9/9/2015 15:50,42256.66,1584.6,25.65,17.65
9/9/2015 16:00,42256.67,1583.6,25.65,17.65
9/9/2015 16:10,42256.67,1583.1,25.65,17.65
9/9/2015 16:20,42256.68,1582.4,25.65,17.64
9/9/2015 16:30,42256.69,1581.7,25.65,17.65
9/9/2015 16:40,42256.69,1581.4,25.65,17.65
9/9/2015 16:50,42256.70,1581.2,25.65,17.65
9/9/2015 17:00,42256.71,1581,25.64,17.65
9/9/2015 17:10,42256.72,1581.5,25.65,17.65
9/9/2015 17:20,42256.72,1581.9,25.65,17.65
9/9/2015 17:30,42256.73,1582.6,25.65,17.65
9/9/2015 17:40,42256.74,1583.4,25.65,17.65
9/9/2015 17:50,42256.74,1584.5,25.65,17.65
9/9/2015 18:00,42256.75,1585.7,25.64,17.64
9/9/2015 18:10,42256.76,1586.9,25.65,17.65
9/9/2015 18:20,42256.76,1588.5,25.65,17.65
9/9/2015 18:30,42256.77,1590.1,25.65,17.65
9/9/2015 18:40,42256.78,1592.1,25.65,17.64
9/9/2015 18:50,42256.78,1593.9,25.65,17.65
9/9/2015 19:00,42256.79,1596,25.65,17.65
9/9/2015 19:10,42256.80,1597.7,25.65,17.65
9/9/2015 19:20,42256.81,1599.6,25.65,17.65
9/9/2015 19:30,42256.81,1601.3,25.65,17.65
9/9/2015 19:40,42256.82,1603.4,25.65,17.65
9/9/2015 19:50,42256.83,1605.2,25.65,17.64
9/9/2015 20:00,42256.83,1607.3,25.65,17.65
9/9/2015 20:10,42256.84,1609.3,25.65,17.65
9/9/2015 20:20,42256.85,1611.8,25.65,17.65
9/9/2015 20:30,42256.85,1613.7,25.65,17.65
9/9/2015 20:40,42256.86,1615.6,25.65,17.65
9/9/2015 20:50,42256.87,1617.3,25.65,17.64
9/9/2015 21:00,42256.88,1619.1,25.65,17.65
9/9/2015 21:10,42256.88,1620.6,25.65,17.65
9/9/2015 21:20,42256.89,1621.7,25.65,17.65
9/9/2015 21:30,42256.90,1622.9,25.65,17.65
9/9/2015 21:40,42256.90,1624.1,25.65,17.64
9/9/2015 21:50,42256.91,1624.8,25.65,17.65
9/9/2015 22:00,42256.92,1625.6,25.65,17.65
9/9/2015 22:10,42256.92,1625.8,25.65,17.64
9/9/2015 22:20,42256.93,1626.2,25.64,17.65
9/9/2015 22:30,42256.94,1626.5,25.65,17.65
9/9/2015 22:40,42256.94,1626.7,25.65,17.65
9/9/2015 22:50,42256.95,1626.9,25.65,17.65
9/9/2015 23:00,42256.96,1626.9,25.65,17.64
9/9/2015 23:10,42256.97,1626.9,25.65,17.65
9/9/2015 23:20,42256.97,1626.7,25.65,17.65
9/9/2015 23:30,42256.98,1626.5,25.65,17.65
9/9/2015 23:40,42256.99,1625.8,25.65,17.65
9/9/2015 23:50,42256.99,1625.1,25.65,17.65
9/10/2015 0:00,42257.00,1624.1,25.65,17.65
9/10/2015 0:10,42257.01,1622.9,25.65,17.65
9/10/2015 0:20,42257.01,1621.5,25.65,17.65
9/10/2015 0:30,42257.02,1620.1,25.65,17.65
9/10/2015 0:40,42257.03,1618.7,25.65,17.65
9/10/2015 0:50,42257.03,1616.7,25.65,17.65
9/10/2015 1:00,42257.04,1614.7,25.65,17.64
9/10/2015 1:10,42257.05,1612.8,25.64,17.65
9/10/2015 1:20,42257.06,1610.7,25.64,17.65
9/10/2015 1:30,42257.06,1608.6,25.65,17.65
9/10/2015 1:40,42257.07,1606.7,25.65,17.64
9/10/2015 1:50,42257.08,1604.8,25.64,17.65
9/10/2015 2:00,42257.08,1602.9,25.65,17.65
9/10/2015 2:10,42257.09,1601,25.65,17.65
9/10/2015 2:20,42257.10,1599.3,25.65,17.65
9/10/2015 2:30,42257.10,1597.4,25.64,17.65
9/10/2015 2:40,42257.11,1595.6,25.64,17.65
9/10/2015 2:50,42257.12,1594,25.64,17.65
9/10/2015 3:00,42257.13,1592.5,25.64,17.65
9/10/2015 3:10,42257.13,1591.1,25.64,17.65
9/10/2015 3:20,42257.14,1589.7,25.64,17.65
9/10/2015 3:30,42257.15,1588.5,25.65,17.64
9/10/2015 3:40,42257.15,1587.4,25.65,17.64
9/10/2015 3:50,42257.16,1586.4,25.64,17.65
9/10/2015 4:00,42257.17,1585.2,25.65,17.65
9/10/2015 4:10,42257.17,1584.1,25.65,17.65
9/10/2015 4:20,42257.18,1583.3,25.64,17.64
9/10/2015 4:30,42257.19,1582.6,25.65,17.64
9/10/2015 4:40,42257.19,1581.9,25.65,17.65
9/10/2015 4:50,42257.20,1581.2,25.65,17.64
9/10/2015 5:00,42257.21,1581,25.65,17.64
9/10/2015 5:10,42257.22,1580.8,25.64,17.65
9/10/2015 5:20,42257.22,1580.8,25.65,17.65
9/10/2015 5:30,42257.23,1581,25.65,17.64
9/10/2015 5:40,42257.24,1581.5,25.64,17.64
9/10/2015 5:50,42257.24,1582.1,25.64,17.65
9/10/2015 6:00,42257.25,1583.3,25.65,17.65
9/10/2015 6:10,42257.26,1584.3,25.64,17.65
9/10/2015 6:20,42257.26,1585.9,25.65,17.65
9/10/2015 6:30,42257.27,1587.6,25.65,17.65
9/10/2015 6:40,42257.28,1589.4,25.65,17.64
9/10/2015 6:50,42257.28,1591.3,25.65,17.64
9/10/2015 7:00,42257.29,1593.3,25.65,17.64
9/10/2015 7:10,42257.30,1595.8,25.65,17.65
9/10/2015 7:20,42257.31,1598.1,25.65,17.65
9/10/2015 7:30,42257.31,1600.1,25.65,17.65
9/10/2015 7:40,42257.32,1602.2,25.65,17.64
9/10/2015 7:50,42257.33,1604.5,25.65,17.64
9/10/2015 8:00,42257.33,1606.6,25.65,17.64
9/10/2015 8:10,42257.34,1608.6,25.65,17.65
9/10/2015 8:20,42257.35,1611.1,25.65,17.64
9/10/2015 8:30,42257.35,1613.5,25.65,17.65
9/10/2015 8:40,42257.36,1616,25.65,17.64
9/10/2015 8:50,42257.37,1618.2,25.65,17.65
9/10/2015 9:00,42257.38,1619.9,25.65,17.64
9/10/2015 9:10,42257.38,1621.9,25.65,17.64
9/10/2015 9:20,42257.39,1623.6,25.65,17.65
9/10/2015 9:30,42257.40,1625.1,25.65,17.65
9/10/2015 9:40,42257.40,1625.8,25.65,17.65
9/10/2015 9:50,42257.41,1626.9,25.65,17.65
9/10/2015 10:00,42257.42,1627.4,25.65,17.64
9/10/2015 10:10,42257.42,1628.4,25.65,17.65
9/10/2015 10:20,42257.43,1629,25.64,17.65
9/10/2015 10:30,42257.44,1629.7,25.65,17.64
9/10/2015 10:40,42257.44,1630,25.65,17.64
9/10/2015 10:50,42257.45,1630.2,25.65,17.64
9/10/2015 11:00,42257.46,1630.4,25.64,17.65
9/10/2015 11:10,42257.47,1630.7,25.65,17.65
9/10/2015 11:20,42257.47,1630.5,25.64,17.64
9/10/2015 11:30,42257.48,1630.7,25.65,17.65
9/10/2015 11:40,42257.49,1630.7,25.64,17.65
9/10/2015 11:50,42257.49,1630.2,25.65,17.64
9/10/2015 12:00,42257.50,1629.5,25.64,17.65
9/10/2015 12:10,42257.51,1629.1,25.65,17.64
9/10/2015 12:20,42257.51,1628.4,25.64,17.65
9/10/2015 12:30,42257.52,1627.4,25.65,17.65
9/10/2015 12:40,42257.53,1626.2,25.64,17.65
9/10/2015 12:50,42257.53,1625,25.65,17.65
9/10/2015 13:00,42257.54,1623.4,25.65,17.64
9/10/2015 13:10,42257.55,1621.7,25.65,17.65
9/10/2015 13:20,42257.56,1620.1,25.64,17.65
9/10/2015 13:30,42257.56,1618.2,25.65,17.65
9/10/2015 13:40,42257.57,1616.5,25.65,17.64
9/10/2015 13:50,42257.58,1614.2,25.65,17.65
9/10/2015 14:00,42257.58,1612.1,25.64,17.65
9/10/2015 14:10,42257.59,1609.7,25.65,17.65
9/10/2015 14:20,42257.60,1607.3,25.65,17.64
9/10/2015 14:30,42257.60,1604.8,25.65,17.64
9/10/2015 14:40,42257.61,1602.4,25.65,17.65
9/10/2015 14:50,42257.62,1600.1,25.65,17.65
9/10/2015 15:00,42257.63,1597.9,25.64,17.64
9/10/2015 15:10,42257.63,1595.8,25.65,17.65
9/10/2015 15:20,42257.64,1593.9,25.64,17.65
9/10/2015 15:30,42257.65,1592.1,25.64,17.65
9/10/2015 15:40,42257.65,1590.4,25.65,17.64
9/10/2015 15:50,42257.66,1588.8,25.64,17.65
9/10/2015 16:00,42257.67,1587.3,25.64,17.65
9/10/2015 16:10,42257.67,1586,25.64,17.64
9/10/2015 16:20,42257.68,1585.3,25.65,17.65
9/10/2015 16:30,42257.69,1584.3,25.64,17.65
9/10/2015 16:40,42257.69,1583.3,25.65,17.65
9/10/2015 16:50,42257.70,1582.2,25.65,17.65
9/10/2015 17:00,42257.71,1581.5,25.65,17.65
9/10/2015 17:10,42257.72,1580.5,25.65,17.65
9/10/2015 17:20,42257.72,1580,25.65,17.64
9/10/2015 17:30,42257.73,1579.4,25.65,17.65
9/10/2015 17:40,42257.74,1579.6,25.65,17.65
9/10/2015 17:50,42257.74,1579.8,25.65,17.65
9/10/2015 18:00,42257.75,1579.6,25.65,17.65
9/10/2015 18:10,42257.76,1580.5,25.65,17.65
9/10/2015 18:20,42257.76,1581.4,25.65,17.65
9/10/2015 18:30,42257.77,1582.4,25.65,17.65
9/10/2015 18:40,42257.78,1583.6,25.64,17.64
9/10/2015 18:50,42257.78,1585,25.65,17.65
9/10/2015 19:00,42257.79,1586.9,25.65,17.65
9/10/2015 19:10,42257.80,1588.8,25.65,17.65
9/10/2015 19:20,42257.81,1591.1,25.65,17.65
9/10/2015 19:30,42257.81,1593.3,25.65,17.65
9/10/2015 19:40,42257.82,1595.8,25.65,17.65
9/10/2015 19:50,42257.83,1598.1,25.65,17.65
9/10/2015 20:00,42257.83,1600.1,25.65,17.65
9/10/2015 20:10,42257.84,1602.4,25.65,17.64
9/10/2015 20:20,42257.85,1604.6,25.65,17.65
9/10/2015 20:30,42257.85,1606.6,25.65,17.65
9/10/2015 20:40,42257.86,1609,25.65,17.65
9/10/2015 20:50,42257.87,1611.1,25.65,17.65
9/10/2015 21:00,42257.88,1613.5,25.65,17.65
9/10/2015 21:10,42257.88,1615.8,25.65,17.65
9/10/2015 21:20,42257.89,1617.8,25.65,17.65
9/10/2015 21:30,42257.90,1619.8,25.65,17.65
9/10/2015 21:40,42257.90,1621.7,25.65,17.64
9/10/2015 21:50,42257.91,1622.7,25.65,17.65
9/10/2015 22:00,42257.92,1624.1,25.65,17.65
9/10/2015 22:10,42257.92,1625.3,25.65,17.65
9/10/2015 22:20,42257.93,1626.3,25.65,17.65
9/10/2015 22:30,42257.94,1627.2,25.65,17.65
9/10/2015 22:40,42257.94,1627.9,25.65,17.64
9/10/2015 22:50,42257.95,1628.4,25.65,17.65
9/10/2015 23:00,42257.96,1629,25.65,17.65
9/10/2015 23:10,42257.97,1629.3,25.65,17.65
9/10/2015 23:20,42257.97,1629.7,25.65,17.65
9/10/2015 23:30,42257.98,1629.7,25.65,17.65
9/10/2015 23:40,42257.99,1629.8,25.65,17.65
9/10/2015 23:50,42257.99,1629.8,25.65,17.65
9/11/2015 0:00,42258.00,1629.5,25.65,17.65
9/11/2015 0:10,42258.01,1629.3,25.65,17.65
9/11/2015 0:20,42258.01,1629,25.65,17.65
9/11/2015 0:30,42258.02,1628.3,25.65,17.65
9/11/2015 0:40,42258.03,1627.6,25.65,17.65
9/11/2015 0:50,42258.03,1626.3,25.65,17.65
9/11/2015 1:00,42258.04,1625.5,25.65,17.65
9/11/2015 1:10,42258.05,1624.1,25.65,17.65
9/11/2015 1:20,42258.06,1622.9,25.65,17.65
9/11/2015 1:30,42258.06,1621.2,25.65,17.65
9/11/2015 1:40,42258.07,1619.2,25.65,17.65
9/11/2015 1:50,42258.08,1617.1,25.65,17.65
9/11/2015 2:00,42258.08,1615.3,25.65,17.65
9/11/2015 2:10,42258.09,1613.3,25.65,17.65
9/11/2015 2:20,42258.10,1610.7,25.65,17.65
9/11/2015 2:30,42258.10,1608.6,25.65,17.65
9/11/2015 2:40,42258.11,1606.2,25.65,17.65
9/11/2015 2:50,42258.12,1603.9,25.65,17.65
9/11/2015 3:00,42258.13,1601.7,25.65,17.65
9/11/2015 3:10,42258.13,1599.8,25.65,17.65
9/11/2015 3:20,42258.14,1597.5,25.65,17.65
9/11/2015 3:30,42258.15,1595.6,25.65,17.65
9/11/2015 3:40,42258.15,1593.9,25.65,17.65
9/11/2015 3:50,42258.16,1592.3,25.65,17.65
9/11/2015 4:00,42258.17,1590.4,25.65,17.65
9/11/2015 4:10,42258.17,1589.2,25.65,17.65
9/11/2015 4:20,42258.18,1587.8,25.65,17.65
9/11/2015 4:30,42258.19,1586.4,25.65,17.65
9/11/2015 4:40,42258.19,1585.2,25.65,17.65
9/11/2015 4:50,42258.20,1584.1,25.65,17.65
9/11/2015 5:00,42258.21,1583.3,25.65,17.65
9/11/2015 5:10,42258.22,1582.4,25.65,17.65
9/11/2015 5:20,42258.22,1581.5,25.65,17.65
9/11/2015 5:30,42258.23,1581.2,25.65,17.65
9/11/2015 5:40,42258.24,1580.5,25.65,17.64
9/11/2015 5:50,42258.24,1580.1,25.65,17.65
9/11/2015 6:00,42258.25,1580,25.65,17.65
9/11/2015 6:10,42258.26,1580.3,25.65,17.65
9/11/2015 6:20,42258.26,1580.8,25.65,17.65
9/11/2015 6:30,42258.27,1581.7,25.65,17.65
9/11/2015 6:40,42258.28,1582.9,25.65,17.64
9/11/2015 6:50,42258.28,1584.3,25.65,17.65
9/11/2015 7:00,42258.29,1585.9,25.64,17.65
9/11/2015 7:10,42258.30,1588,25.65,17.65
9/11/2015 7:20,42258.31,1590.1,25.64,17.65
9/11/2015 7:30,42258.31,1592.1,25.65,17.64
9/11/2015 7:40,42258.32,1594.9,25.65,17.65
9/11/2015 7:50,42258.33,1597.7,25.65,17.65
9/11/2015 8:00,42258.33,1600,25.65,17.65
9/11/2015 8:10,42258.34,1602.4,25.65,17.64
9/11/2015 8:20,42258.35,1605.2,25.65,17.65
9/11/2015 8:30,42258.35,1607.4,25.65,17.65
9/11/2015 8:40,42258.36,1609.8,25.65,17.65
9/11/2015 8:50,42258.37,1612.5,25.64,17.65
9/11/2015 9:00,42258.38,1615.3,25.65,17.65
9/11/2015 9:10,42258.38,1617.8,25.65,17.65
9/11/2015 9:20,42258.39,1620.3,25.65,17.65
9/11/2015 9:30,42258.40,1623.3,25.65,17.65
9/11/2015 9:40,42258.40,1625,25.65,17.65
9/11/2015 9:50,42258.41,1626.7,25.65,17.65
9/11/2015 10:00,42258.42,1627.9,25.65,17.65
9/11/2015 10:10,42258.42,1629.1,25.65,17.65
9/11/2015 10:20,42258.43,1630.5,25.65,17.64
9/11/2015 10:30,42258.44,1631.2,25.65,17.65
9/11/2015 10:40,42258.44,1632.5,25.64,17.65
9/11/2015 10:50,42258.45,1633.6,25.65,17.65
9/11/2015 11:00,42258.46,1634.2,25.65,17.65
9/11/2015 11:10,42258.47,1634.9,25.65,17.65
9/11/2015 11:20,42258.47,1635.6,25.65,17.65
9/11/2015 11:30,42258.48,1636.1,25.65,17.65
9/11/2015 11:40,42258.49,1637,25.65,17.65
9/11/2015 11:50,42258.49,1637.5,25.65,17.64
9/11/2015 12:00,42258.50,1637.5,25.65,17.65
9/11/2015 12:10,42258.51,1637.1,25.65,17.64
9/11/2015 12:20,42258.51,1637.1,25.65,17.65
9/11/2015 12:30,42258.52,1636.8,25.65,17.65
9/11/2015 12:40,42258.53,1636.1,25.65,17.65
9/11/2015 12:50,42258.53,1635.2,25.65,17.65
9/11/2015 13:00,42258.54,1633.8,25.65,17.65
9/11/2015 13:10,42258.55,1632.6,25.65,17.65
9/11/2015 13:20,42258.56,1631.2,25.65,17.65
9/11/2015 13:30,42258.56,1629.8,25.65,17.65
9/11/2015 13:40,42258.57,1628.3,25.65,17.65
9/11/2015 13:50,42258.58,1626.7,25.65,17.65
9/11/2015 14:00,42258.58,1624.7,25.65,17.65
9/11/2015 14:10,42258.59,1623.3,25.65,17.65
9/11/2015 14:20,42258.60,1621.3,25.65,17.64
9/11/2015 14:30,42258.60,1619.6,25.65,17.65
9/11/2015 14:40,42258.61,1617.8,25.65,17.65
9/11/2015 14:50,42258.62,1616,25.65,17.65
9/11/2015 15:00,42258.63,1614.2,25.65,17.65
9/11/2015 15:10,42258.63,1611.9,25.65,17.65
9/11/2015 15:20,42258.64,1609.5,25.65,17.65
9/11/2015 15:30,42258.65,1606.9,25.65,17.64
9/11/2015 15:40,42258.65,1604.1,25.65,17.65
9/11/2015 15:50,42258.66,1601.5,25.65,17.65
9/11/2015 16:00,42258.67,1598.9,25.65,17.64
9/11/2015 16:10,42258.67,1596.7,25.65,17.65
9/11/2015 16:20,42258.68,1594.2,25.65,17.65
9/11/2015 16:30,42258.69,1592.1,25.65,17.65
9/11/2015 16:40,42258.69,1590.1,25.65,17.65
9/11/2015 16:50,42258.70,1588.3,25.65,17.65
9/11/2015 17:00,42258.71,1586.6,25.65,17.65
9/11/2015 17:10,42258.72,1584.6,25.64,17.64
9/11/2015 17:20,42258.72,1583.4,25.65,17.65
9/11/2015 17:30,42258.73,1582.8,25.65,17.65
9/11/2015 17:40,42258.74,1581.9,25.65,17.65
9/11/2015 17:50,42258.74,1580.8,25.65,17.65
9/11/2015 18:00,42258.75,1580.5,25.65,17.65
9/11/2015 18:10,42258.76,1579.8,25.65,17.65
9/11/2015 18:20,42258.76,1578.9,25.65,17.64
9/11/2015 18:30,42258.77,1578.9,25.65,17.65
9/11/2015 18:40,42258.78,1579.3,25.65,17.65
9/11/2015 18:50,42258.78,1579.6,25.65,17.64
9/11/2015 19:00,42258.79,1580.5,25.65,17.65
9/11/2015 19:10,42258.80,1581.7,25.65,17.64
9/11/2015 19:20,42258.81,1582.8,25.65,17.65
9/11/2015 19:30,42258.81,1584.3,25.65,17.65
9/11/2015 19:40,42258.82,1586.2,25.65,17.65
9/11/2015 19:50,42258.83,1588.5,25.65,17.65
9/11/2015 20:00,42258.83,1590.9,25.65,17.65
9/11/2015 20:10,42258.84,1593.3,25.65,17.64
9/11/2015 20:20,42258.85,1596,25.65,17.64
9/11/2015 20:30,42258.85,1598.8,25.65,17.65
9/11/2015 20:40,42258.86,1601.5,25.65,17.64
9/11/2015 20:50,42258.87,1603.9,25.65,17.65
9/11/2015 21:00,42258.88,1606.4,25.65,17.64
9/11/2015 21:10,42258.88,1609,25.65,17.65
9/11/2015 21:20,42258.89,1611.4,25.65,17.65
9/11/2015 21:30,42258.90,1613.9,25.65,17.65
9/11/2015 21:40,42258.90,1616.7,25.65,17.65
9/11/2015 21:50,42258.91,1618.9,25.65,17.65
9/11/2015 22:00,42258.92,1621.2,25.65,17.65
9/11/2015 22:10,42258.92,1623.4,25.65,17.65
9/11/2015 22:20,42258.93,1625.1,25.65,17.65
9/11/2015 22:30,42258.94,1626.2,25.65,17.65
9/11/2015 22:40,42258.94,1627.6,25.65,17.64
9/11/2015 22:50,42258.95,1628.8,25.65,17.65
9/11/2015 23:00,42258.96,1629.7,25.65,17.65
9/11/2015 23:10,42258.97,1630.5,25.65,17.65
9/11/2015 23:20,42258.97,1631.4,25.64,17.65
9/11/2015 23:30,42258.98,1632.3,25.65,17.65
9/11/2015 23:40,42258.99,1632.8,25.65,17.65
9/11/2015 23:50,42258.99,1633.3,25.65,17.65
9/12/2015 0:00,42259.00,1633.3,25.65,17.65
9/12/2015 0:10,42259.01,1634,25.65,17.65
9/12/2015 0:20,42259.01,1634.2,25.65,17.65
9/12/2015 0:30,42259.02,1634.2,25.65,17.65
9/12/2015 0:40,42259.03,1633.8,25.65,17.65
9/12/2015 0:50,42259.03,1633.5,25.65,17.65
9/12/2015 1:00,42259.04,1633.2,25.65,17.65
9/12/2015 1:10,42259.05,1632.5,25.65,17.65
9/12/2015 1:20,42259.06,1631.4,25.65,17.65
9/12/2015 1:30,42259.06,1630.7,25.65,17.65
9/12/2015 1:40,42259.07,1629.1,25.65,17.65
9/12/2015 1:50,42259.08,1627.7,25.65,17.65
9/12/2015 2:00,42259.08,1626,25.65,17.65
9/12/2015 2:10,42259.09,1624.5,25.65,17.65
9/12/2015 2:20,42259.10,1622.6,25.65,17.65
9/12/2015 2:30,42259.10,1621,25.65,17.65
9/12/2015 2:40,42259.11,1618.9,25.65,17.65
9/12/2015 2:50,42259.12,1616.7,25.65,17.65
9/12/2015 3:00,42259.13,1614.2,25.65,17.65
9/12/2015 3:10,42259.13,1612.3,25.65,17.65
9/12/2015 3:20,42259.14,1609.7,25.65,17.65
9/12/2015 3:30,42259.15,1606.9,25.65,17.65
9/12/2015 3:40,42259.15,1604.3,25.65,17.65
9/12/2015 3:50,42259.16,1601.7,25.65,17.65
9/12/2015 4:00,42259.17,1599.1,25.65,17.65
9/12/2015 4:10,42259.17,1596.8,25.65,17.65
9/12/2015 4:20,42259.18,1594.9,25.65,17.65
9/12/2015 4:30,42259.19,1592.8,25.65,17.65
9/12/2015 4:40,42259.19,1590.9,25.65,17.65
9/12/2015 4:50,42259.20,1589.2,25.65,17.65
9/12/2015 5:00,42259.21,1587.6,25.65,17.65
9/12/2015 5:10,42259.22,1586.2,25.65,17.65
9/12/2015 5:20,42259.22,1584.8,25.65,17.65
9/12/2015 5:30,42259.23,1583.6,25.65,17.65
9/12/2015 5:40,42259.24,1582.4,25.65,17.65
9/12/2015 5:50,42259.24,1581.5,25.65,17.65
9/12/2015 6:00,42259.25,1580.7,25.65,17.65
9/12/2015 6:10,42259.26,1580,25.65,17.65
9/12/2015 6:20,42259.26,1579.4,25.65,17.65
9/12/2015 6:30,42259.27,1579.1,25.65,17.65
9/12/2015 6:40,42259.28,1578.9,25.65,17.65
9/12/2015 6:50,42259.28,1579.1,25.65,17.65
9/12/2015 7:00,42259.29,1579.3,25.65,17.64
9/12/2015 7:10,42259.30,1580,25.65,17.65
9/12/2015 7:20,42259.31,1581,25.65,17.65
9/12/2015 7:30,42259.31,1582.4,25.65,17.65
9/12/2015 7:40,42259.32,1583.9,25.65,17.65
9/12/2015 7:50,42259.33,1586,25.65,17.65
9/12/2015 8:00,42259.33,1588.3,25.65,17.65
9/12/2015 8:10,42259.34,1590.2,25.65,17.64
9/12/2015 8:20,42259.35,1592.5,25.65,17.65
9/12/2015 8:30,42259.35,1595.4,25.65,17.65
9/12/2015 8:40,42259.36,1598.2,25.65,17.65
9/12/2015 8:50,42259.37,1600.8,25.65,17.64
9/12/2015 9:00,42259.38,1603.6,25.65,17.65
9/12/2015 9:10,42259.38,1606,25.65,17.65
9/12/2015 9:20,42259.39,1608.8,25.65,17.65
9/12/2015 9:30,42259.40,1611.1,25.65,17.65
9/12/2015 9:40,42259.40,1613.9,25.65,17.65
9/12/2015 9:50,42259.41,1616.5,25.65,17.65
9/12/2015 10:00,42259.42,1619.1,25.65,17.65
9/12/2015 10:10,42259.42,1622,25.65,17.65
9/12/2015 10:20,42259.43,1624.1,25.65,17.65
9/12/2015 10:30,42259.44,1625.8,25.65,17.65
9/12/2015 10:40,42259.44,1627.6,25.65,17.65
9/12/2015 10:50,42259.45,1628.8,25.65,17.65
9/12/2015 11:00,42259.46,1629.5,25.65,17.65
9/12/2015 11:10,42259.47,1630.5,25.65,17.65
9/12/2015 11:20,42259.47,1631.8,25.65,17.65
9/12/2015 11:30,42259.48,1632.6,25.65,17.65
9/12/2015 11:40,42259.49,1633.5,25.65,17.65
9/12/2015 11:50,42259.49,1634,25.65,17.65
9/12/2015 12:00,42259.50,1634.7,25.65,17.65
9/12/2015 12:10,42259.51,1635.6,25.65,17.65
9/12/2015 12:20,42259.51,1636.4,25.65,17.65
9/12/2015 12:30,42259.52,1636.8,25.65,17.65
9/12/2015 12:40,42259.53,1636.6,25.65,17.65
9/12/2015 12:50,42259.53,1636.4,25.65,17.65
9/12/2015 13:00,42259.54,1636.1,25.65,17.65
9/12/2015 13:10,42259.55,1635.2,25.65,17.65
9/12/2015 13:20,42259.56,1634.5,25.65,17.65
9/12/2015 13:30,42259.56,1633.3,25.65,17.65
9/12/2015 13:40,42259.57,1632.1,25.65,17.65
9/12/2015 13:50,42259.58,1630.9,25.65,17.65
9/12/2015 14:00,42259.58,1629.7,25.65,17.65
9/12/2015 14:10,42259.59,1628.3,25.65,17.65
9/12/2015 14:20,42259.60,1626.7,25.65,17.65
9/12/2015 14:30,42259.60,1624.7,25.65,17.65
9/12/2015 14:40,42259.61,1622.9,25.65,17.65
9/12/2015 14:50,42259.62,1620.6,25.65,17.65
9/12/2015 15:00,42259.63,1618.7,25.65,17.65
9/12/2015 15:10,42259.63,1616.8,25.65,17.65
9/12/2015 15:20,42259.64,1614.9,25.65,17.65
9/12/2015 15:30,42259.65,1612.6,25.65,17.65
9/12/2015 15:40,42259.65,1610.2,25.65,17.65
9/12/2015 15:50,42259.66,1607.6,25.65,17.65
9/12/2015 16:00,42259.67,1604.8,25.65,17.65
9/12/2015 16:10,42259.67,1602,25.65,17.65
9/12/2015 16:20,42259.68,1599.3,25.65,17.65
9/12/2015 16:30,42259.69,1596.7,25.65,17.65
9/12/2015 16:40,42259.69,1594,25.65,17.65
9/12/2015 16:50,42259.70,1591.9,25.65,17.65
9/12/2015 17:00,42259.71,1589.7,25.65,17.65
9/12/2015 17:10,42259.72,1587.8,25.65,17.65
9/12/2015 17:20,42259.72,1586,25.65,17.65
9/12/2015 17:30,42259.73,1584.3,25.65,17.65
9/12/2015 17:40,42259.74,1582.9,25.65,17.65
9/12/2015 17:50,42259.74,1581.7,25.65,17.65
9/12/2015 18:00,42259.75,1580.5,25.65,17.65
9/12/2015 18:10,42259.76,1579.4,25.65,17.65
9/12/2015 18:20,42259.76,1578.4,25.65,17.65
9/12/2015 18:30,42259.77,1577.7,25.65,17.65
9/12/2015 18:40,42259.78,1577,25.65,17.65
9/12/2015 18:50,42259.78,1576.3,25.65,17.65
9/12/2015 19:00,42259.79,1575.6,25.65,17.65
9/12/2015 19:10,42259.80,1575.8,25.65,17.65
9/12/2015 19:20,42259.81,1576.1,25.65,17.65
9/12/2015 19:30,42259.81,1576.8,25.65,17.65
9/12/2015 19:40,42259.82,1578,25.65,17.65
9/12/2015 19:50,42259.83,1579.6,25.65,17.65
9/12/2015 20:00,42259.83,1581.5,25.65,17.65
9/12/2015 20:10,42259.84,1583.4,25.65,17.65
9/12/2015 20:20,42259.85,1586,25.65,17.65
9/12/2015 20:30,42259.85,1588.7,25.65,17.65
9/12/2015 20:40,42259.86,1591.3,25.65,17.65
9/12/2015 20:50,42259.87,1594.2,25.65,17.65
9/12/2015 21:00,42259.88,1597.2,25.65,17.65
9/12/2015 21:10,42259.88,1600.1,25.65,17.65
9/12/2015 21:20,42259.89,1602.9,25.65,17.65
9/12/2015 21:30,42259.90,1605.7,25.65,17.65
9/12/2015 21:40,42259.90,1608.1,25.65,17.65
9/12/2015 21:50,42259.91,1611.2,25.65,17.65
9/12/2015 22:00,42259.92,1613.3,25.65,17.65
9/12/2015 22:10,42259.92,1616.1,25.65,17.65
9/12/2015 22:20,42259.93,1619.1,25.65,17.65
9/12/2015 22:30,42259.94,1621.7,25.65,17.65
9/12/2015 22:40,42259.94,1624,25.65,17.65
9/12/2015 22:50,42259.95,1625.8,25.65,17.65
9/12/2015 23:00,42259.96,1627.4,25.65,17.65
9/12/2015 23:10,42259.97,1628.4,25.65,17.65
9/12/2015 23:20,42259.97,1629.5,25.65,17.65
9/12/2015 23:30,42259.98,1630.7,25.65,17.65
9/12/2015 23:40,42259.99,1631.6,25.65,17.65
9/12/2015 23:50,42259.99,1632.3,25.65,17.65
9/13/2015 0:00,42260.00,1633.5,25.65,17.65
9/13/2015 0:10,42260.01,1634.3,25.65,17.65
9/13/2015 0:20,42260.01,1635.4,25.65,17.65
9/13/2015 0:30,42260.02,1636.1,25.65,17.65
9/13/2015 0:40,42260.03,1636.8,25.65,17.65
9/13/2015 0:50,42260.03,1637.1,25.65,17.65
9/13/2015 1:00,42260.04,1637.3,25.65,17.65
9/13/2015 1:10,42260.05,1637.1,25.65,17.65
9/13/2015 1:20,42260.06,1636.6,25.65,17.65
9/13/2015 1:30,42260.06,1635.6,25.65,17.65
9/13/2015 1:40,42260.07,1634.7,25.65,17.65
9/13/2015 1:50,42260.08,1633.2,25.65,17.65
9/13/2015 2:00,42260.08,1631.8,25.65,17.65
9/13/2015 2:10,42260.09,1630.5,25.65,17.65
9/13/2015 2:20,42260.10,1629.1,25.65,17.65
9/13/2015 2:30,42260.10,1627.4,25.65,17.65
9/13/2015 2:40,42260.11,1625.8,25.65,17.65
9/13/2015 2:50,42260.12,1623.4,25.65,17.65
9/13/2015 3:00,42260.13,1621.9,25.65,17.65
9/13/2015 3:10,42260.13,1619.9,25.65,17.65
9/13/2015 3:20,42260.14,1618,25.65,17.65
9/13/2015 3:30,42260.15,1615.8,25.65,17.65
9/13/2015 3:40,42260.15,1613.9,25.65,17.65
9/13/2015 3:50,42260.16,1611.6,25.65,17.65
9/13/2015 4:00,42260.17,1609.3,25.65,17.65
9/13/2015 4:10,42260.17,1606.4,25.65,17.65
9/13/2015 4:20,42260.18,1603.6,25.65,17.65
9/13/2015 4:30,42260.19,1600.6,25.65,17.65
9/13/2015 4:40,42260.19,1598.2,25.65,17.65
9/13/2015 4:50,42260.20,1595.8,25.65,17.65
9/13/2015 5:00,42260.21,1593.2,25.65,17.65
9/13/2015 5:10,42260.22,1591.3,25.65,17.65
9/13/2015 5:20,42260.22,1589.5,25.65,17.65
9/13/2015 5:30,42260.23,1587.8,25.65,17.65
9/13/2015 5:40,42260.24,1586,25.65,17.65
9/13/2015 5:50,42260.24,1584.6,25.65,17.65
9/13/2015 6:00,42260.25,1583.6,25.65,17.65
9/13/2015 6:10,42260.26,1582.4,25.65,17.65
9/13/2015 6:20,42260.26,1581.2,25.65,17.64
9/13/2015 6:30,42260.27,1580.7,25.65,17.65
9/13/2015 6:40,42260.28,1579.8,25.65,17.65
9/13/2015 6:50,42260.28,1578.7,25.65,17.65
9/13/2015 7:00,42260.29,1578.6,25.65,17.65
9/13/2015 7:10,42260.30,1578.2,25.65,17.65
9/13/2015 7:20,42260.31,1578.4,25.65,17.65
9/13/2015 7:30,42260.31,1578.7,25.65,17.65
9/13/2015 7:40,42260.32,1579.6,25.65,17.65
9/13/2015 7:50,42260.33,1580.8,25.65,17.65
9/13/2015 8:00,42260.33,1582.2,25.65,17.65
9/13/2015 8:10,42260.34,1583.9,25.65,17.65
9/13/2015 8:20,42260.35,1586,25.65,17.65
9/13/2015 8:30,42260.35,1588.5,25.65,17.65
9/13/2015 8:40,42260.36,1591.1,25.65,17.65
9/13/2015 8:50,42260.37,1593.9,25.65,17.65
9/13/2015 9:00,42260.38,1597,25.65,17.65
9/13/2015 9:10,42260.38,1599.6,25.65,17.65
9/13/2015 9:20,42260.39,1602.5,25.65,17.65
9/13/2015 9:30,42260.40,1605.2,25.65,17.65
9/13/2015 9:40,42260.40,1608,25.65,17.65
9/13/2015 9:50,42260.41,1610.7,25.65,17.65
9/13/2015 10:00,42260.42,1613.3,25.65,17.65
9/13/2015 10:10,42260.42,1616,25.65,17.65
9/13/2015 10:20,42260.43,1618.7,25.65,17.65
9/13/2015 10:30,42260.44,1621.7,25.65,17.65
9/13/2015 10:40,42260.44,1624.1,25.65,17.65
9/13/2015 10:50,42260.45,1626.3,25.65,17.65
9/13/2015 11:00,42260.46,1628.1,25.65,17.65
9/13/2015 11:10,42260.47,1629.5,25.65,17.65
9/13/2015 11:20,42260.47,1630.5,25.65,17.65
9/13/2015 11:30,42260.48,1631.1,25.65,17.65
9/13/2015 11:40,42260.49,1632.6,25.65,17.65
9/13/2015 11:50,42260.49,1633.8,25.65,17.65
9/13/2015 12:00,42260.50,1635.2,25.65,17.65
9/13/2015 12:10,42260.51,1636.4,25.65,17.65
9/13/2015 12:20,42260.51,1637.5,25.65,17.65
9/13/2015 12:30,42260.52,1638.5,25.65,17.65
9/13/2015 12:40,42260.53,1639.2,25.65,17.65
9/13/2015 12:50,42260.53,1639.8,25.65,17.65
9/13/2015 13:00,42260.54,1640.5,25.65,17.65
9/13/2015 13:10,42260.55,1640.8,25.65,17.65
9/13/2015 13:20,42260.56,1640.6,25.65,17.65
9/13/2015 13:30,42260.56,1640.6,25.65,17.65
9/13/2015 13:40,42260.57,1640.1,25.65,17.65
9/13/2015 13:50,42260.58,1638.5,25.65,17.65
9/13/2015 14:00,42260.58,1636.8,25.65,17.65
9/13/2015 14:10,42260.59,1634.9,25.65,17.65
9/13/2015 14:20,42260.60,1632.6,25.65,17.65
9/13/2015 14:30,42260.60,1630.9,25.65,17.65
9/13/2015 14:40,42260.61,1629.1,25.65,17.65
9/13/2015 14:50,42260.62,1627,25.65,17.65
9/13/2015 15:00,42260.63,1625.1,25.65,17.65
9/13/2015 15:10,42260.63,1623.4,25.65,17.65
9/13/2015 15:20,42260.64,1621.3,25.65,17.65
9/13/2015 15:30,42260.65,1619.8,25.65,17.65
9/13/2015 15:40,42260.65,1617.7,25.65,17.65
9/13/2015 15:50,42260.66,1615.8,25.65,17.65
9/13/2015 16:00,42260.67,1614,25.65,17.65
9/13/2015 16:10,42260.67,1611.8,25.65,17.65
9/13/2015 16:20,42260.68,1609.3,25.65,17.65
9/13/2015 16:30,42260.69,1607.1,25.65,17.65
9/13/2015 16:40,42260.69,1604.5,25.65,17.65
9/13/2015 16:50,42260.70,1601.3,25.65,17.65
9/13/2015 17:00,42260.71,1598.6,25.65,17.65
9/13/2015 17:10,42260.72,1595.8,25.65,17.65
9/13/2015 17:20,42260.72,1593.2,25.65,17.65
9/13/2015 17:30,42260.73,1590.9,25.65,17.65
9/13/2015 17:40,42260.74,1589,25.65,17.65
9/13/2015 17:50,42260.74,1586.7,25.65,17.65
9/13/2015 18:00,42260.75,1584.6,25.65,17.65
9/13/2015 18:10,42260.76,1583.3,25.65,17.65
9/13/2015 18:20,42260.76,1581.7,25.65,17.65
9/13/2015 18:30,42260.77,1580.3,25.65,17.65
9/13/2015 18:40,42260.78,1579.1,25.65,17.65
9/13/2015 18:50,42260.78,1578.2,25.65,17.65
9/13/2015 19:00,42260.79,1577.7,25.65,17.65
9/13/2015 19:10,42260.80,1577,25.65,17.65
9/13/2015 19:20,42260.81,1576.3,25.65,17.65
9/13/2015 19:30,42260.81,1575.8,25.65,17.65
9/13/2015 19:40,42260.82,1575.8,25.65,17.65
9/13/2015 19:50,42260.83,1575.9,25.65,17.65
9/13/2015 20:00,42260.83,1576.5,25.65,17.65
9/13/2015 20:10,42260.84,1577.9,25.65,17.65
9/13/2015 20:20,42260.85,1579.8,25.65,17.65
9/13/2015 20:30,42260.85,1581.9,25.65,17.65
9/13/2015 20:40,42260.86,1584.1,25.65,17.65
9/13/2015 20:50,42260.87,1586.7,25.65,17.65
9/13/2015 21:00,42260.88,1589.4,25.65,17.65
9/13/2015 21:10,42260.88,1592.6,25.65,17.65
9/13/2015 21:20,42260.89,1595.6,25.65,17.65
9/13/2015 21:30,42260.90,1598.9,25.65,17.65
9/13/2015 21:40,42260.90,1602,25.65,17.65
9/13/2015 21:50,42260.91,1605.5,25.65,17.65
9/13/2015 22:00,42260.92,1608.4,25.65,17.65
9/13/2015 22:10,42260.92,1611.1,25.65,17.65
9/13/2015 22:20,42260.93,1613.7,25.65,17.65
9/13/2015 22:30,42260.94,1616.8,25.65,17.65
9/13/2015 22:40,42260.94,1619.4,25.65,17.65
9/13/2015 22:50,42260.95,1622.2,25.65,17.65
9/13/2015 23:00,42260.96,1625.3,25.65,17.65
9/13/2015 23:10,42260.97,1627.6,25.65,17.65
9/13/2015 23:20,42260.97,1629.3,25.65,17.65
9/13/2015 23:30,42260.98,1630.5,25.65,17.65
9/13/2015 23:40,42260.99,1631.4,25.65,17.65
9/13/2015 23:50,42260.99,1633,25.65,17.65
9/14/2015 0:00,42261.00,1634.5,25.65,17.65
9/14/2015 0:10,42261.01,1636.4,25.65,17.65
9/14/2015 0:20,42261.01,1638,25.65,17.65
9/14/2015 0:30,42261.02,1639.6,25.66,17.65
9/14/2015 0:40,42261.03,1640.8,25.65,17.65
9/14/2015 0:50,42261.03,1642,25.65,17.65
9/14/2015 1:00,42261.04,1643.2,25.66,17.65
9/14/2015 1:10,42261.05,1643.9,25.66,17.65
9/14/2015 1:20,42261.06,1644.3,25.66,17.65
9/14/2015 1:30,42261.06,1644.6,25.66,17.65
9/14/2015 1:40,42261.07,1644.6,25.66,17.65
9/14/2015 1:50,42261.08,1644.1,25.65,17.65
9/14/2015 2:00,42261.08,1643.4,25.66,17.65
9/14/2015 2:10,42261.09,1641.8,25.66,17.65
9/14/2015 2:20,42261.10,1639.6,25.66,17.65
9/14/2015 2:30,42261.10,1637.5,25.66,17.65
9/14/2015 2:40,42261.11,1634.9,25.66,17.65
9/14/2015 2:50,42261.12,1632.8,25.66,17.65
9/14/2015 3:00,42261.13,1630.5,25.65,17.65
9/14/2015 3:10,42261.13,1628.3,25.66,17.65
9/14/2015 3:20,42261.14,1626.5,25.66,17.65
9/14/2015 3:30,42261.15,1624.5,25.66,17.65
9/14/2015 3:40,42261.15,1622.7,25.66,17.65
9/14/2015 3:50,42261.16,1620.8,25.66,17.65
9/14/2015 4:00,42261.17,1618.9,25.65,17.65
9/14/2015 4:10,42261.17,1617,25.66,17.65
9/14/2015 4:20,42261.18,1615.3,25.65,17.65
9/14/2015 4:30,42261.19,1613.3,25.66,17.65
9/14/2015 4:40,42261.19,1611.1,25.66,17.65
9/14/2015 4:50,42261.20,1608.8,25.66,17.65
9/14/2015 5:00,42261.21,1606.6,25.66,17.65
9/14/2015 5:10,42261.22,1603.9,25.66,17.65
9/14/2015 5:20,42261.22,1600.6,25.66,17.65
9/14/2015 5:30,42261.23,1598.1,25.66,17.65
9/14/2015 5:40,42261.24,1595.3,25.66,17.65
9/14/2015 5:50,42261.24,1592.8,25.66,17.65
9/14/2015 6:00,42261.25,1590.4,25.66,17.65
9/14/2015 6:10,42261.26,1588.1,25.65,17.65
9/14/2015 6:20,42261.26,1586.6,25.66,17.65
9/14/2015 6:30,42261.27,1584.8,25.66,17.65
9/14/2015 6:40,42261.28,1583.3,25.65,17.65
9/14/2015 6:50,42261.28,1581.7,25.66,17.65
9/14/2015 7:00,42261.29,1580.7,25.66,17.65
9/14/2015 7:10,42261.30,1579.8,25.66,17.65
9/14/2015 7:20,42261.31,1579.1,25.66,17.65
9/14/2015 7:30,42261.31,1578.6,25.66,17.65
9/14/2015 7:40,42261.32,1578,25.65,17.65
9/14/2015 7:50,42261.33,1577.9,25.66,17.65
9/14/2015 8:00,42261.33,1578.2,25.65,17.65
9/14/2015 8:10,42261.34,1578.6,25.66,17.65
9/14/2015 8:20,42261.35,1579.8,25.66,17.65
9/14/2015 8:30,42261.35,1581.2,25.66,17.65
9/14/2015 8:40,42261.36,1583.1,25.65,17.65
9/14/2015 8:50,42261.37,1585.2,25.66,17.65
9/14/2015 9:00,42261.38,1587.8,25.65,17.65
9/14/2015 9:10,42261.38,1590.4,25.65,17.65
9/14/2015 9:20,42261.39,1593.5,25.66,17.65
9/14/2015 9:30,42261.40,1596.8,25.65,17.65
9/14/2015 9:40,42261.40,1600,25.65,17.65
9/14/2015 9:50,42261.41,1603.4,25.66,17.65
9/14/2015 10:00,42261.42,1606.6,25.66,17.65
9/14/2015 10:10,42261.42,1609.7,25.66,17.65
9/14/2015 10:20,42261.43,1612.6,25.65,17.65
9/14/2015 10:30,42261.44,1615.1,25.66,17.65
9/14/2015 10:40,42261.44,1617.8,25.66,17.65
9/14/2015 10:50,42261.45,1620.6,25.66,17.65
9/14/2015 11:00,42261.46,1623.3,25.66,17.65
9/14/2015 11:10,42261.47,1626.2,25.66,17.65
9/14/2015 11:20,42261.47,1628.6,25.66,17.65
9/14/2015 11:30,42261.48,1630.5,25.66,17.65
9/14/2015 11:40,42261.49,1631.6,25.66,17.65
9/14/2015 11:50,42261.49,1632.6,25.66,17.65
9/14/2015 12:00,42261.50,1633.8,25.66,17.65
9/14/2015 12:10,42261.51,1635,25.66,17.65
9/14/2015 12:20,42261.51,1637.1,25.66,17.65
9/14/2015 12:30,42261.52,1638.5,25.66,17.65
9/14/2015 12:40,42261.53,1639.9,25.66,17.65
9/14/2015 12:50,42261.53,1641.4,25.66,17.65
9/14/2015 13:00,42261.54,1642.3,25.66,17.65
9/14/2015 13:10,42261.55,1643.4,25.66,17.65
9/14/2015 13:20,42261.56,1644.3,25.66,17.65
9/14/2015 13:30,42261.56,1645.1,25.66,17.65
9/14/2015 13:40,42261.57,1645.1,25.66,17.65
9/14/2015 13:50,42261.58,1645.1,25.66,17.65
9/14/2015 14:00,42261.58,1645,25.66,17.65
9/14/2015 14:10,42261.59,1644.4,25.66,17.65
9/14/2015 14:20,42261.60,1643.1,25.66,17.65
9/14/2015 14:30,42261.60,1641,25.66,17.65
9/14/2015 14:40,42261.61,1639.1,25.66,17.65
9/14/2015 14:50,42261.62,1636.4,25.66,17.65
9/14/2015 15:00,42261.63,1633.8,25.66,17.65
9/14/2015 15:10,42261.63,1631.7,25.66,17.65
9/14/2015 15:20,42261.64,1629.3,25.66,17.65
9/14/2015 15:30,42261.65,1627.4,25.66,17.65
9/14/2015 15:40,42261.65,1625.5,25.66,17.65
9/14/2015 15:50,42261.66,1623.7,25.66,17.65
9/14/2015 16:00,42261.67,1621.9,25.66,17.65
9/14/2015 16:10,42261.67,1619.9,25.66,17.65
9/14/2015 16:20,42261.68,1618,25.66,17.65
9/14/2015 16:30,42261.69,1616.1,25.66,17.65
9/14/2015 16:40,42261.69,1614.3,25.66,17.65
9/14/2015 16:50,42261.70,1612.4,25.66,17.65
9/14/2015 17:00,42261.71,1610.5,25.66,17.65
9/14/2015 17:10,42261.72,1608,25.66,17.65
9/14/2015 17:20,42261.72,1605.3,25.66,17.65
9/14/2015 17:30,42261.73,1602.4,25.66,17.65
9/14/2015 17:40,42261.74,1599.8,25.66,17.65
9/14/2015 17:50,42261.74,1597.2,25.66,17.65
9/14/2015 18:00,42261.75,1594.6,25.66,17.65
9/14/2015 18:10,42261.76,1592.6,25.66,17.65
9/14/2015 18:20,42261.76,1590.4,25.66,17.65
9/14/2015 18:30,42261.77,1588.4,25.66,17.65
9/14/2015 18:40,42261.78,1586.4,25.66,17.65
9/14/2015 18:50,42261.78,1584.6,25.66,17.65
9/14/2015 19:00,42261.79,1583.3,25.66,17.65
9/14/2015 19:10,42261.80,1582.1,25.66,17.65
9/14/2015 19:20,42261.81,1581,25.66,17.65
9/14/2015 19:30,42261.81,1580.1,25.66,17.65
9/14/2015 19:40,42261.82,1579.4,25.66,17.65
9/14/2015 19:50,42261.83,1578.7,25.66,17.65
9/14/2015 20:00,42261.83,1578.6,25.66,17.65
9/14/2015 20:10,42261.84,1578.7,25.66,17.65
9/14/2015 20:20,42261.85,1579.4,25.66,17.65
9/14/2015 20:30,42261.85,1580.3,25.66,17.65
9/14/2015 20:40,42261.86,1581.9,25.66,17.65
9/14/2015 20:50,42261.87,1584.1,25.66,17.65
9/14/2015 21:00,42261.88,1586.2,25.66,17.65
9/14/2015 21:10,42261.88,1588.8,25.66,17.65
9/14/2015 21:20,42261.89,1591.5,25.66,17.65
9/14/2015 21:30,42261.90,1594.2,25.66,17.65
9/14/2015 21:40,42261.90,1597.7,25.66,17.65
9/14/2015 21:50,42261.91,1601,25.66,17.65
9/14/2015 22:00,42261.92,1604.1,25.66,17.65
9/14/2015 22:10,42261.92,1607.4,25.66,17.65
9/14/2015 22:20,42261.93,1610.1,25.66,17.65
9/14/2015 22:30,42261.94,1613,25.66,17.65
9/14/2015 22:40,42261.94,1615.8,25.66,17.65
9/14/2015 22:50,42261.95,1618.5,25.66,17.65
9/14/2015 23:00,42261.96,1621.6,25.66,17.65
9/14/2015 23:10,42261.97,1624,25.66,17.65
9/14/2015 23:20,42261.97,1626.7,25.66,17.65
9/14/2015 23:30,42261.98,1629.1,25.66,17.65
9/14/2015 23:40,42261.99,1631.3,25.66,17.65
9/14/2015 23:50,42261.99,1632.7,25.66,17.65
9/15/2015 0:00,42262.00,1634.1,25.66,17.65
9/15/2015 0:10,42262.01,1635.3,25.66,17.65
9/15/2015 0:20,42262.01,1637,25.66,17.65
9/15/2015 0:30,42262.02,1638.9,25.66,17.65
9/15/2015 0:40,42262.03,1641,25.66,17.65
9/15/2015 0:50,42262.03,1642.5,25.66,17.65
9/15/2015 1:00,42262.04,1644,25.66,17.65
9/15/2015 1:10,42262.05,1645.3,25.66,17.65
9/15/2015 1:20,42262.06,1646.8,25.66,17.65
9/15/2015 1:30,42262.06,1647.6,25.66,17.65
9/15/2015 1:40,42262.07,1648.2,25.66,17.65
9/15/2015 1:50,42262.08,1649,25.66,17.65
9/15/2015 2:00,42262.08,1649,25.66,17.65
9/15/2015 2:10,42262.09,1648.9,25.66,17.65
9/15/2015 2:20,42262.10,1648.5,25.66,17.65
9/15/2015 2:30,42262.10,1647.6,25.66,17.65
9/15/2015 2:40,42262.11,1646.6,25.66,17.65
9/15/2015 2:50,42262.12,1644.7,25.66,17.65
9/15/2015 3:00,42262.13,1642.3,25.66,17.65
9/15/2015 3:10,42262.13,1639.6,25.66,17.65
9/15/2015 3:20,42262.14,1636.6,25.66,17.65
9/15/2015 3:30,42262.15,1634.1,25.66,17.65
9/15/2015 3:40,42262.15,1631.7,25.66,17.65
9/15/2015 3:50,42262.16,1629.6,25.66,17.65
9/15/2015 4:00,42262.17,1627,25.66,17.65
9/15/2015 4:10,42262.17,1625.6,25.66,17.65
9/15/2015 4:20,42262.18,1624,25.66,17.65
9/15/2015 4:30,42262.19,1622.3,25.66,17.65
9/15/2015 4:40,42262.19,1620.6,25.66,17.65
9/15/2015 4:50,42262.20,1619,25.66,17.65
9/15/2015 5:00,42262.21,1617.1,25.66,17.65
9/15/2015 5:10,42262.22,1615.1,25.66,17.65
9/15/2015 5:20,42262.22,1613,25.66,17.65
9/15/2015 5:30,42262.23,1610.4,25.66,17.65
9/15/2015 5:40,42262.24,1607.6,25.66,17.65
9/15/2015 5:50,42262.24,1605.2,25.66,17.65
9/15/2015 6:00,42262.25,1602.2,25.66,17.65
9/15/2015 6:10,42262.26,1599.5,25.66,17.65
9/15/2015 6:20,42262.26,1596.8,25.66,17.65
9/15/2015 6:30,42262.27,1594.9,25.66,17.65
9/15/2015 6:40,42262.28,1592.6,25.66,17.65
9/15/2015 6:50,42262.28,1590.4,25.66,17.65
9/15/2015 7:00,42262.29,1588.5,25.66,17.65
9/15/2015 7:10,42262.30,1587.2,25.66,17.65
9/15/2015 7:20,42262.31,1585.9,25.66,17.65
9/15/2015 7:30,42262.31,1584.6,25.66,17.65
9/15/2015 7:40,42262.32,1583.1,25.66,17.65
9/15/2015 7:50,42262.33,1582.4,25.66,17.65
9/15/2015 8:00,42262.33,1581.9,25.66,17.65
9/15/2015 8:10,42262.34,1581.9,25.66,17.65
9/15/2015 8:20,42262.35,1581.8,25.66,17.65
9/15/2015 8:30,42262.35,1582,25.66,17.65
9/15/2015 8:40,42262.36,1582.5,25.66,17.65
9/15/2015 8:50,42262.37,1583.6,25.66,17.65
9/15/2015 9:00,42262.38,1585.3,25.66,17.65
9/15/2015 9:10,42262.38,1587.3,25.66,17.65
9/15/2015 9:20,42262.39,1589.5,25.66,17.65
9/15/2015 9:30,42262.40,1592.1,25.66,17.65
9/15/2015 9:40,42262.40,1595,25.66,17.65
9/15/2015 9:50,42262.41,1597.9,25.66,17.65
9/15/2015 10:00,42262.42,1601.3,25.66,17.65
9/15/2015 10:10,42262.42,1604.6,25.66,17.65
9/15/2015 10:20,42262.43,1608,25.66,17.65
9/15/2015 10:30,42262.44,1611.4,25.66,17.65
9/15/2015 10:40,42262.44,1614.3,25.66,17.65
9/15/2015 10:50,42262.45,1617.1,25.66,17.65
9/15/2015 11:00,42262.46,1619.7,25.66,17.65
9/15/2015 11:10,42262.47,1622.4,25.66,17.65
9/15/2015 11:20,42262.47,1625.1,25.66,17.65
9/15/2015 11:30,42262.48,1627.3,25.66,17.65
9/15/2015 11:40,42262.49,1629.9,25.66,17.65
9/15/2015 11:50,42262.49,1632.5,25.66,17.65
9/15/2015 12:00,42262.50,1634.5,25.66,17.65
9/15/2015 12:10,42262.51,1635.7,25.66,17.65
9/15/2015 12:20,42262.51,1636.7,25.66,17.65
9/15/2015 12:30,42262.52,1638,25.66,17.65
9/15/2015 12:40,42262.53,1639.6,25.66,17.65
9/15/2015 12:50,42262.53,1641.6,25.66,17.65
9/15/2015 13:00,42262.54,1643.5,25.66,17.65
9/15/2015 13:10,42262.55,1645,25.66,17.65
9/15/2015 13:20,42262.56,1646.1,25.66,17.65
9/15/2015 13:30,42262.56,1647.3,25.66,17.65
9/15/2015 13:40,42262.57,1648.5,25.66,17.65
9/15/2015 13:50,42262.58,1649.2,25.66,17.65
9/15/2015 14:00,42262.58,1649.7,25.66,17.65
9/15/2015 14:10,42262.59,1649.9,25.66,17.65
9/15/2015 14:20,42262.60,1649.9,25.66,17.65
9/15/2015 14:30,42262.60,1649.9,25.66,17.65
9/15/2015 14:40,42262.61,1649.2,25.66,17.65
9/15/2015 14:50,42262.62,1647.8,25.66,17.65
9/15/2015 15:00,42262.63,1645.5,25.66,17.65
9/15/2015 15:10,42262.63,1643.1,25.66,17.65
9/15/2015 15:20,42262.64,1640.3,25.66,17.65
9/15/2015 15:30,42262.65,1637.7,25.66,17.65
9/15/2015 15:40,42262.65,1635.2,25.66,17.65
9/15/2015 15:50,42262.66,1632.3,25.66,17.65
9/15/2015 16:00,42262.67,1629.6,25.66,17.65
9/15/2015 16:10,42262.67,1627.5,25.66,17.65
9/15/2015 16:20,42262.68,1625.8,25.66,17.65
9/15/2015 16:30,42262.69,1623.8,25.66,17.65
9/15/2015 16:40,42262.69,1622,25.66,17.65
9/15/2015 16:50,42262.70,1620.4,25.66,17.65
9/15/2015 17:00,42262.71,1618.6,25.66,17.65
9/15/2015 17:10,42262.72,1616.7,25.66,17.65
9/15/2015 17:20,42262.72,1614.7,25.66,17.65
9/15/2015 17:30,42262.73,1612.9,25.66,17.65
9/15/2015 17:40,42262.74,1610.5,25.66,17.65
9/15/2015 17:50,42262.74,1607.9,25.66,17.65
9/15/2015 18:00,42262.75,1605.3,25.66,17.65
9/15/2015 18:10,42262.76,1602.8,25.66,17.65
9/15/2015 18:20,42262.76,1600,25.66,17.65
9/15/2015 18:30,42262.77,1597.4,25.66,17.65
9/15/2015 18:40,42262.78,1595.1,25.66,17.65
9/15/2015 18:50,42262.78,1592.9,25.66,17.65
9/15/2015 19:00,42262.79,1590.6,25.66,17.65
9/15/2015 19:10,42262.80,1588.8,25.66,17.65
9/15/2015 19:20,42262.81,1587.2,25.66,17.65
9/15/2015 19:30,42262.81,1585.2,25.66,17.65
9/15/2015 19:40,42262.82,1583.9,25.66,17.65
9/15/2015 19:50,42262.83,1582.6,25.66,17.65
9/15/2015 20:00,42262.83,1581.5,25.66,17.65
9/15/2015 20:10,42262.84,1580.8,25.66,17.65
9/15/2015 20:20,42262.85,1580.3,25.66,17.65
9/15/2015 20:30,42262.85,1580.1,25.66,17.65
9/15/2015 20:40,42262.86,1579.8,25.66,17.65
9/15/2015 20:50,42262.87,1580.5,25.66,17.65
9/15/2015 21:00,42262.88,1581.4,25.66,17.65
9/15/2015 21:10,42262.88,1583,25.66,17.65
9/15/2015 21:20,42262.89,1584.6,25.66,17.65
9/15/2015 21:30,42262.90,1586.9,25.66,17.65
9/15/2015 21:40,42262.90,1589.5,25.66,17.65
9/15/2015 21:50,42262.91,1592.3,25.66,17.65
9/15/2015 22:00,42262.92,1595.3,25.66,17.65
9/15/2015 22:10,42262.92,1598.2,25.66,17.65
9/15/2015 22:20,42262.93,1601.5,25.66,17.65
9/15/2015 22:30,42262.94,1605.2,25.66,17.65
9/15/2015 22:40,42262.94,1608.6,25.66,17.65
9/15/2015 22:50,42262.95,1611.8,25.66,17.65
9/15/2015 23:00,42262.96,1614.6,25.66,17.65
9/15/2015 23:10,42262.97,1617.1,25.66,17.65
9/15/2015 23:20,42262.97,1619.9,25.66,17.65
9/15/2015 23:30,42262.98,1622.8,25.66,17.65
9/15/2015 23:40,42262.99,1625.6,25.66,17.65
9/15/2015 23:50,42262.99,1628.1,25.66,17.65
9/16/2015 0:00,42263.00,1630.4,25.66,17.65
9/16/2015 0:10,42263.01,1632.4,25.66,17.65
9/16/2015 0:20,42263.01,1634.1,25.66,17.65
9/16/2015 0:30,42263.02,1635.5,25.66,17.65
9/16/2015 0:40,42263.03,1636.8,25.66,17.65
9/16/2015 0:50,42263.03,1638.8,25.66,17.65
9/16/2015 1:00,42263.04,1640.5,25.66,17.65
9/16/2015 1:10,42263.05,1642.5,25.66,17.65
9/16/2015 1:20,42263.06,1644.2,25.66,17.65
9/16/2015 1:30,42263.06,1645.7,25.66,17.65
9/16/2015 1:40,42263.07,1647.4,25.66,17.65
9/16/2015 1:50,42263.08,1648.2,25.66,17.65
9/16/2015 2:00,42263.08,1649.2,25.66,17.65
9/16/2015 2:10,42263.09,1649.7,25.66,17.65
9/16/2015 2:20,42263.10,1650.4,25.66,17.65
9/16/2015 2:30,42263.10,1650.6,25.66,17.65
9/16/2015 2:40,42263.11,1650.6,25.66,17.65
9/16/2015 2:50,42263.12,1650.1,25.66,17.65
9/16/2015 3:00,42263.13,1649.4,25.66,17.65
9/16/2015 3:10,42263.13,1647.9,25.66,17.65
9/16/2015 3:20,42263.14,1645.4,25.66,17.65
9/16/2015 3:30,42263.15,1642.7,25.66,17.65
9/16/2015 3:40,42263.15,1639.8,25.66,17.65
9/16/2015 3:50,42263.16,1637,25.66,17.65
9/16/2015 4:00,42263.17,1634.3,25.66,17.65
9/16/2015 4:10,42263.17,1631.6,25.66,17.65
9/16/2015 4:20,42263.18,1629.6,25.66,17.65
9/16/2015 4:30,42263.19,1627.5,25.66,17.65
9/16/2015 4:40,42263.19,1625.6,25.66,17.65
9/16/2015 4:50,42263.20,1623.6,25.66,17.65
9/16/2015 5:00,42263.21,1621.9,25.66,17.65
9/16/2015 5:10,42263.22,1620.4,25.66,17.65
9/16/2015 5:20,42263.22,1618.5,25.66,17.65
9/16/2015 5:30,42263.23,1616.4,25.66,17.65
9/16/2015 5:40,42263.24,1614.6,25.66,17.65
9/16/2015 5:50,42263.24,1612.3,25.66,17.65
9/16/2015 6:00,42263.25,1610.1,25.66,17.65
9/16/2015 6:10,42263.26,1607.2,25.66,17.65
9/16/2015 6:20,42263.26,1604.4,25.66,17.65
9/16/2015 6:30,42263.27,1601.5,25.66,17.65
9/16/2015 6:40,42263.28,1599.1,25.66,17.65
9/16/2015 6:50,42263.28,1596.3,25.66,17.65
9/16/2015 7:00,42263.29,1594.1,25.66,17.65
9/16/2015 7:10,42263.30,1591.8,25.66,17.65
9/16/2015 7:20,42263.31,1589.5,25.66,17.65
9/16/2015 7:30,42263.31,1587.6,25.66,17.65
9/16/2015 7:40,42263.32,1586.4,25.66,17.65
9/16/2015 7:50,42263.33,1584.8,25.66,17.65
9/16/2015 8:00,42263.33,1583.4,25.66,17.65
9/16/2015 8:10,42263.34,1582.4,25.66,17.65
9/16/2015 8:20,42263.35,1581.5,25.65,17.65
9/16/2015 8:30,42263.35,1581,25.65,17.65
9/16/2015 8:40,42263.36,1580.7,25.66,17.65
9/16/2015 8:50,42263.37,1581,25.65,17.65
9/16/2015 9:00,42263.38,1580.8,25.65,17.65
9/16/2015 9:10,42263.38,1582.1,25.66,17.65
9/16/2015 9:20,42263.39,1583.4,25.65,17.65
9/16/2015 9:30,42263.40,1584.8,25.66,17.65
9/16/2015 9:40,42263.40,1587.1,25.66,17.65
9/16/2015 9:50,42263.41,1589.7,25.66,17.65
9/16/2015 10:00,42263.42,1592.5,25.66,17.65
9/16/2015 10:10,42263.42,1595.1,25.66,17.65
9/16/2015 10:20,42263.43,1598.4,25.66,17.65
9/16/2015 10:30,42263.44,1602.2,25.66,17.65
9/16/2015 10:40,42263.44,1605.9,25.66,17.65
9/16/2015 10:50,42263.45,1609.5,25.66,17.65
9/16/2015 11:00,42263.46,1612.6,25.66,17.65
9/16/2015 11:10,42263.47,1615.4,25.66,17.65
9/16/2015 11:20,42263.47,1617.7,25.66,17.65
9/16/2015 11:30,42263.48,1620.1,25.66,17.65
9/16/2015 11:40,42263.49,1622.9,25.66,17.65
9/16/2015 11:50,42263.49,1625.1,25.66,17.65
9/16/2015 12:00,42263.50,1627.6,25.66,17.65
9/16/2015 12:10,42263.51,1629.7,25.66,17.65
9/16/2015 12:20,42263.51,1631.8,25.66,17.65
9/16/2015 12:30,42263.52,1633.5,25.66,17.65
9/16/2015 12:40,42263.53,1634.7,25.66,17.65
9/16/2015 12:50,42263.53,1636.1,25.66,17.65
9/16/2015 13:00,42263.54,1637.3,25.66,17.65
9/16/2015 13:10,42263.55,1638.7,25.66,17.65
9/16/2015 13:20,42263.56,1640.5,25.66,17.65
9/16/2015 13:30,42263.56,1642.2,25.66,17.65
9/16/2015 13:40,42263.57,1643.6,25.66,17.65
9/16/2015 13:50,42263.58,1644.7,25.66,17.65
9/16/2015 14:00,42263.58,1645.7,25.66,17.65
9/16/2015 14:10,42263.59,1646.5,25.66,17.65
9/16/2015 14:20,42263.60,1647.2,25.66,17.65
9/16/2015 14:30,42263.60,1647.4,25.66,17.65
9/16/2015 14:40,42263.61,1647.4,25.66,17.65
9/16/2015 14:50,42263.62,1646.9,25.66,17.65
9/16/2015 15:00,42263.63,1645.8,25.66,17.65
9/16/2015 15:10,42263.63,1644.6,25.66,17.65
9/16/2015 15:20,42263.64,1642.5,25.66,17.65
9/16/2015 15:30,42263.65,1639.9,25.66,17.65
9/16/2015 15:40,42263.65,1637.3,25.66,17.65
9/16/2015 15:50,42263.66,1634.7,25.66,17.65
9/16/2015 16:00,42263.67,1632.8,25.66,17.65
9/16/2015 16:10,42263.67,1630.4,25.66,17.65
9/16/2015 16:20,42263.68,1628.2,25.66,17.65
9/16/2015 16:30,42263.69,1626.2,25.66,17.65
9/16/2015 16:40,42263.69,1624.1,25.66,17.65
9/16/2015 16:50,42263.70,1622,25.66,17.65
9/16/2015 17:00,42263.71,1620.1,25.66,17.65
9/16/2015 17:10,42263.72,1618,25.66,17.65
9/16/2015 17:20,42263.72,1616.1,25.66,17.65
9/16/2015 17:30,42263.73,1614,25.66,17.65
9/16/2015 17:40,42263.74,1611.9,25.66,17.65
9/16/2015 17:50,42263.74,1609.1,25.65,17.65
9/16/2015 18:00,42263.75,1606.7,25.66,17.65
9/16/2015 18:10,42263.76,1603.4,25.66,17.65
9/16/2015 18:20,42263.76,1600.3,25.66,17.65
9/16/2015 18:30,42263.77,1597.9,25.66,17.65
9/16/2015 18:40,42263.78,1595.1,25.66,17.65
9/16/2015 18:50,42263.78,1592.3,25.66,17.65
9/16/2015 19:00,42263.79,1590.1,25.65,17.65
9/16/2015 19:10,42263.80,1588,25.65,17.65
9/16/2015 19:20,42263.81,1586,25.66,17.65
9/16/2015 19:30,42263.81,1584.1,25.65,17.65
9/16/2015 19:40,42263.82,1582.6,25.66,17.65
9/16/2015 19:50,42263.83,1581.2,25.66,17.65
9/16/2015 20:00,42263.83,1580.1,25.66,17.65
9/16/2015 20:10,42263.84,1579.3,25.66,17.65
9/16/2015 20:20,42263.85,1578.4,25.66,17.65
9/16/2015 20:30,42263.85,1577.7,25.66,17.65
9/16/2015 20:40,42263.86,1577.2,25.66,17.65
9/16/2015 20:50,42263.87,1576.8,25.66,17.65
9/16/2015 21:00,42263.88,1576.6,25.66,17.65
9/16/2015 21:10,42263.88,1577.2,25.66,17.65
9/16/2015 21:20,42263.89,1577.9,25.65,17.65
9/16/2015 21:30,42263.90,1579.3,25.66,17.65
9/16/2015 21:40,42263.90,1581,25.65,17.65
9/16/2015 21:50,42263.91,1583.1,25.66,17.65
9/16/2015 22:00,42263.92,1585.7,25.66,17.65
9/16/2015 22:10,42263.92,1588.3,25.66,17.65
9/16/2015 22:20,42263.93,1590.9,25.66,17.65
9/16/2015 22:30,42263.94,1594,25.65,17.65
9/16/2015 22:40,42263.94,1597.4,25.66,17.65
9/16/2015 22:50,42263.95,1601.1,25.66,17.65
9/16/2015 23:00,42263.96,1604.3,25.66,17.65
9/16/2015 23:10,42263.97,1607.3,25.66,17.65
9/16/2015 23:20,42263.97,1610.5,25.66,17.65
9/16/2015 23:30,42263.98,1613.5,25.66,17.65
9/16/2015 23:40,42263.99,1616.4,25.66,17.65
9/16/2015 23:50,42263.99,1618.9,25.66,17.65
9/17/2015 0:00,42264.00,1622.4,25.66,17.65
9/17/2015 0:10,42264.01,1625.1,25.66,17.65
9/17/2015 0:20,42264.01,1627.9,25.66,17.65
9/17/2015 0:30,42264.02,1630.5,25.66,17.65
9/17/2015 0:40,42264.03,1632.5,25.66,17.65
9/17/2015 0:50,42264.03,1633.5,25.66,17.65
9/17/2015 1:00,42264.04,1634.7,25.66,17.65
9/17/2015 1:10,42264.05,1636.4,25.66,17.65
9/17/2015 1:20,42264.06,1638.4,25.66,17.65
9/17/2015 1:30,42264.06,1639.8,25.66,17.65
9/17/2015 1:40,42264.07,1641.5,25.66,17.65
9/17/2015 1:50,42264.08,1642.9,25.66,17.65
9/17/2015 2:00,42264.08,1644.3,25.66,17.65
9/17/2015 2:10,42264.09,1645.5,25.66,17.65
9/17/2015 2:20,42264.10,1646.5,25.66,17.65
9/17/2015 2:30,42264.10,1647.2,25.66,17.65
9/17/2015 2:40,42264.11,1647.6,25.66,17.65
9/17/2015 2:50,42264.12,1647.9,25.66,17.65
9/17/2015 3:00,42264.13,1647.9,25.66,17.65
9/17/2015 3:10,42264.13,1647.1,25.66,17.65
9/17/2015 3:20,42264.14,1645.8,25.66,17.65
9/17/2015 3:30,42264.15,1643.9,25.66,17.65
9/17/2015 3:40,42264.15,1641.6,25.66,17.65
9/17/2015 3:50,42264.16,1639.2,25.66,17.65
9/17/2015 4:00,42264.17,1636.8,25.66,17.65
9/17/2015 4:10,42264.17,1634.5,25.66,17.65
9/17/2015 4:20,42264.18,1632.1,25.66,17.65
9/17/2015 4:30,42264.19,1630,25.66,17.65
9/17/2015 4:40,42264.19,1628.1,25.66,17.65
9/17/2015 4:50,42264.20,1625.8,25.66,17.65
9/17/2015 5:00,42264.21,1624,25.66,17.65
9/17/2015 5:10,42264.22,1622,25.66,17.65
9/17/2015 5:20,42264.22,1620.1,25.66,17.65
9/17/2015 5:30,42264.23,1618.4,25.66,17.65
9/17/2015 5:40,42264.24,1615.8,25.66,17.65
9/17/2015 5:50,42264.24,1613.7,25.66,17.65
9/17/2015 6:00,42264.25,1611.4,25.66,17.65
9/17/2015 6:10,42264.26,1609,25.66,17.65
9/17/2015 6:20,42264.26,1606.2,25.66,17.65
9/17/2015 6:30,42264.27,1603.2,25.66,17.65
9/17/2015 6:40,42264.28,1600.4,25.66,17.65
9/17/2015 6:50,42264.28,1597.7,25.66,17.65
9/17/2015 7:00,42264.29,1595.1,25.65,17.65
9/17/2015 7:10,42264.30,1592.8,25.65,17.65
9/17/2015 7:20,42264.31,1590.8,25.66,17.65
9/17/2015 7:30,42264.31,1588.5,25.65,17.65
9/17/2015 7:40,42264.32,1587.1,25.66,17.65
9/17/2015 7:50,42264.33,1585.5,25.65,17.65
9/17/2015 8:00,42264.33,1583.9,25.65,17.65
9/17/2015 8:10,42264.34,1582.6,25.65,17.65
9/17/2015 8:20,42264.35,1581.4,25.65,17.65
9/17/2015 8:30,42264.35,1580.3,25.65,17.65
9/17/2015 8:40,42264.36,1579.6,25.65,17.65
9/17/2015 8:50,42264.37,1578.6,25.66,17.65
9/17/2015 9:00,42264.38,1578.4,25.66,17.65
9/17/2015 9:10,42264.38,1578,25.66,17.65
9/17/2015 9:20,42264.39,1578.2,25.65,17.65
9/17/2015 9:30,42264.40,1578.9,25.65,17.65
9/17/2015 9:40,42264.40,1580,25.66,17.65
9/17/2015 9:50,42264.41,1581.7,25.66,17.65
9/17/2015 10:00,42264.42,1583.8,25.66,17.65
9/17/2015 10:10,42264.42,1586,25.65,17.65
9/17/2015 10:20,42264.43,1588.3,25.66,17.65
9/17/2015 10:30,42264.44,1591.1,25.66,17.65
9/17/2015 10:40,42264.44,1593.9,25.65,17.65
9/17/2015 10:50,42264.45,1596.5,25.65,17.65
9/17/2015 11:00,42264.46,1599.8,25.66,17.65
9/17/2015 11:10,42264.47,1602.9,25.66,17.65
9/17/2015 11:20,42264.47,1605.9,25.66,17.65
9/17/2015 11:30,42264.48,1609,25.66,17.65
9/17/2015 11:40,42264.49,1611.8,25.66,17.65
9/17/2015 11:50,42264.49,1614.2,25.66,17.65
9/17/2015 12:00,42264.50,1616.8,25.66,17.65
9/17/2015 12:10,42264.51,1619.9,25.66,17.65
9/17/2015 12:20,42264.51,1622.7,25.66,17.65
9/17/2015 12:30,42264.52,1625.3,25.66,17.65
9/17/2015 12:40,42264.53,1627.6,25.66,17.65
9/17/2015 12:50,42264.53,1629.5,25.66,17.65
9/17/2015 13:00,42264.54,1630.7,25.66,17.65
9/17/2015 13:10,42264.55,1631.8,25.66,17.65
9/17/2015 13:20,42264.56,1633,25.66,17.65
9/17/2015 13:30,42264.56,1634,25.66,17.65
9/17/2015 13:40,42264.57,1635.2,25.66,17.65
9/17/2015 13:50,42264.58,1635.7,25.66,17.65
9/17/2015 14:00,42264.58,1637.3,25.66,17.65
9/17/2015 14:10,42264.59,1638.4,25.66,17.65
9/17/2015 14:20,42264.60,1639.1,25.66,17.65
9/17/2015 14:30,42264.60,1640.3,25.66,17.65
9/17/2015 14:40,42264.61,1640.6,25.66,17.65
9/17/2015 14:50,42264.62,1640.6,25.66,17.65
9/17/2015 15:00,42264.63,1640.5,25.66,17.65
9/17/2015 15:10,42264.63,1640.1,25.66,17.65
9/17/2015 15:20,42264.64,1639.1,25.66,17.65
9/17/2015 15:30,42264.65,1638,25.66,17.65
9/17/2015 15:40,42264.65,1636.4,25.66,17.65
9/17/2015 15:50,42264.66,1634.7,25.66,17.65
9/17/2015 16:00,42264.67,1632.8,25.66,17.65
9/17/2015 16:10,42264.67,1631.2,25.66,17.65
9/17/2015 16:20,42264.68,1629.7,25.66,17.65
9/17/2015 16:30,42264.69,1627.6,25.66,17.65
9/17/2015 16:40,42264.69,1625.3,25.66,17.65
9/17/2015 16:50,42264.70,1623.3,25.66,17.65
9/17/2015 17:00,42264.71,1621.2,25.66,17.65
9/17/2015 17:10,42264.72,1618.9,25.66,17.65
9/17/2015 17:20,42264.72,1617.1,25.65,17.65
9/17/2015 17:30,42264.73,1614.7,25.66,17.65
9/17/2015 17:40,42264.74,1612.1,25.66,17.65
9/17/2015 17:50,42264.74,1610,25.66,17.65
9/17/2015 18:00,42264.75,1607.1,25.66,17.65
9/17/2015 18:10,42264.76,1604.3,25.66,17.65
9/17/2015 18:20,42264.76,1601,25.66,17.65
9/17/2015 18:30,42264.77,1598.4,25.65,17.65
9/17/2015 18:40,42264.78,1595.4,25.66,17.65
9/17/2015 18:50,42264.78,1593.2,25.66,17.65
9/17/2015 19:00,42264.79,1590.8,25.66,17.65
9/17/2015 19:10,42264.80,1588.8,25.65,17.65
9/17/2015 19:20,42264.81,1586.9,25.66,17.65
9/17/2015 19:30,42264.81,1585.9,25.65,17.65
9/17/2015 19:40,42264.82,1583.9,25.66,17.65
9/17/2015 19:50,42264.83,1582.6,25.66,17.65
9/17/2015 20:00,42264.83,1581,25.65,17.65
9/17/2015 20:10,42264.84,1580.1,25.65,17.65
9/17/2015 20:20,42264.85,1579.3,25.65,17.65
9/17/2015 20:30,42264.85,1578.2,25.66,17.65
9/17/2015 20:40,42264.86,1577.3,25.66,17.65
9/17/2015 20:50,42264.87,1577,25.65,17.65
9/17/2015 21:00,42264.88,1576.1,25.65,17.65
9/17/2015 21:10,42264.88,1575.9,25.66,17.65
9/17/2015 21:20,42264.89,1575.9,25.66,17.65
9/17/2015 21:30,42264.90,1576.5,25.65,17.65
9/17/2015 21:40,42264.90,1577.3,25.66,17.65
9/17/2015 21:50,42264.91,1578,25.66,17.65
9/17/2015 22:00,42264.92,1579.6,25.66,17.65
9/17/2015 22:10,42264.92,1581.4,25.66,17.65
9/17/2015 22:20,42264.93,1583.8,25.65,17.65
9/17/2015 22:30,42264.94,1586.4,25.66,17.65
9/17/2015 22:40,42264.94,1588.8,25.66,17.65
9/17/2015 22:50,42264.95,1591.6,25.66,17.65
9/17/2015 23:00,42264.96,1594.4,25.66,17.65
9/17/2015 23:10,42264.97,1597.4,25.66,17.65
9/17/2015 23:20,42264.97,1600.4,25.66,17.65
9/17/2015 23:30,42264.98,1603.2,25.65,17.65
9/17/2015 23:40,42264.99,1606.2,25.66,17.65
9/17/2015 23:50,42264.99,1609,25.66,17.65
9/18/2015 0:00,42265.00,1611.7,25.66,17.65
9/18/2015 0:10,42265.01,1614.7,25.66,17.65
9/18/2015 0:20,42265.01,1617.7,25.66,17.65
9/18/2015 0:30,42265.02,1620.5,25.66,17.65
9/18/2015 0:40,42265.03,1623.4,25.66,17.65
9/18/2015 0:50,42265.03,1625.9,25.66,17.65
9/18/2015 1:00,42265.04,1628.1,25.66,17.65
9/18/2015 1:10,42265.05,1629.3,25.66,17.65
9/18/2015 1:20,42265.06,1630.8,25.66,17.65
9/18/2015 1:30,42265.06,1631.9,25.66,17.65
9/18/2015 1:40,42265.07,1633.3,25.66,17.65
9/18/2015 1:50,42265.08,1634.9,25.66,17.65
9/18/2015 2:00,42265.08,1635.9,25.66,17.65
9/18/2015 2:10,42265.09,1636.8,25.66,17.65
9/18/2015 2:20,42265.10,1638,25.66,17.65
9/18/2015 2:30,42265.10,1639.1,25.66,17.65
9/18/2015 2:40,42265.11,1639.9,25.66,17.65
9/18/2015 2:50,42265.12,1641,25.66,17.65
9/18/2015 3:00,42265.13,1641.3,25.66,17.65
9/18/2015 3:10,42265.13,1641.6,25.66,17.65
9/18/2015 3:20,42265.14,1641.6,25.66,17.65
9/18/2015 3:30,42265.15,1641.6,25.66,17.65
9/18/2015 3:40,42265.15,1640.7,25.66,17.65
9/18/2015 3:50,42265.16,1639.2,25.66,17.65
9/18/2015 4:00,42265.17,1637.8,25.66,17.65
9/18/2015 4:10,42265.17,1636.1,25.66,17.65
9/18/2015 4:20,42265.18,1634.2,25.66,17.65
9/18/2015 4:30,42265.19,1632.5,25.66,17.65
9/18/2015 4:40,42265.19,1630.7,25.66,17.65
9/18/2015 4:50,42265.20,1629,25.66,17.65
9/18/2015 5:00,42265.21,1627,25.66,17.65
9/18/2015 5:10,42265.22,1625.1,25.66,17.65
9/18/2015 5:20,42265.22,1623.3,25.66,17.65
9/18/2015 5:30,42265.23,1621,25.66,17.65
9/18/2015 5:40,42265.24,1619.2,25.66,17.65
9/18/2015 5:50,42265.24,1617.3,25.66,17.65
9/18/2015 6:00,42265.25,1614.9,25.66,17.65
9/18/2015 6:10,42265.26,1612.6,25.66,17.65
9/18/2015 6:20,42265.26,1610.2,25.66,17.65
9/18/2015 6:30,42265.27,1607.1,25.66,17.65
9/18/2015 6:40,42265.28,1604.3,25.66,17.65
9/18/2015 6:50,42265.28,1601.3,25.66,17.65
9/18/2015 7:00,42265.29,1598.4,25.66,17.65
9/18/2015 7:10,42265.30,1595.8,25.65,17.65
9/18/2015 7:20,42265.31,1593.5,25.65,17.65
9/18/2015 7:30,42265.31,1591.5,25.66,17.65
9/18/2015 7:40,42265.32,1589.4,25.66,17.65
9/18/2015 7:50,42265.33,1587.1,25.66,17.65
9/18/2015 8:00,42265.33,1585.5,25.66,17.65
9/18/2015 8:10,42265.34,1584.5,25.66,17.65
9/18/2015 8:20,42265.35,1583.4,25.65,17.65
9/18/2015 8:30,42265.35,1582.1,25.66,17.65
9/18/2015 8:40,42265.36,1581.2,25.65,17.65
9/18/2015 8:50,42265.37,1580.1,25.66,17.65
9/18/2015 9:00,42265.38,1579.3,25.66,17.65
9/18/2015 9:10,42265.38,1578.6,25.66,17.65
9/18/2015 9:20,42265.39,1577.9,25.66,17.65
9/18/2015 9:30,42265.40,1577.3,25.65,17.65
9/18/2015 9:40,42265.40,1577.2,25.65,17.65
9/18/2015 9:50,42265.41,1577.2,25.66,17.65
9/18/2015 10:00,42265.42,1577.5,25.66,17.65
9/18/2015 10:10,42265.42,1578.6,25.65,17.65
9/18/2015 10:20,42265.43,1579.8,25.66,17.65
9/18/2015 10:30,42265.44,1581.9,25.66,17.65
9/18/2015 10:40,42265.44,1583.9,25.66,17.65
9/18/2015 10:50,42265.45,1586.2,25.66,17.65
9/18/2015 11:00,42265.46,1588.8,25.66,17.65
9/18/2015 11:10,42265.47,1591.6,25.65,17.65
9/18/2015 11:20,42265.47,1594.6,25.66,17.65
9/18/2015 11:30,42265.48,1597.5,25.66,17.65
9/18/2015 11:40,42265.49,1600.1,25.66,17.65
9/18/2015 11:50,42265.49,1602.9,25.66,17.65
9/18/2015 12:00,42265.50,1605.7,25.66,17.65
9/18/2015 12:10,42265.51,1608.6,25.66,17.65
9/18/2015 12:20,42265.51,1610.5,25.66,17.65
9/18/2015 12:30,42265.52,1613.2,25.66,17.65
9/18/2015 12:40,42265.53,1615.7,25.66,17.65
9/18/2015 12:50,42265.53,1618.9,25.66,17.65
9/18/2015 13:00,42265.54,1621.3,25.66,17.65
9/18/2015 13:10,42265.55,1623.8,25.66,17.65
9/18/2015 13:20,42265.56,1625.3,25.66,17.65
9/18/2015 13:30,42265.56,1627.2,25.66,17.65
9/18/2015 13:40,42265.57,1628.3,25.66,17.65
9/18/2015 13:50,42265.58,1629.5,25.66,17.65
9/18/2015 14:00,42265.58,1630.5,25.66,17.65
9/18/2015 14:10,42265.59,1631,25.66,17.65
9/18/2015 14:20,42265.60,1631.8,25.66,17.65
9/18/2015 14:30,42265.60,1632.8,25.66,17.65
9/18/2015 14:40,42265.61,1633.8,25.66,17.65
9/18/2015 14:50,42265.62,1634.2,25.66,17.65
9/18/2015 15:00,42265.63,1635,25.66,17.65
9/18/2015 15:10,42265.63,1635.6,25.66,17.65
9/18/2015 15:20,42265.64,1635.7,25.66,17.65
9/18/2015 15:30,42265.65,1635.4,25.66,17.65
9/18/2015 15:40,42265.65,1634.5,25.66,17.65
9/18/2015 15:50,42265.66,1633.8,25.66,17.65
9/18/2015 16:00,42265.67,1633.2,25.66,17.65
9/18/2015 16:10,42265.67,1632.6,25.66,17.65
9/18/2015 16:20,42265.68,1631.8,25.66,17.65
9/18/2015 16:30,42265.69,1630.2,25.66,17.65
9/18/2015 16:40,42265.69,1629.1,25.66,17.65
9/18/2015 16:50,42265.70,1627.4,25.66,17.65
9/18/2015 17:00,42265.71,1625,25.66,17.65
9/18/2015 17:10,42265.72,1622.9,25.66,17.65
9/18/2015 17:20,42265.72,1620.8,25.66,17.65
9/18/2015 17:30,42265.73,1618.5,25.66,17.65
9/18/2015 17:40,42265.74,1616.3,25.66,17.65
9/18/2015 17:50,42265.74,1614,25.66,17.65
9/18/2015 18:00,42265.75,1611.8,25.66,17.65
9/18/2015 18:10,42265.76,1609.5,25.66,17.65
9/18/2015 18:20,42265.76,1606.7,25.65,17.65
9/18/2015 18:30,42265.77,1604.1,25.66,17.65
9/18/2015 18:40,42265.78,1601.3,25.66,17.65
9/18/2015 18:50,42265.78,1598.4,25.66,17.65
9/18/2015 19:00,42265.79,1595.8,25.66,17.65
9/18/2015 19:10,42265.80,1593.7,25.66,17.65
9/18/2015 19:20,42265.81,1591.5,25.66,17.65
9/18/2015 19:30,42265.81,1589.7,25.66,17.65
9/18/2015 19:40,42265.82,1588,25.66,17.65
9/18/2015 19:50,42265.83,1586.2,25.66,17.65
9/18/2015 20:00,42265.83,1584.1,25.66,17.65
9/18/2015 20:10,42265.84,1582.8,25.66,17.65
9/18/2015 20:20,42265.85,1581.5,25.65,17.65
9/18/2015 20:30,42265.85,1580.1,25.66,17.65
9/18/2015 20:40,42265.86,1578.9,25.66,17.65
9/18/2015 20:50,42265.87,1578,25.66,17.65
9/18/2015 21:00,42265.88,1577.2,25.66,17.65
9/18/2015 21:10,42265.88,1576.5,25.66,17.65
9/18/2015 21:20,42265.89,1575.9,25.65,17.65
9/18/2015 21:30,42265.90,1575.8,25.65,17.65
9/18/2015 21:40,42265.90,1575.6,25.66,17.65
9/18/2015 21:50,42265.91,1575.9,25.65,17.65
9/18/2015 22:00,42265.92,1576.3,25.66,17.65
9/18/2015 22:10,42265.92,1577,25.66,17.65
9/18/2015 22:20,42265.93,1578,25.66,17.65
9/18/2015 22:30,42265.94,1579.4,25.66,17.65
9/18/2015 22:40,42265.94,1581.4,25.66,17.65
9/18/2015 22:50,42265.95,1583.3,25.66,17.65
9/18/2015 23:00,42265.96,1585.9,25.65,17.65
9/18/2015 23:10,42265.97,1588,25.66,17.65
9/18/2015 23:20,42265.97,1590.4,25.66,17.65
9/18/2015 23:30,42265.98,1593.5,25.65,17.65
9/18/2015 23:40,42265.99,1596.1,25.66,17.65
9/18/2015 23:50,42265.99,1598.8,25.66,17.65
9/19/2015 0:00,42266.00,1601.3,25.66,17.65
9/19/2015 0:10,42266.01,1603.8,25.66,17.65
9/19/2015 0:20,42266.01,1606,25.66,17.65
9/19/2015 0:30,42266.02,1608.6,25.66,17.65
9/19/2015 0:40,42266.03,1611.1,25.65,17.65
9/19/2015 0:50,42266.03,1613.7,25.66,17.65
9/19/2015 1:00,42266.04,1616.5,25.66,17.65
9/19/2015 1:10,42266.05,1619.2,25.66,17.65
9/19/2015 1:20,42266.06,1621.7,25.66,17.65
9/19/2015 1:30,42266.06,1623.8,25.66,17.65
9/19/2015 1:40,42266.07,1625.5,25.66,17.65
9/19/2015 1:50,42266.08,1626.9,25.66,17.65
9/19/2015 2:00,42266.08,1628.1,25.66,17.65
9/19/2015 2:10,42266.09,1629.1,25.66,17.65
9/19/2015 2:20,42266.10,1629.9,25.66,17.65
9/19/2015 2:30,42266.10,1631.1,25.66,17.65
9/19/2015 2:40,42266.11,1631.6,25.66,17.65
9/19/2015 2:50,42266.12,1632.3,25.66,17.65
9/19/2015 3:00,42266.13,1632.6,25.66,17.65
9/19/2015 3:10,42266.13,1633.5,25.66,17.65
9/19/2015 3:20,42266.14,1633.5,25.66,17.65
9/19/2015 3:30,42266.15,1633.9,25.66,17.65
9/19/2015 3:40,42266.15,1634.1,25.66,17.65
9/19/2015 3:50,42266.16,1633.9,25.66,17.65
9/19/2015 4:00,42266.17,1633.8,25.66,17.65
9/19/2015 4:10,42266.17,1633.5,25.66,17.65
9/19/2015 4:20,42266.18,1632.8,25.66,17.65
9/19/2015 4:30,42266.19,1632.3,25.66,17.65
9/19/2015 4:40,42266.19,1631.1,25.66,17.65
9/19/2015 4:50,42266.20,1630.1,25.66,17.65
9/19/2015 5:00,42266.21,1628.8,25.66,17.65
9/19/2015 5:10,42266.22,1626.9,25.66,17.65
9/19/2015 5:20,42266.22,1625,25.66,17.65
9/19/2015 5:30,42266.23,1623.3,25.66,17.65
9/19/2015 5:40,42266.24,1621.3,25.66,17.65
9/19/2015 5:50,42266.24,1619.4,25.66,17.65
9/19/2015 6:00,42266.25,1617.5,25.66,17.65
9/19/2015 6:10,42266.26,1615.3,25.66,17.65
9/19/2015 6:20,42266.26,1613,25.66,17.65
9/19/2015 6:30,42266.27,1610.5,25.66,17.65
9/19/2015 6:40,42266.28,1608,25.66,17.65
9/19/2015 6:50,42266.28,1605.3,25.66,17.65
9/19/2015 7:00,42266.29,1602.9,25.66,17.65
9/19/2015 7:10,42266.30,1600.4,25.66,17.65
9/19/2015 7:20,42266.31,1597.7,25.66,17.65
9/19/2015 7:30,42266.31,1595.6,25.66,17.65
9/19/2015 7:40,42266.32,1593.7,25.66,17.65
9/19/2015 7:50,42266.33,1591.9,25.66,17.65
9/19/2015 8:00,42266.33,1590.1,25.66,17.65
9/19/2015 8:10,42266.34,1588.7,25.66,17.65
9/19/2015 8:20,42266.35,1587.3,25.65,17.65
9/19/2015 8:30,42266.35,1586,25.66,17.65
9/19/2015 8:40,42266.36,1585,25.66,17.65
9/19/2015 8:50,42266.37,1584.1,25.66,17.65
9/19/2015 9:00,42266.38,1583.4,25.66,17.65
9/19/2015 9:10,42266.38,1582.6,25.66,17.65
9/19/2015 9:20,42266.39,1581.9,25.66,17.65
9/19/2015 9:30,42266.40,1581.4,25.66,17.65
9/19/2015 9:40,42266.40,1580.5,25.66,17.65
9/19/2015 9:50,42266.41,1580.5,25.66,17.65
9/19/2015 10:00,42266.42,1580.3,25.65,17.65
9/19/2015 10:10,42266.42,1581,25.66,17.65
9/19/2015 10:20,42266.43,1581.4,25.66,17.65
9/19/2015 10:30,42266.44,1582.4,25.66,17.65
9/19/2015 10:40,42266.44,1583.6,25.66,17.65
9/19/2015 10:50,42266.45,1585.2,25.66,17.65
9/19/2015 11:00,42266.46,1586.9,25.66,17.65
9/19/2015 11:10,42266.47,1589,25.66,17.65
9/19/2015 11:20,42266.47,1591.2,25.66,17.65
9/19/2015 11:30,42266.48,1593.3,25.66,17.65
9/19/2015 11:40,42266.49,1595.8,25.66,17.65
9/19/2015 11:50,42266.49,1598.1,25.66,17.65
9/19/2015 12:00,42266.50,1600.4,25.66,17.65
9/19/2015 12:10,42266.51,1602.5,25.66,17.65
9/19/2015 12:20,42266.51,1604.8,25.66,17.65
9/19/2015 12:30,42266.52,1607,25.66,17.65
9/19/2015 12:40,42266.53,1609.3,25.66,17.65
9/19/2015 12:50,42266.53,1611.6,25.66,17.65
9/19/2015 13:00,42266.54,1614,25.66,17.65
9/19/2015 13:10,42266.55,1616.5,25.66,17.65
9/19/2015 13:20,42266.56,1618.9,25.66,17.65
9/19/2015 13:30,42266.56,1620.6,25.66,17.65
9/19/2015 13:40,42266.57,1622.4,25.66,17.65
9/19/2015 13:50,42266.58,1623.8,25.66,17.65
9/19/2015 14:00,42266.58,1625.1,25.66,17.65
9/19/2015 14:10,42266.59,1626.3,25.66,17.65
9/19/2015 14:20,42266.60,1627,25.66,17.65
9/19/2015 14:30,42266.60,1628.2,25.66,17.65
9/19/2015 14:40,42266.61,1628.6,25.66,17.65
9/19/2015 14:50,42266.62,1629.4,25.66,17.65
9/19/2015 15:00,42266.63,1629.9,25.66,17.65
9/19/2015 15:10,42266.63,1630.2,25.66,17.65
9/19/2015 15:20,42266.64,1630.6,25.66,17.65
9/19/2015 15:30,42266.65,1631,25.66,17.65
9/19/2015 15:40,42266.65,1631.1,25.66,17.65
9/19/2015 15:50,42266.66,1631.1,25.66,17.65
9/19/2015 16:00,42266.67,1631,25.66,17.65
9/19/2015 16:10,42266.67,1630.7,25.66,17.65
9/19/2015 16:20,42266.68,1630.6,25.66,17.65
9/19/2015 16:30,42266.69,1630.2,25.66,17.65
9/19/2015 16:40,42266.69,1629.4,25.66,17.65
9/19/2015 16:50,42266.70,1628.4,25.66,17.65
9/19/2015 17:00,42266.71,1627.5,25.66,17.65
9/19/2015 17:10,42266.72,1626.3,25.66,17.65
9/19/2015 17:20,42266.72,1624.7,25.66,17.65
9/19/2015 17:30,42266.73,1623.1,25.66,17.65
9/19/2015 17:40,42266.74,1621.2,25.66,17.65
9/19/2015 17:50,42266.74,1619.7,25.66,17.65
9/19/2015 18:00,42266.75,1617.6,25.66,17.65
9/19/2015 18:10,42266.76,1615.7,25.66,17.65
9/19/2015 18:20,42266.76,1613.3,25.66,17.65
9/19/2015 18:30,42266.77,1611.5,25.66,17.65
9/19/2015 18:40,42266.78,1609.3,25.66,17.65
9/19/2015 18:50,42266.78,1606.9,25.66,17.65
9/19/2015 19:00,42266.79,1604.6,25.66,17.65
9/19/2015 19:10,42266.80,1602.5,25.66,17.65
9/19/2015 19:20,42266.81,1600,25.66,17.65
9/19/2015 19:30,42266.81,1598.3,25.66,17.65
9/19/2015 19:40,42266.82,1596.1,25.66,17.65
9/19/2015 19:50,42266.83,1594.4,25.66,17.65
9/19/2015 20:00,42266.83,1592.7,25.66,17.65
9/19/2015 20:10,42266.84,1591.1,25.66,17.65
9/19/2015 20:20,42266.85,1589.5,25.66,17.65
9/19/2015 20:30,42266.85,1588.6,25.66,17.65
9/19/2015 20:40,42266.86,1587.4,25.66,17.65
9/19/2015 20:50,42266.87,1586.4,25.66,17.65
9/19/2015 21:00,42266.88,1585.2,25.66,17.65
9/19/2015 21:10,42266.88,1584.3,25.66,17.65
9/19/2015 21:20,42266.89,1583.4,25.66,17.65
9/19/2015 21:30,42266.90,1583.2,25.66,17.65
9/19/2015 21:40,42266.90,1582.1,25.66,17.65
9/19/2015 21:50,42266.91,1581.7,25.66,17.65
9/19/2015 22:00,42266.92,1581.2,25.66,17.65
9/19/2015 22:10,42266.92,1581.2,25.66,17.65
9/19/2015 22:20,42266.93,1581.5,25.66,17.65
9/19/2015 22:30,42266.94,1582.2,25.66,17.65
9/19/2015 22:40,42266.94,1582.9,25.66,17.65
9/19/2015 22:50,42266.95,1584.1,25.66,17.65
9/19/2015 23:00,42266.96,1586,25.66,17.65
9/19/2015 23:10,42266.97,1587.6,25.66,17.65
9/19/2015 23:20,42266.97,1589.5,25.66,17.65
9/19/2015 23:30,42266.98,1591.8,25.66,17.65
9/19/2015 23:40,42266.99,1594,25.66,17.65
9/19/2015 23:50,42266.99,1596.6,25.66,17.65
9/20/2015 0:00,42267.00,1598.8,25.66,17.65
9/20/2015 0:10,42267.01,1600.9,25.66,17.65
9/20/2015 0:20,42267.01,1603.2,25.66,17.65
9/20/2015 0:30,42267.02,1605.6,25.66,17.65
9/20/2015 0:40,42267.03,1607.9,25.66,17.65
9/20/2015 0:50,42267.03,1610.3,25.66,17.65
9/20/2015 1:00,42267.04,1612.9,25.66,17.65
9/20/2015 1:10,42267.05,1614.7,25.66,17.65
9/20/2015 1:20,42267.06,1617.4,25.66,17.65
9/20/2015 1:30,42267.06,1619.5,25.66,17.65
9/20/2015 1:40,42267.07,1621.7,25.66,17.65
9/20/2015 1:50,42267.08,1623.4,25.66,17.65
9/20/2015 2:00,42267.08,1625.2,25.66,17.65
9/20/2015 2:10,42267.09,1626.9,25.66,17.65
9/20/2015 2:20,42267.10,1627.9,25.66,17.65
9/20/2015 2:30,42267.10,1629,25.66,17.65
9/20/2015 2:40,42267.11,1630.1,25.66,17.65
9/20/2015 2:50,42267.12,1631.4,25.66,17.65
9/20/2015 3:00,42267.13,1632.5,25.66,17.65
9/20/2015 3:10,42267.13,1633.2,25.66,17.65
9/20/2015 3:20,42267.14,1633.9,25.66,17.65
9/20/2015 3:30,42267.15,1634.9,25.66,17.65
9/20/2015 3:40,42267.15,1636.2,25.66,17.65
9/20/2015 3:50,42267.16,1637.2,25.66,17.65
9/20/2015 4:00,42267.17,1638.4,25.66,17.65
9/20/2015 4:10,42267.17,1638.9,25.66,17.65
9/20/2015 4:20,42267.18,1639.5,25.66,17.65
9/20/2015 4:30,42267.19,1640,25.66,17.65
9/20/2015 4:40,42267.19,1640.2,25.66,17.65
9/20/2015 4:50,42267.20,1640.2,25.66,17.65
9/20/2015 5:00,42267.21,1639.6,25.66,17.65
9/20/2015 5:10,42267.22,1638.8,25.66,17.65
9/20/2015 5:20,42267.22,1637.9,25.66,17.65
9/20/2015 5:30,42267.23,1636.8,25.66,17.65
9/20/2015 5:40,42267.24,1636.3,25.66,17.65
9/20/2015 5:50,42267.24,1634.8,25.66,17.65
9/20/2015 6:00,42267.25,1633.6,25.66,17.65
9/20/2015 6:10,42267.26,1632.4,25.66,17.65
9/20/2015 6:20,42267.26,1631.1,25.66,17.65
9/20/2015 6:30,42267.27,1629.7,25.66,17.65
9/20/2015 6:40,42267.28,1628.7,25.66,17.65
9/20/2015 6:50,42267.28,1627.5,25.66,17.65
9/20/2015 7:00,42267.29,1626.3,25.66,17.65
9/20/2015 7:10,42267.30,1624.7,25.66,17.65
9/20/2015 7:20,42267.31,1623.5,25.66,17.65
9/20/2015 7:30,42267.31,1622.3,25.66,17.65
9/20/2015 7:40,42267.32,1620.7,25.66,17.65
9/20/2015 7:50,42267.33,1619.5,25.66,17.65
9/20/2015 8:00,42267.33,1617.9,25.66,17.65
9/20/2015 8:10,42267.34,1616.2,25.66,17.65
9/20/2015 8:20,42267.35,1614.3,25.66,17.65
9/20/2015 8:30,42267.35,1611.9,25.66,17.65
9/20/2015 8:40,42267.36,1610,25.66,17.65
9/20/2015 8:50,42267.37,1607.9,25.66,17.65
9/20/2015 9:00,42267.38,1605.8,25.66,17.65
9/20/2015 9:10,42267.38,1603.7,25.66,17.65
9/20/2015 9:20,42267.39,1602.1,25.66,17.65
9/20/2015 9:30,42267.40,1600.6,25.66,17.65
9/20/2015 9:40,42267.40,1599.3,25.66,17.65
9/20/2015 9:50,42267.41,1598.5,25.66,17.65
9/20/2015 10:00,42267.42,1597.4,25.66,17.65
9/20/2015 10:10,42267.42,1596.8,25.66,17.65
9/20/2015 10:20,42267.43,1596,25.66,17.65
9/20/2015 10:30,42267.44,1595.7,25.66,17.65
9/20/2015 10:40,42267.44,1595.6,25.66,17.65
9/20/2015 10:50,42267.45,1595.4,25.66,17.65
9/20/2015 11:00,42267.46,1595.7,25.66,17.65
9/20/2015 11:10,42267.47,1596.2,25.66,17.65
9/20/2015 11:20,42267.47,1596.8,25.66,17.65
9/20/2015 11:30,42267.48,1598.3,25.66,17.65
9/20/2015 11:40,42267.49,1599.2,25.66,17.65
9/20/2015 11:50,42267.49,1600.6,25.66,17.65
9/20/2015 12:00,42267.50,1602.3,25.66,17.65
9/20/2015 12:10,42267.51,1603.9,25.66,17.65
9/20/2015 12:20,42267.51,1605.7,25.66,17.65
9/20/2015 12:30,42267.52,1607.5,25.66,17.65
9/20/2015 12:40,42267.53,1609.4,25.66,17.65
9/20/2015 12:50,42267.53,1611.5,25.66,17.65
9/20/2015 13:00,42267.54,1613.4,25.66,17.65
9/20/2015 13:10,42267.55,1615.3,25.66,17.65
9/20/2015 13:20,42267.56,1617.8,25.66,17.65
9/20/2015 13:30,42267.56,1619.7,25.66,17.65
9/20/2015 13:40,42267.57,1621.5,25.66,17.65
9/20/2015 13:50,42267.58,1623.5,25.66,17.65
9/20/2015 14:00,42267.58,1625.3,25.66,17.65
9/20/2015 14:10,42267.59,1626.9,25.66,17.65
9/20/2015 14:20,42267.60,1628.2,25.66,17.65
9/20/2015 14:30,42267.60,1629.4,25.66,17.65
9/20/2015 14:40,42267.61,1630.6,25.66,17.65
9/20/2015 14:50,42267.62,1631.3,25.66,17.65
9/20/2015 15:00,42267.63,1632,25.66,17.65
9/20/2015 15:10,42267.63,1632.6,25.66,17.65
9/20/2015 15:20,42267.64,1633.2,25.66,17.65
9/20/2015 15:30,42267.65,1633.6,25.66,17.65
9/20/2015 15:40,42267.65,1634.5,25.66,17.65
9/20/2015 15:50,42267.66,1635.2,25.66,17.65
9/20/2015 16:00,42267.67,1635.9,25.66,17.65
9/20/2015 16:10,42267.67,1636.4,25.66,17.65
9/20/2015 16:20,42267.68,1636.8,25.66,17.65
9/20/2015 16:30,42267.69,1637,25.66,17.65
9/20/2015 16:40,42267.69,1637.4,25.66,17.65
9/20/2015 16:50,42267.70,1637.1,25.66,17.65
9/20/2015 17:00,42267.71,1637,25.66,17.65
9/20/2015 17:10,42267.72,1637.2,25.66,17.65
9/20/2015 17:20,42267.72,1636.6,25.66,17.65
9/20/2015 17:30,42267.73,1635.7,25.66,17.65
9/20/2015 17:40,42267.74,1635,25.66,17.65
9/20/2015 17:50,42267.74,1634.1,25.66,17.65
9/20/2015 18:00,42267.75,1633.4,25.66,17.65
9/20/2015 18:10,42267.76,1632.2,25.66,17.65
9/20/2015 18:20,42267.76,1631.1,25.66,17.65
9/20/2015 18:30,42267.77,1629.7,25.66,17.65
9/20/2015 18:40,42267.78,1628.3,25.66,17.65
9/20/2015 18:50,42267.78,1626.8,25.66,17.65
9/20/2015 19:00,42267.79,1625.1,25.66,17.65
9/20/2015 19:10,42267.80,1623.6,25.66,17.65
9/20/2015 19:20,42267.81,1622.1,25.66,17.65
9/20/2015 19:30,42267.81,1620.6,25.66,17.65
9/20/2015 19:40,42267.82,1618.6,25.66,17.65
9/20/2015 19:50,42267.83,1617.1,25.66,17.65
9/20/2015 20:00,42267.83,1615.1,25.66,17.65
9/20/2015 20:10,42267.84,1613,25.66,17.65
9/20/2015 20:20,42267.85,1610.9,25.66,17.65
9/20/2015 20:30,42267.85,1608.6,25.66,17.65
9/20/2015 20:40,42267.86,1606,25.66,17.65
9/20/2015 20:50,42267.87,1604.5,25.66,17.65
9/20/2015 21:00,42267.88,1602.5,25.66,17.65
9/20/2015 21:10,42267.88,1601.1,25.66,17.65
9/20/2015 21:20,42267.89,1599.3,25.66,17.65
9/20/2015 21:30,42267.90,1597.8,25.66,17.65
9/20/2015 21:40,42267.90,1596.8,25.66,17.65
9/20/2015 21:50,42267.91,1595.8,25.66,17.65
9/20/2015 22:00,42267.92,1595,25.66,17.65
9/20/2015 22:10,42267.92,1594.2,25.66,17.65
9/20/2015 22:20,42267.93,1594,25.66,17.65
9/20/2015 22:30,42267.94,1593.5,25.66,17.65
9/20/2015 22:40,42267.94,1593.3,25.66,17.65
9/20/2015 22:50,42267.95,1593.6,25.66,17.65
9/20/2015 23:00,42267.96,1593.7,25.66,17.65
9/20/2015 23:10,42267.97,1594.6,25.66,17.65
9/20/2015 23:20,42267.97,1595.3,25.66,17.65
9/20/2015 23:30,42267.98,1595.8,25.66,17.65
9/20/2015 23:40,42267.99,1597.1,25.66,17.65
9/20/2015 23:50,42267.99,1598.5,25.66,17.65
9/21/2015 0:00,42268.00,1600,25.66,17.65
9/21/2015 0:10,42268.01,1601.6,25.66,17.65
9/21/2015 0:20,42268.01,1603.4,25.66,17.65
9/21/2015 0:30,42268.02,1605.3,25.66,17.65
9/21/2015 0:40,42268.03,1607.5,25.66,17.65
9/21/2015 0:50,42268.03,1609.1,25.66,17.65
9/21/2015 1:00,42268.04,1611.2,25.66,17.65
9/21/2015 1:10,42268.05,1613.7,25.66,17.65
9/21/2015 1:20,42268.06,1615.8,25.66,17.65
9/21/2015 1:30,42268.06,1617.8,25.66,17.65
9/21/2015 1:40,42268.07,1620.6,25.66,17.65
9/21/2015 1:50,42268.08,1622.2,25.66,17.65
9/21/2015 2:00,42268.08,1624.2,25.66,17.65
9/21/2015 2:10,42268.09,1626.3,25.66,17.65
9/21/2015 2:20,42268.10,1627.7,25.66,17.65
9/21/2015 2:30,42268.10,1629.4,25.66,17.65
9/21/2015 2:40,42268.11,1630.3,25.66,17.65
9/21/2015 2:50,42268.12,1631.6,25.66,17.65
9/21/2015 3:00,42268.13,1632.4,25.66,17.65
9/21/2015 3:10,42268.13,1632.4,25.66,17.65
9/21/2015 3:20,42268.14,1633.6,25.66,17.65
9/21/2015 3:30,42268.15,1634.5,25.66,17.65
9/21/2015 3:40,42268.15,1636,25.66,17.65
9/21/2015 3:50,42268.16,1636.4,25.66,17.65
9/21/2015 4:00,42268.17,1636.4,25.66,17.65
9/21/2015 4:10,42268.17,1637.4,25.66,17.65
9/21/2015 4:20,42268.18,1637.9,25.66,17.65
9/21/2015 4:30,42268.19,1638.6,25.66,17.65
9/21/2015 4:40,42268.19,1638.9,25.66,17.65
9/21/2015 4:50,42268.20,1638.6,25.66,17.65
9/21/2015 5:00,42268.21,1638.8,25.66,17.65
9/21/2015 5:10,42268.22,1639.1,25.66,17.65
9/21/2015 5:20,42268.22,1638.6,25.66,17.65
9/21/2015 5:30,42268.23,1638.2,25.66,17.65
9/21/2015 5:40,42268.24,1637.3,25.66,17.65
9/21/2015 5:50,42268.24,1636.6,25.66,17.65
9/21/2015 6:00,42268.25,1635.9,25.66,17.65
9/21/2015 6:10,42268.26,1635,25.66,17.65
9/21/2015 6:20,42268.26,1634.3,25.66,17.65
9/21/2015 6:30,42268.27,1633.2,25.66,17.65
9/21/2015 6:40,42268.28,1632,25.66,17.65
9/21/2015 6:50,42268.28,1631,25.66,17.65
9/21/2015 7:00,42268.29,1629.4,25.66,17.65
9/21/2015 7:10,42268.30,1628.6,25.66,17.65
9/21/2015 7:20,42268.31,1626.8,25.66,17.65
9/21/2015 7:30,42268.31,1625.4,25.66,17.65
9/21/2015 7:40,42268.32,1623.7,25.66,17.65
9/21/2015 7:50,42268.33,1622.1,25.66,17.65
9/21/2015 8:00,42268.33,1620.4,25.66,17.65
9/21/2015 8:10,42268.34,1618.5,25.66,17.65
9/21/2015 8:20,42268.35,1616.2,25.66,17.65
9/21/2015 8:30,42268.35,1613.9,25.66,17.65
9/21/2015 8:40,42268.36,1611.9,25.66,17.65
9/21/2015 8:50,42268.37,1609.8,25.66,17.65
9/21/2015 9:00,42268.38,1607.9,25.66,17.65
9/21/2015 9:10,42268.38,1605.9,25.66,17.65
9/21/2015 9:20,42268.39,1603.9,25.66,17.65
9/21/2015 9:30,42268.40,1602.5,25.66,17.65
9/21/2015 9:40,42268.40,1600.8,25.66,17.65
9/21/2015 9:50,42268.41,1599.6,25.66,17.65
9/21/2015 10:00,42268.42,1598.6,25.66,17.65
9/21/2015 10:10,42268.42,1597.6,25.66,17.65
9/21/2015 10:20,42268.43,1596.9,25.66,17.65
9/21/2015 10:30,42268.44,1596.1,25.66,17.65
9/21/2015 10:40,42268.44,1595.4,25.66,17.65
9/21/2015 10:50,42268.45,1595,25.66,17.65
9/21/2015 11:00,42268.46,1594.7,25.66,17.65
9/21/2015 11:10,42268.47,1594.3,25.66,17.65
9/21/2015 11:20,42268.47,1594.2,25.66,17.65
9/21/2015 11:30,42268.48,1594.5,25.66,17.65
9/21/2015 11:40,42268.49,1594.9,25.66,17.65
9/21/2015 11:50,42268.49,1595.3,25.66,17.65
9/21/2015 12:00,42268.50,1596.2,25.66,17.65
9/21/2015 12:10,42268.51,1597.1,25.66,17.65
9/21/2015 12:20,42268.51,1598.3,25.66,17.65
9/21/2015 12:30,42268.52,1599.5,25.66,17.65
9/21/2015 12:40,42268.53,1600.9,25.66,17.65
9/21/2015 12:50,42268.53,1602.7,25.66,17.65
9/21/2015 13:00,42268.54,1604.2,25.66,17.65
9/21/2015 13:10,42268.55,1605.6,25.66,17.65
9/21/2015 13:20,42268.56,1607.5,25.66,17.65
9/21/2015 13:30,42268.56,1609.1,25.66,17.65
9/21/2015 13:40,42268.57,1611,25.66,17.65
9/21/2015 13:50,42268.58,1612.6,25.66,17.65
9/21/2015 14:00,42268.58,1614.8,25.66,17.65
9/21/2015 14:10,42268.59,1616.3,25.66,17.65
9/21/2015 14:20,42268.60,1618.3,25.66,17.65
9/21/2015 14:30,42268.60,1619.5,25.66,17.65
9/21/2015 14:40,42268.61,1620.9,25.66,17.65
9/21/2015 14:50,42268.62,1622.4,25.66,17.65
9/21/2015 15:00,42268.63,1623.7,25.66,17.65
9/21/2015 15:10,42268.63,1625.2,25.66,17.65
9/21/2015 15:20,42268.64,1626.3,25.66,17.65
9/21/2015 15:30,42268.65,1627.2,25.66,17.65
9/21/2015 15:40,42268.65,1628.1,25.66,17.65
9/21/2015 15:50,42268.66,1628.9,25.66,17.65
9/21/2015 16:00,42268.67,1630,25.66,17.65
9/21/2015 16:10,42268.67,1630.8,25.66,17.65
9/21/2015 16:20,42268.68,1630.9,25.66,17.65
9/21/2015 16:30,42268.69,1631.3,25.66,17.65
9/21/2015 16:40,42268.69,1631.5,25.66,17.65
9/21/2015 16:50,42268.70,1631.8,25.66,17.65
9/21/2015 17:00,42268.71,1631.7,25.66,17.65
9/21/2015 17:10,42268.72,1632,25.66,17.65
9/21/2015 17:20,42268.72,1631.8,25.66,17.65
9/21/2015 17:30,42268.73,1631.5,25.66,17.65
9/21/2015 17:40,42268.74,1631,25.66,17.65
9/21/2015 17:50,42268.74,1630.3,25.66,17.65
9/21/2015 18:00,42268.75,1629.7,25.66,17.65
9/21/2015 18:10,42268.76,1628.9,25.66,17.65
9/21/2015 18:20,42268.76,1627.9,25.66,17.65
9/21/2015 18:30,42268.77,1626.6,25.66,17.65
9/21/2015 18:40,42268.78,1625.2,25.66,17.65
9/21/2015 18:50,42268.78,1624,25.66,17.65
9/21/2015 19:00,42268.79,1622.3,25.66,17.65
9/21/2015 19:10,42268.80,1620.4,25.66,17.65
9/21/2015 19:20,42268.81,1618.5,25.66,17.65
9/21/2015 19:30,42268.81,1616.7,25.66,17.65
9/21/2015 19:40,42268.82,1614.8,25.66,17.65
9/21/2015 19:50,42268.83,1613.2,25.66,17.65
9/21/2015 20:00,42268.83,1611.2,25.66,17.65
9/21/2015 20:10,42268.84,1609.8,25.66,17.65
9/21/2015 20:20,42268.85,1608.2,25.66,17.65
9/21/2015 20:30,42268.85,1606.5,25.66,17.65
9/21/2015 20:40,42268.86,1605.3,25.66,17.65
9/21/2015 20:50,42268.87,1603.4,25.66,17.65
9/21/2015 21:00,42268.88,1602.1,25.66,17.65
9/21/2015 21:10,42268.88,1600.7,25.66,17.65
9/21/2015 21:20,42268.89,1599.5,25.66,17.65
9/21/2015 21:30,42268.90,1598.3,25.66,17.65
9/21/2015 21:40,42268.90,1597.5,25.66,17.65
9/21/2015 21:50,42268.91,1596.3,25.66,17.65
9/21/2015 22:00,42268.92,1595.7,25.66,17.65
9/21/2015 22:10,42268.92,1594.8,25.66,17.65
9/21/2015 22:20,42268.93,1593.8,25.66,17.65
9/21/2015 22:30,42268.94,1593.4,25.66,17.65
9/21/2015 22:40,42268.94,1592.7,25.66,17.65
9/21/2015 22:50,42268.95,1592,25.66,17.65
9/21/2015 23:00,42268.96,1591.7,25.66,17.65
9/21/2015 23:10,42268.97,1591.5,25.66,17.65
9/21/2015 23:20,42268.97,1591.2,25.66,17.65
9/21/2015 23:30,42268.98,1591.1,25.66,17.65
9/21/2015 23:40,42268.99,1591.3,25.66,17.65
9/21/2015 23:50,42268.99,1592,25.66,17.65
9/22/2015 0:00,42269.00,1592.9,25.66,17.65
9/22/2015 0:10,42269.01,1593.8,25.66,17.65
9/22/2015 0:20,42269.01,1595,25.66,17.65
9/22/2015 0:30,42269.02,1596,25.66,17.65
9/22/2015 0:40,42269.03,1597.3,25.66,17.65
9/22/2015 0:50,42269.03,1599,25.66,17.65
9/22/2015 1:00,42269.04,1600.6,25.66,17.65
9/22/2015 1:10,42269.05,1602.3,25.66,17.65
9/22/2015 1:20,42269.06,1603.4,25.66,17.65
9/22/2015 1:30,42269.06,1604.9,25.66,17.65
9/22/2015 1:40,42269.07,1606.8,25.66,17.65
9/22/2015 1:50,42269.08,1608.6,25.66,17.65
9/22/2015 2:00,42269.08,1610.1,25.66,17.65
9/22/2015 2:10,42269.09,1612.1,25.66,17.65
9/22/2015 2:20,42269.10,1614.1,25.66,17.65
9/22/2015 2:30,42269.10,1615.8,25.66,17.65
9/22/2015 2:40,42269.11,1617.6,25.66,17.65
9/22/2015 2:50,42269.12,1619.9,25.66,17.65
9/22/2015 3:00,42269.13,1621.5,25.66,17.65
9/22/2015 3:10,42269.13,1623.1,25.66,17.65
9/22/2015 3:20,42269.14,1624.5,25.66,17.65
9/22/2015 3:30,42269.15,1626.1,25.66,17.65
9/22/2015 3:40,42269.15,1627.3,25.66,17.65
9/22/2015 3:50,42269.16,1628.2,25.66,17.65
9/22/2015 4:00,42269.17,1629.6,25.66,17.65
9/22/2015 4:10,42269.17,1630.3,25.66,17.65
9/22/2015 4:20,42269.18,1631.1,25.66,17.65
9/22/2015 4:30,42269.19,1631.5,25.66,17.65
9/22/2015 4:40,42269.19,1632.4,25.66,17.65
9/22/2015 4:50,42269.20,1632.4,25.66,17.65
9/22/2015 5:00,42269.21,1632.9,25.66,17.65
9/22/2015 5:10,42269.22,1633.2,25.66,17.65
9/22/2015 5:20,42269.22,1633.6,25.66,17.65
9/22/2015 5:30,42269.23,1633.8,25.66,17.65
9/22/2015 5:40,42269.24,1633.8,25.66,17.65
9/22/2015 5:50,42269.24,1633.6,25.66,17.65
9/22/2015 6:00,42269.25,1633.5,25.66,17.65
9/22/2015 6:10,42269.26,1633.8,25.66,17.65
9/22/2015 6:20,42269.26,1633.4,25.66,17.65
9/22/2015 6:30,42269.27,1633.2,25.66,17.65
9/22/2015 6:40,42269.28,1632.5,25.66,17.65
9/22/2015 6:50,42269.28,1631.9,25.66,17.65
9/22/2015 7:00,42269.29,1631.3,25.66,17.65
9/22/2015 7:10,42269.30,1630.4,25.66,17.65
9/22/2015 7:20,42269.31,1629.6,25.66,17.65
9/22/2015 7:30,42269.31,1628.4,25.66,17.65
9/22/2015 7:40,42269.32,1627.2,25.66,17.65
9/22/2015 7:50,42269.33,1625.6,25.66,17.65
9/22/2015 8:00,42269.33,1624,25.66,17.65
9/22/2015 8:10,42269.34,1622.4,25.66,17.65
9/22/2015 8:20,42269.35,1620.9,25.66,17.65
9/22/2015 8:30,42269.35,1619.2,25.66,17.65
9/22/2015 8:40,42269.36,1617.6,25.66,17.65
9/22/2015 8:50,42269.37,1615.3,25.66,17.65
9/22/2015 9:00,42269.38,1613.7,25.66,17.65
9/22/2015 9:10,42269.38,1612.1,25.66,17.65
9/22/2015 9:20,42269.39,1610.3,25.66,17.65
9/22/2015 9:30,42269.40,1608.6,25.66,17.65
9/22/2015 9:40,42269.40,1607.2,25.66,17.65
9/22/2015 9:50,42269.41,1605.6,25.66,17.65
9/22/2015 10:00,42269.42,1604.1,25.66,17.65
9/22/2015 10:10,42269.42,1602.8,25.66,17.65
9/22/2015 10:20,42269.43,1601.4,25.66,17.65
9/22/2015 10:30,42269.44,1600.4,25.66,17.65
9/22/2015 10:40,42269.44,1599.3,25.66,17.65
9/22/2015 10:50,42269.45,1598.6,25.66,17.65
9/22/2015 11:00,42269.46,1597.8,25.66,17.65
9/22/2015 11:10,42269.47,1596.9,25.66,17.65
9/22/2015 11:20,42269.47,1596.3,25.66,17.65
9/22/2015 11:30,42269.48,1595.4,25.66,17.65
9/22/2015 11:40,42269.49,1595,25.66,17.65
9/22/2015 11:50,42269.49,1594.8,25.66,17.65
9/22/2015 12:00,42269.50,1594.2,25.66,17.65
9/22/2015 12:10,42269.51,1594.1,25.66,17.65
9/22/2015 12:20,42269.51,1594.1,25.66,17.65
9/22/2015 12:30,42269.52,1594.3,25.66,17.65
9/22/2015 12:40,42269.53,1594,25.66,17.65
9/22/2015 12:50,42269.53,1594.3,25.66,17.65
9/22/2015 13:00,42269.54,1595,25.66,17.65
9/22/2015 13:10,42269.55,1596.1,25.66,17.65
9/22/2015 13:20,42269.56,1596.8,25.66,17.65
9/22/2015 13:30,42269.56,1597.8,25.66,17.65
9/22/2015 13:40,42269.57,1598.8,25.66,17.65
9/22/2015 13:50,42269.58,1599.9,25.66,17.65
9/22/2015 14:00,42269.58,1600.9,25.66,17.65
9/22/2015 14:10,42269.59,1602.3,25.66,17.65
9/22/2015 14:20,42269.60,1604.1,25.66,17.65
9/22/2015 14:30,42269.60,1605.5,25.66,17.65
9/22/2015 14:40,42269.61,1606.3,25.66,17.65
9/22/2015 14:50,42269.62,1607.5,25.66,17.65
9/22/2015 15:00,42269.63,1608.7,25.66,17.65
9/22/2015 15:10,42269.63,1610.1,25.66,17.65
9/22/2015 15:20,42269.64,1611.2,25.66,17.65
9/22/2015 15:30,42269.65,1612.6,25.66,17.65
9/22/2015 15:40,42269.65,1614.1,25.66,17.65
9/22/2015 15:50,42269.66,1615.3,25.66,17.65
9/22/2015 16:00,42269.67,1616.7,25.66,17.65
9/22/2015 16:10,42269.67,1617.8,25.66,17.65
9/22/2015 16:20,42269.68,1619.2,25.66,17.65
9/22/2015 16:30,42269.69,1620.2,25.66,17.65
9/22/2015 16:40,42269.69,1621.1,25.66,17.65
9/22/2015 16:50,42269.70,1622.3,25.66,17.65
9/22/2015 17:00,42269.71,1623,25.66,17.65
9/22/2015 17:10,42269.72,1623.8,25.66,17.65
9/22/2015 17:20,42269.72,1624.4,25.66,17.65
9/22/2015 17:30,42269.73,1624.5,25.66,17.65
9/22/2015 17:40,42269.74,1625.1,25.66,17.65
9/22/2015 17:50,42269.74,1625.2,25.66,17.65
9/22/2015 18:00,42269.75,1625.6,25.66,17.65
9/22/2015 18:10,42269.76,1625.6,25.66,17.65
9/22/2015 18:20,42269.76,1625.6,25.66,17.65
9/22/2015 18:30,42269.77,1625.1,25.66,17.65
9/22/2015 18:40,42269.78,1624.7,25.66,17.65
9/22/2015 18:50,42269.78,1624.1,25.66,17.65
9/22/2015 19:00,42269.79,1624,25.66,17.65
9/22/2015 19:10,42269.80,1623.5,25.66,17.65
9/22/2015 19:20,42269.81,1622.6,25.66,17.65
9/22/2015 19:30,42269.81,1622.1,25.66,17.65
9/22/2015 19:40,42269.82,1620.5,25.66,17.65
9/22/2015 19:50,42269.83,1619.2,25.66,17.65
9/22/2015 20:00,42269.83,1618.3,25.66,17.65
9/22/2015 20:10,42269.84,1617.6,25.66,17.65
9/22/2015 20:20,42269.85,1616.5,25.66,17.65
9/22/2015 20:30,42269.85,1615.1,25.66,17.65
9/22/2015 20:40,42269.86,1613.5,25.66,17.65
9/22/2015 20:50,42269.87,1611.9,25.66,17.65
9/22/2015 21:00,42269.88,1611,25.66,17.65
9/22/2015 21:10,42269.88,1609.6,25.66,17.65
9/22/2015 21:20,42269.89,1608.2,25.66,17.65
9/22/2015 21:30,42269.90,1607.2,25.66,17.65
9/22/2015 21:40,42269.90,1605.8,25.66,17.65
9/22/2015 21:50,42269.91,1604.4,25.66,17.65
9/22/2015 22:00,42269.92,1603.4,25.66,17.65
9/22/2015 22:10,42269.92,1602.1,25.66,17.65
9/22/2015 22:20,42269.93,1600.9,25.66,17.65
9/22/2015 22:30,42269.94,1599.7,25.66,17.65
9/22/2015 22:40,42269.94,1598.3,25.66,17.65
9/22/2015 22:50,42269.95,1597.5,25.66,17.65
9/22/2015 23:00,42269.96,1596.6,25.66,17.65
9/22/2015 23:10,42269.97,1595.7,25.66,17.65
9/22/2015 23:20,42269.97,1594.5,25.66,17.65
9/22/2015 23:30,42269.98,1593.6,25.66,17.65
9/22/2015 23:40,42269.99,1593.1,25.66,17.65
9/22/2015 23:50,42269.99,1592.4,25.66,17.65
9/23/2015 0:00,42270.00,1591.5,25.66,17.65
9/23/2015 0:10,42270.01,1591.3,25.66,17.65
9/23/2015 0:20,42270.01,1591,25.66,17.65
9/23/2015 0:30,42270.02,1591.2,25.66,17.65
9/23/2015 0:40,42270.03,1590.8,25.66,17.65
9/23/2015 0:50,42270.03,1590.6,25.66,17.65
9/23/2015 1:00,42270.04,1590.6,25.66,17.65
9/23/2015 1:10,42270.05,1590.9,25.66,17.65
9/23/2015 1:20,42270.06,1591.3,25.66,17.65
9/23/2015 1:30,42270.06,1591.9,25.66,17.65
9/23/2015 1:40,42270.07,1592.6,25.66,17.65
9/23/2015 1:50,42270.08,1593.4,25.66,17.65
9/23/2015 2:00,42270.08,1593.8,25.66,17.65
9/23/2015 2:10,42270.09,1595.4,25.66,17.65
9/23/2015 2:20,42270.10,1596.4,25.66,17.65
9/23/2015 2:30,42270.10,1597.9,25.66,17.65
9/23/2015 2:40,42270.11,1599.2,25.66,17.65
9/23/2015 2:50,42270.12,1600.6,25.66,17.65
9/23/2015 3:00,42270.13,1601.8,25.66,17.65
9/23/2015 3:10,42270.13,1603.4,25.66,17.65
9/23/2015 3:20,42270.14,1605.2,25.66,17.65
9/23/2015 3:30,42270.15,1606.6,25.66,17.65
9/23/2015 3:40,42270.15,1608.1,25.66,17.65
9/23/2015 3:50,42270.16,1610,25.66,17.65
9/23/2015 4:00,42270.17,1611.6,25.66,17.65
9/23/2015 4:10,42270.17,1613.3,25.66,17.65
9/23/2015 4:20,42270.18,1614.6,25.66,17.65
9/23/2015 4:30,42270.19,1616.1,25.66,17.65
9/23/2015 4:40,42270.19,1617.5,25.66,17.65
9/23/2015 4:50,42270.20,1618.7,25.66,17.65
9/23/2015 5:00,42270.21,1619.9,25.66,17.65
9/23/2015 5:10,42270.22,1621,25.66,17.65
9/23/2015 5:20,42270.22,1622,25.66,17.65
9/23/2015 5:30,42270.23,1623.1,25.66,17.65
9/23/2015 5:40,42270.24,1624,25.66,17.65
9/23/2015 5:50,42270.24,1624.7,25.66,17.65
9/23/2015 6:00,42270.25,1625.6,25.66,17.65
9/23/2015 6:10,42270.26,1626.3,25.66,17.65
9/23/2015 6:20,42270.26,1627.2,25.66,17.65
9/23/2015 6:30,42270.27,1627.6,25.66,17.65
9/23/2015 6:40,42270.28,1627.9,25.66,17.65
9/23/2015 6:50,42270.28,1628.1,25.66,17.65
9/23/2015 7:00,42270.29,1628.4,25.66,17.65
9/23/2015 7:10,42270.30,1628.3,25.66,17.65
9/23/2015 7:20,42270.31,1628.8,25.66,17.65
9/23/2015 7:30,42270.31,1628.6,25.66,17.65
9/23/2015 7:40,42270.32,1628.8,25.66,17.65
9/23/2015 7:50,42270.33,1628.3,25.66,17.65
9/23/2015 8:00,42270.33,1628.1,25.66,17.65
9/23/2015 8:10,42270.34,1627.4,25.66,17.65
9/23/2015 8:20,42270.35,1626.5,25.66,17.65
9/23/2015 8:30,42270.35,1625.8,25.66,17.65
9/23/2015 8:40,42270.36,1625.3,25.66,17.65
9/23/2015 8:50,42270.37,1624,25.66,17.65
9/23/2015 9:00,42270.38,1622.9,25.66,17.65
9/23/2015 9:10,42270.38,1621.3,25.66,17.65
9/23/2015 9:20,42270.39,1619.9,25.66,17.65
9/23/2015 9:30,42270.40,1618.7,25.66,17.65
9/23/2015 9:40,42270.40,1617.5,25.66,17.65
9/23/2015 9:50,42270.41,1616,25.66,17.65
9/23/2015 10:00,42270.42,1614.9,25.66,17.65
9/23/2015 10:10,42270.42,1613.2,25.66,17.65
9/23/2015 10:20,42270.43,1611.8,25.66,17.65
9/23/2015 10:30,42270.44,1610.5,25.66,17.65
9/23/2015 10:40,42270.44,1608.8,25.66,17.65
9/23/2015 10:50,42270.45,1607.6,25.66,17.65
9/23/2015 11:00,42270.46,1605.9,25.66,17.65
9/23/2015 11:10,42270.47,1604.8,25.66,17.65
9/23/2015 11:20,42270.47,1603.2,25.66,17.65
9/23/2015 11:30,42270.48,1602.2,25.66,17.65
9/23/2015 11:40,42270.49,1601.1,25.66,17.65
9/23/2015 11:50,42270.49,1599.6,25.66,17.65
9/23/2015 12:00,42270.50,1598.4,25.66,17.65
9/23/2015 12:10,42270.51,1597.4,25.66,17.65
9/23/2015 12:20,42270.51,1596.4,25.66,17.65
9/23/2015 12:30,42270.52,1595.2,25.66,17.65
9/23/2015 12:40,42270.53,1594,25.66,17.65
9/23/2015 12:50,42270.53,1593.2,25.66,17.65
9/23/2015 13:00,42270.54,1592.1,25.66,17.65
9/23/2015 13:10,42270.55,1591.5,25.66,17.65
9/23/2015 13:20,42270.56,1590.6,25.66,17.65
9/23/2015 13:30,42270.56,1590.1,25.66,17.65
9/23/2015 13:40,42270.57,1589.5,25.66,17.65
9/23/2015 13:50,42270.58,1589,25.66,17.65
9/23/2015 14:00,42270.58,1588.8,25.66,17.65
9/23/2015 14:10,42270.59,1588.8,25.66,17.65
9/23/2015 14:20,42270.60,1589,25.66,17.65
9/23/2015 14:30,42270.60,1588.8,25.66,17.65
9/23/2015 14:40,42270.61,1589.8,25.66,17.65
9/23/2015 14:50,42270.62,1590.2,25.66,17.65
9/23/2015 15:00,42270.63,1590.8,25.66,17.65
9/23/2015 15:10,42270.63,1591.5,25.66,17.65
9/23/2015 15:20,42270.64,1592.3,25.66,17.65
9/23/2015 15:30,42270.65,1593.2,25.66,17.65
9/23/2015 15:40,42270.65,1594.4,25.66,17.65
9/23/2015 15:50,42270.66,1595.4,25.66,17.65
9/23/2015 16:00,42270.67,1596.8,25.66,17.65
9/23/2015 16:10,42270.67,1598.1,25.66,17.65
9/23/2015 16:20,42270.68,1599.5,25.66,17.65
9/23/2015 16:30,42270.69,1600.6,25.66,17.65
9/23/2015 16:40,42270.69,1602.3,25.66,17.65
9/23/2015 16:50,42270.70,1603.6,25.66,17.65
9/23/2015 17:00,42270.71,1605,25.66,17.65
9/23/2015 17:10,42270.72,1606.6,25.66,17.65
9/23/2015 17:20,42270.72,1608.2,25.66,17.65
9/23/2015 17:30,42270.73,1609.7,25.66,17.65
9/23/2015 17:40,42270.74,1611.2,25.66,17.65
9/23/2015 17:50,42270.74,1613,25.67,17.65
9/23/2015 18:00,42270.75,1614.2,25.66,17.65
9/23/2015 18:10,42270.76,1616.1,25.66,17.65
9/23/2015 18:20,42270.76,1617.3,25.66,17.65
9/23/2015 18:30,42270.77,1618.3,25.67,17.65
9/23/2015 18:40,42270.78,1619.4,25.66,17.65
9/23/2015 18:50,42270.78,1620.6,25.66,17.65
9/23/2015 19:00,42270.79,1621.5,25.66,17.65
9/23/2015 19:10,42270.80,1622.6,25.66,17.65
9/23/2015 19:20,42270.81,1623.4,25.66,17.65
9/23/2015 19:30,42270.81,1624.7,25.66,17.65
9/23/2015 19:40,42270.82,1625.5,25.66,17.65
9/23/2015 19:50,42270.83,1625.5,25.66,17.65
9/23/2015 20:00,42270.83,1625.6,25.66,17.65
9/23/2015 20:10,42270.84,1626,25.66,17.65
9/23/2015 20:20,42270.85,1626.3,25.66,17.65
9/23/2015 20:30,42270.85,1626.2,25.66,17.65
9/23/2015 20:40,42270.86,1625.8,25.66,17.65
9/23/2015 20:50,42270.87,1625.8,25.67,17.65
9/23/2015 21:00,42270.88,1625.1,25.66,17.65
9/23/2015 21:10,42270.88,1624.3,25.66,17.65
9/23/2015 21:20,42270.89,1623.6,25.66,17.65
9/23/2015 21:30,42270.90,1622,25.66,17.65
9/23/2015 21:40,42270.90,1621.2,25.66,17.65
9/23/2015 21:50,42270.91,1620.2,25.67,17.65
9/23/2015 22:00,42270.92,1618.7,25.66,17.65
9/23/2015 22:10,42270.92,1617.1,25.66,17.65
9/23/2015 22:20,42270.93,1615.8,25.66,17.65
9/23/2015 22:30,42270.94,1614.4,25.66,17.65
9/23/2015 22:40,42270.94,1612.8,25.66,17.65
9/23/2015 22:50,42270.95,1611.5,25.67,17.65
9/23/2015 23:00,42270.96,1609.7,25.66,17.65
9/23/2015 23:10,42270.97,1608.3,25.66,17.65
9/23/2015 23:20,42270.97,1606.4,25.66,17.65
9/23/2015 23:30,42270.98,1604.3,25.66,17.65
9/23/2015 23:40,42270.99,1602.5,25.66,17.65
9/23/2015 23:50,42270.99,1600.8,25.66,17.65
9/24/2015 0:00,42271.00,1599.6,25.66,17.65
9/24/2015 0:10,42271.01,1597.7,25.66,17.65
9/24/2015 0:20,42271.01,1596.3,25.66,17.65
9/24/2015 0:30,42271.02,1594.9,25.66,17.65
9/24/2015 0:40,42271.03,1593.3,25.66,17.65
9/24/2015 0:50,42271.03,1592.3,25.66,17.65
9/24/2015 1:00,42271.04,1591.5,25.66,17.65
9/24/2015 1:10,42271.05,1589.9,25.66,17.65
9/24/2015 1:20,42271.06,1588.7,25.66,17.65
9/24/2015 1:30,42271.06,1587.6,25.66,17.65
9/24/2015 1:40,42271.07,1586.6,25.66,17.65
9/24/2015 1:50,42271.08,1585.7,25.66,17.65
9/24/2015 2:00,42271.08,1584.8,25.66,17.65
9/24/2015 2:10,42271.09,1583.9,25.66,17.65
9/24/2015 2:20,42271.10,1583.4,25.66,17.65
9/24/2015 2:30,42271.10,1583.2,25.66,17.65
9/24/2015 2:40,42271.11,1582.8,25.66,17.65
9/24/2015 2:50,42271.12,1582.8,25.66,17.65
9/24/2015 3:00,42271.13,1583.1,25.66,17.65
9/24/2015 3:10,42271.13,1583.4,25.66,17.65
9/24/2015 3:20,42271.14,1584.2,25.66,17.65
9/24/2015 3:30,42271.15,1584.8,25.66,17.65
9/24/2015 3:40,42271.15,1585.9,25.66,17.65
9/24/2015 3:50,42271.16,1586.9,25.66,17.65
9/24/2015 4:00,42271.17,1588.3,25.66,17.65
9/24/2015 4:10,42271.17,1589.7,25.66,17.65
9/24/2015 4:20,42271.18,1591.6,25.66,17.65
9/24/2015 4:30,42271.19,1592.8,25.66,17.65
9/24/2015 4:40,42271.19,1594.6,25.66,17.65
9/24/2015 4:50,42271.20,1596.3,25.66,17.65
9/24/2015 5:00,42271.21,1597.9,25.66,17.65
9/24/2015 5:10,42271.22,1599.6,25.66,17.65
9/24/2015 5:20,42271.22,1601.1,25.66,17.65
9/24/2015 5:30,42271.23,1602.7,25.66,17.65
9/24/2015 5:40,42271.24,1604.6,25.66,17.65
9/24/2015 5:50,42271.24,1606.6,25.67,17.65
9/24/2015 6:00,42271.25,1608.8,25.66,17.65
9/24/2015 6:10,42271.26,1611.2,25.66,17.65
9/24/2015 6:20,42271.26,1613.5,25.66,17.65
9/24/2015 6:30,42271.27,1615.4,25.66,17.65
9/24/2015 6:40,42271.28,1617.7,25.66,17.65
9/24/2015 6:50,42271.28,1619.2,25.66,17.65
9/24/2015 7:00,42271.29,1620.6,25.66,17.65
9/24/2015 7:10,42271.30,1622,25.66,17.65
9/24/2015 7:20,42271.31,1624,25.67,17.65
9/24/2015 7:30,42271.31,1625.2,25.67,17.65
9/24/2015 7:40,42271.32,1626.3,25.66,17.65
9/24/2015 7:50,42271.33,1627.3,25.67,17.65
9/24/2015 8:00,42271.33,1628.1,25.66,17.65
9/24/2015 8:10,42271.34,1628.9,25.67,17.65
9/24/2015 8:20,42271.35,1629.6,25.67,17.65
9/24/2015 8:30,42271.35,1630.4,25.66,17.65
9/24/2015 8:40,42271.36,1630.9,25.66,17.65
9/24/2015 8:50,42271.37,1631.1,25.67,17.65
9/24/2015 9:00,42271.38,1631.4,25.66,17.65
9/24/2015 9:10,42271.38,1631.5,25.67,17.65
9/24/2015 9:20,42271.39,1631.8,25.66,17.65
9/24/2015 9:30,42271.40,1631.8,25.67,17.65
9/24/2015 9:40,42271.40,1632,25.67,17.65
9/24/2015 9:50,42271.41,1631.8,25.66,17.65
9/24/2015 10:00,42271.42,1631.4,25.66,17.65
9/24/2015 10:10,42271.42,1631.4,25.66,17.65
9/24/2015 10:20,42271.43,1630.6,25.67,17.65
9/24/2015 10:30,42271.44,1629.9,25.67,17.65
9/24/2015 10:40,42271.44,1628.6,25.66,17.65
9/24/2015 10:50,42271.45,1627.3,25.67,17.65
9/24/2015 11:00,42271.46,1625.6,25.66,17.65
9/24/2015 11:10,42271.47,1624.4,25.67,17.65
9/24/2015 11:20,42271.47,1622.6,25.66,17.65
9/24/2015 11:30,42271.48,1621,25.67,17.65
9/24/2015 11:40,42271.49,1619.5,25.67,17.65
9/24/2015 11:50,42271.49,1617.3,25.66,17.65
9/24/2015 12:00,42271.50,1615.3,25.67,17.65
9/24/2015 12:10,42271.51,1612.9,25.67,17.65
9/24/2015 12:20,42271.51,1610.4,25.66,17.65
9/24/2015 12:30,42271.52,1608.6,25.67,17.65
9/24/2015 12:40,42271.53,1606,25.66,17.65
9/24/2015 12:50,42271.53,1603.8,25.66,17.65
9/24/2015 13:00,42271.54,1601.8,25.66,17.65
9/24/2015 13:10,42271.55,1599.8,25.66,17.65
9/24/2015 13:20,42271.56,1597.7,25.66,17.65
9/24/2015 13:30,42271.56,1595.8,25.66,17.65
9/24/2015 13:40,42271.57,1594.4,25.66,17.65
9/24/2015 13:50,42271.58,1592.6,25.66,17.65
9/24/2015 14:00,42271.58,1591.2,25.67,17.65
9/24/2015 14:10,42271.59,1589.7,25.66,17.65
9/24/2015 14:20,42271.60,1588.3,25.66,17.65
9/24/2015 14:30,42271.60,1586.9,25.66,17.65
9/24/2015 14:40,42271.61,1585.9,25.66,17.65
9/24/2015 14:50,42271.62,1584.8,25.66,17.65
9/24/2015 15:00,42271.63,1583.6,25.66,17.65
9/24/2015 15:10,42271.63,1582.8,25.66,17.65
9/24/2015 15:20,42271.64,1582.1,25.66,17.65
9/24/2015 15:30,42271.65,1581.3,25.67,17.65
9/24/2015 15:40,42271.65,1580.9,25.67,17.65
9/24/2015 15:50,42271.66,1580.7,25.66,17.65
9/24/2015 16:00,42271.67,1580.5,25.66,17.65
9/24/2015 16:10,42271.67,1580.3,25.66,17.65
9/24/2015 16:20,42271.68,1580.8,25.66,17.65
9/24/2015 16:30,42271.69,1581.2,25.66,17.65
9/24/2015 16:40,42271.69,1581.9,25.66,17.65
9/24/2015 16:50,42271.70,1583.1,25.66,17.65
9/24/2015 17:00,42271.71,1584.5,25.66,17.65
9/24/2015 17:10,42271.72,1586,25.66,17.65
9/24/2015 17:20,42271.72,1587.6,25.66,17.65
9/24/2015 17:30,42271.73,1589.4,25.66,17.65
9/24/2015 17:40,42271.74,1591.3,25.66,17.65
9/24/2015 17:50,42271.74,1593.2,25.66,17.65
9/24/2015 18:00,42271.75,1595.3,25.67,17.65
9/24/2015 18:10,42271.76,1597.4,25.66,17.65
9/24/2015 18:20,42271.76,1599.1,25.66,17.65
9/24/2015 18:30,42271.77,1601,25.66,17.65
9/24/2015 18:40,42271.78,1603.1,25.66,17.65
9/24/2015 18:50,42271.78,1605,25.66,17.65
9/24/2015 19:00,42271.79,1607.3,25.66,17.65
9/24/2015 19:10,42271.80,1609.3,25.66,17.65
9/24/2015 19:20,42271.81,1611.4,25.67,17.65
9/24/2015 19:30,42271.81,1613.7,25.66,17.65
9/24/2015 19:40,42271.82,1615.8,25.66,17.65
9/24/2015 19:50,42271.83,1617.7,25.66,17.65
9/24/2015 20:00,42271.83,1619.6,25.66,17.65
9/24/2015 20:10,42271.84,1621.2,25.66,17.65
9/24/2015 20:20,42271.85,1622.4,25.66,17.65
9/24/2015 20:30,42271.85,1623.8,25.66,17.65
9/24/2015 20:40,42271.86,1625.3,25.66,17.65
9/24/2015 20:50,42271.87,1626.2,25.66,17.65
9/24/2015 21:00,42271.88,1626.9,25.66,17.65
9/24/2015 21:10,42271.88,1627.6,25.66,17.65
9/24/2015 21:20,42271.89,1628.1,25.66,17.65
9/24/2015 21:30,42271.90,1628.1,25.66,17.65
9/24/2015 21:40,42271.90,1629.1,25.67,17.65
9/24/2015 21:50,42271.91,1629.3,25.67,17.65
9/24/2015 22:00,42271.92,1629.1,25.66,17.65
9/24/2015 22:10,42271.92,1629.1,25.66,17.65
9/24/2015 22:20,42271.93,1629,25.66,17.65
9/24/2015 22:30,42271.94,1628.9,25.67,17.65
9/24/2015 22:40,42271.94,1628,25.67,17.65
9/24/2015 22:50,42271.95,1627.4,25.66,17.65
9/24/2015 23:00,42271.96,1626.5,25.66,17.65
9/24/2015 23:10,42271.97,1625.5,25.66,17.65
9/24/2015 23:20,42271.97,1624.1,25.66,17.65
9/24/2015 23:30,42271.98,1622.8,25.67,17.65
9/24/2015 23:40,42271.99,1621,25.66,17.65
9/24/2015 23:50,42271.99,1619.4,25.66,17.65
9/25/2015 0:00,42272.00,1617.3,25.66,17.65
9/25/2015 0:10,42272.01,1615.1,25.67,17.65
9/25/2015 0:20,42272.01,1613,25.67,17.65
9/25/2015 0:30,42272.02,1610.7,25.66,17.65
9/25/2015 0:40,42272.03,1608.4,25.66,17.65
9/25/2015 0:50,42272.03,1606.2,25.66,17.65
9/25/2015 1:00,42272.04,1604.1,25.66,17.65
9/25/2015 1:10,42272.05,1602,25.66,17.65
9/25/2015 1:20,42272.06,1599.8,25.66,17.65
9/25/2015 1:30,42272.06,1597.9,25.66,17.65
9/25/2015 1:40,42272.07,1596,25.66,17.65
9/25/2015 1:50,42272.08,1593.9,25.66,17.65
9/25/2015 2:00,42272.08,1592.5,25.66,17.65
9/25/2015 2:10,42272.09,1590.6,25.67,17.65
9/25/2015 2:20,42272.10,1589.4,25.66,17.65
9/25/2015 2:30,42272.10,1587.7,25.67,17.65
9/25/2015 2:40,42272.11,1586.2,25.66,17.65
9/25/2015 2:50,42272.12,1584.9,25.67,17.65
9/25/2015 3:00,42272.13,1583.8,25.66,17.65
9/25/2015 3:10,42272.13,1582.7,25.67,17.65
9/25/2015 3:20,42272.14,1581.9,25.66,17.65
9/25/2015 3:30,42272.15,1580.7,25.66,17.65
9/25/2015 3:40,42272.15,1579.9,25.67,17.65
9/25/2015 3:50,42272.16,1578.9,25.66,17.65
9/25/2015 4:00,42272.17,1577.9,25.66,17.65
9/25/2015 4:10,42272.17,1577.7,25.66,17.65
9/25/2015 4:20,42272.18,1577.1,25.67,17.65
9/25/2015 4:30,42272.19,1577.4,25.67,17.65
9/25/2015 4:40,42272.19,1577.9,25.66,17.65
9/25/2015 4:50,42272.20,1578.5,25.67,17.65
9/25/2015 5:00,42272.21,1579.4,25.66,17.65
9/25/2015 5:10,42272.22,1580.3,25.66,17.65
9/25/2015 5:20,42272.22,1581.9,25.66,17.65
9/25/2015 5:30,42272.23,1583.7,25.67,17.65
9/25/2015 5:40,42272.24,1585.3,25.66,17.65
9/25/2015 5:50,42272.24,1587.4,25.66,17.65
9/25/2015 6:00,42272.25,1589.5,25.66,17.65
9/25/2015 6:10,42272.26,1591.9,25.66,17.65
9/25/2015 6:20,42272.26,1594.2,25.66,17.65
9/25/2015 6:30,42272.27,1596.9,25.67,17.65
9/25/2015 6:40,42272.28,1599.3,25.67,17.65
9/25/2015 6:50,42272.28,1601.8,25.67,17.65
9/25/2015 7:00,42272.29,1604,25.67,17.65
9/25/2015 7:10,42272.30,1606.8,25.67,17.65
9/25/2015 7:20,42272.31,1609.3,25.67,17.65
9/25/2015 7:30,42272.31,1612.2,25.67,17.65
9/25/2015 7:40,42272.32,1614.8,25.67,17.65
9/25/2015 7:50,42272.33,1617.6,25.67,17.65
9/25/2015 8:00,42272.33,1620.4,25.67,17.65
9/25/2015 8:10,42272.34,1622.6,25.67,17.65
9/25/2015 8:20,42272.35,1624.5,25.67,17.65
9/25/2015 8:30,42272.35,1625.9,25.67,17.65
9/25/2015 8:40,42272.36,1627.7,25.66,17.65
9/25/2015 8:50,42272.37,1629.1,25.67,17.65
9/25/2015 9:00,42272.38,1630.3,25.67,17.65
9/25/2015 9:10,42272.38,1631.3,25.67,17.65
9/25/2015 9:20,42272.39,1632.2,25.67,17.65
9/25/2015 9:30,42272.40,1632.7,25.67,17.65
9/25/2015 9:40,42272.40,1633.1,25.67,17.65
9/25/2015 9:50,42272.41,1633.4,25.67,17.65
9/25/2015 10:00,42272.42,1634.3,25.67,17.65
9/25/2015 10:10,42272.42,1634.5,25.67,17.65
9/25/2015 10:20,42272.43,1634.8,25.67,17.65
9/25/2015 10:30,42272.44,1635,25.67,17.65
9/25/2015 10:40,42272.44,1635,25.67,17.65
9/25/2015 10:50,42272.45,1634.6,25.67,17.65
9/25/2015 11:00,42272.46,1634.5,25.67,17.65
9/25/2015 11:10,42272.47,1633.9,25.67,17.65
9/25/2015 11:20,42272.47,1633.1,25.67,17.65
9/25/2015 11:30,42272.48,1632.4,25.67,17.65
9/25/2015 11:40,42272.49,1631.3,25.67,17.65
9/25/2015 11:50,42272.49,1629.9,25.67,17.65
9/25/2015 12:00,42272.50,1628.6,25.67,17.65
9/25/2015 12:10,42272.51,1627,25.67,17.65
9/25/2015 12:20,42272.51,1625.1,25.67,17.65
9/25/2015 12:30,42272.52,1623,25.67,17.65
9/25/2015 12:40,42272.53,1621,25.67,17.65
9/25/2015 12:50,42272.53,1618.8,25.67,17.65
9/25/2015 13:00,42272.54,1616.7,25.67,17.65
9/25/2015 13:10,42272.55,1614.8,25.67,17.65
9/25/2015 13:20,42272.56,1612,25.67,17.65
9/25/2015 13:30,42272.56,1609.6,25.67,17.65
9/25/2015 13:40,42272.57,1606.6,25.67,17.65
9/25/2015 13:50,42272.58,1603.7,25.67,17.65
9/25/2015 14:00,42272.58,1600.9,25.67,17.65
9/25/2015 14:10,42272.59,1597.9,25.67,17.65
9/25/2015 14:20,42272.60,1595.5,25.67,17.65
9/25/2015 14:30,42272.60,1592.9,25.67,17.65
9/25/2015 14:40,42272.61,1590.6,25.67,17.65
9/25/2015 14:50,42272.62,1588.5,25.67,17.65
9/25/2015 15:00,42272.63,1586.7,25.66,17.65
9/25/2015 15:10,42272.63,1585,25.67,17.65
9/25/2015 15:20,42272.64,1583.4,25.67,17.65
9/25/2015 15:30,42272.65,1581.8,25.67,17.65
9/25/2015 15:40,42272.65,1580.6,25.67,17.65
9/25/2015 15:50,42272.66,1579.4,25.66,17.65
9/25/2015 16:00,42272.67,1577.9,25.67,17.65
9/25/2015 16:10,42272.67,1577.1,25.67,17.65
9/25/2015 16:20,42272.68,1575.8,25.66,17.65
9/25/2015 16:30,42272.69,1575.4,25.66,17.65
9/25/2015 16:40,42272.69,1574.8,25.66,17.65
9/25/2015 16:50,42272.70,1574.3,25.67,17.65
9/25/2015 17:00,42272.71,1574.1,25.67,17.65
9/25/2015 17:10,42272.72,1574.3,25.66,17.65
9/25/2015 17:20,42272.72,1574.4,25.66,17.65
9/25/2015 17:30,42272.73,1574.8,25.67,17.65
9/25/2015 17:40,42272.74,1575.8,25.67,17.65
9/25/2015 17:50,42272.74,1576.7,25.67,17.65
9/25/2015 18:00,42272.75,1578.5,25.67,17.65
9/25/2015 18:10,42272.76,1580.3,25.66,17.65
9/25/2015 18:20,42272.76,1582.5,25.67,17.65
9/25/2015 18:30,42272.77,1584.9,25.67,17.65
9/25/2015 18:40,42272.78,1587.3,25.67,17.65
9/25/2015 18:50,42272.78,1589.5,25.66,17.65
9/25/2015 19:00,42272.79,1592.5,25.66,17.65
9/25/2015 19:10,42272.80,1595.1,25.67,17.65
9/25/2015 19:20,42272.81,1597.8,25.67,17.65
9/25/2015 19:30,42272.81,1600.4,25.67,17.65
9/25/2015 19:40,42272.82,1603.1,25.67,17.65
9/25/2015 19:50,42272.83,1605.9,25.67,17.65
9/25/2015 20:00,42272.83,1608,25.66,17.65
9/25/2015 20:10,42272.84,1610.8,25.67,17.65
9/25/2015 20:20,42272.85,1613.9,25.67,17.65
9/25/2015 20:30,42272.85,1616.7,25.67,17.65
9/25/2015 20:40,42272.86,1619.7,25.67,17.65
9/25/2015 20:50,42272.87,1621.9,25.67,17.65
9/25/2015 21:00,42272.88,1624,25.67,17.65
9/25/2015 21:10,42272.88,1625.8,25.67,17.65
9/25/2015 21:20,42272.89,1627.3,25.67,17.65
9/25/2015 21:30,42272.90,1628.4,25.67,17.65
9/25/2015 21:40,42272.90,1629.6,25.67,17.65
9/25/2015 21:50,42272.91,1630.4,25.67,17.65
9/25/2015 22:00,42272.92,1631,25.67,17.65
9/25/2015 22:10,42272.92,1631.7,25.67,17.65
9/25/2015 22:20,42272.93,1632,25.67,17.65
9/25/2015 22:30,42272.94,1632.4,25.67,17.65
9/25/2015 22:40,42272.94,1632.9,25.67,17.65
9/25/2015 22:50,42272.95,1633.1,25.67,17.65
9/25/2015 23:00,42272.96,1633.4,25.67,17.65
9/25/2015 23:10,42272.97,1633.2,25.67,17.65
9/25/2015 23:20,42272.97,1633.2,25.67,17.65
9/25/2015 23:30,42272.98,1632.7,25.67,17.65
9/25/2015 23:40,42272.99,1632.2,25.67,17.65
9/25/2015 23:50,42272.99,1631.5,25.67,17.65
9/26/2015 0:00,42273.00,1631,25.67,17.65
9/26/2015 0:10,42273.01,1629.9,25.67,17.65
9/26/2015 0:20,42273.01,1628.9,25.67,17.65
9/26/2015 0:30,42273.02,1627.3,25.67,17.65
9/26/2015 0:40,42273.03,1625.4,25.67,17.65
9/26/2015 0:50,42273.03,1623.7,25.67,17.65
9/26/2015 1:00,42273.04,1621.6,25.67,17.65
9/26/2015 1:10,42273.05,1619.5,25.67,17.65
9/26/2015 1:20,42273.06,1617.6,25.67,17.65
9/26/2015 1:30,42273.06,1615.1,25.67,17.65
9/26/2015 1:40,42273.07,1612.9,25.67,17.65
9/26/2015 1:50,42273.08,1610.4,25.66,17.65
9/26/2015 2:00,42273.08,1607.7,25.67,17.65
9/26/2015 2:10,42273.09,1604.9,25.67,17.65
9/26/2015 2:20,42273.10,1602,25.67,17.65
9/26/2015 2:30,42273.10,1599.2,25.67,17.65
9/26/2015 2:40,42273.11,1596.9,25.67,17.65
9/26/2015 2:50,42273.12,1594.4,25.67,17.65
9/26/2015 3:00,42273.13,1592,25.67,17.65
9/26/2015 3:10,42273.13,1589.9,25.67,17.65
9/26/2015 3:20,42273.14,1587.8,25.67,17.65
9/26/2015 3:30,42273.15,1586,25.66,17.65
9/26/2015 3:40,42273.15,1584.6,25.66,17.65
9/26/2015 3:50,42273.16,1583,25.67,17.65
9/26/2015 4:00,42273.17,1581.3,25.67,17.65
9/26/2015 4:10,42273.17,1580,25.67,17.65
9/26/2015 4:20,42273.18,1578.8,25.67,17.65
9/26/2015 4:30,42273.19,1577.4,25.67,17.65
9/26/2015 4:40,42273.19,1576.5,25.67,17.65
9/26/2015 4:50,42273.20,1575.7,25.67,17.65
9/26/2015 5:00,42273.21,1575,25.67,17.65
9/26/2015 5:10,42273.22,1574.8,25.67,17.65
9/26/2015 5:20,42273.22,1574.7,25.67,17.65
9/26/2015 5:30,42273.23,1574.5,25.67,17.65
9/26/2015 5:40,42273.24,1574.7,25.67,17.65
9/26/2015 5:50,42273.24,1575.2,25.67,17.65
9/26/2015 6:00,42273.25,1576.2,25.67,17.65
9/26/2015 6:10,42273.26,1577.6,25.67,17.65
9/26/2015 6:20,42273.26,1579.3,25.67,17.65
9/26/2015 6:30,42273.27,1581,25.66,17.65
9/26/2015 6:40,42273.28,1583.2,25.67,17.65
9/26/2015 6:50,42273.28,1585.7,25.67,17.65
9/26/2015 7:00,42273.29,1588.4,25.67,17.65
9/26/2015 7:10,42273.30,1591.3,25.67,17.65
9/26/2015 7:20,42273.31,1594.3,25.67,17.65
9/26/2015 7:30,42273.31,1597.4,25.67,17.65
9/26/2015 7:40,42273.32,1600.4,25.67,17.65
9/26/2015 7:50,42273.33,1603.3,25.67,17.65
9/26/2015 8:00,42273.33,1606.3,25.67,17.65
9/26/2015 8:10,42273.34,1609.1,25.66,17.65
9/26/2015 8:20,42273.35,1612.2,25.67,17.65
9/26/2015 8:30,42273.35,1615.3,25.67,17.65
9/26/2015 8:40,42273.36,1618.5,25.67,17.65
9/26/2015 8:50,42273.37,1621.7,25.67,17.65
9/26/2015 9:00,42273.38,1624.5,25.67,17.65
9/26/2015 9:10,42273.38,1627.2,25.67,17.65
9/26/2015 9:20,42273.39,1629.1,25.67,17.65
9/26/2015 9:30,42273.40,1630.6,25.67,17.65
9/26/2015 9:40,42273.40,1632,25.67,17.65
9/26/2015 9:50,42273.41,1633.4,25.67,17.65
9/26/2015 10:00,42273.42,1634.8,25.67,17.65
9/26/2015 10:10,42273.42,1636,25.67,17.65
9/26/2015 10:20,42273.43,1636.7,25.67,17.65
9/26/2015 10:30,42273.44,1638.1,25.67,17.65
9/26/2015 10:40,42273.44,1639.2,25.66,17.65
9/26/2015 10:50,42273.45,1640.3,25.67,17.65
9/26/2015 11:00,42273.46,1641.4,25.67,17.65
9/26/2015 11:10,42273.47,1642.1,25.67,17.65
9/26/2015 11:20,42273.47,1642.6,25.67,17.65
9/26/2015 11:30,42273.48,1642.8,25.67,17.65
9/26/2015 11:40,42273.49,1643,25.67,17.65
9/26/2015 11:50,42273.49,1642.3,25.67,17.65
9/26/2015 12:00,42273.50,1641.6,25.67,17.65
9/26/2015 12:10,42273.51,1640,25.67,17.65
9/26/2015 12:20,42273.51,1638.3,25.67,17.65
9/26/2015 12:30,42273.52,1636.2,25.67,17.65
9/26/2015 12:40,42273.53,1634.3,25.67,17.65
9/26/2015 12:50,42273.53,1632.2,25.67,17.65
9/26/2015 13:00,42273.54,1630.4,25.67,17.65
9/26/2015 13:10,42273.55,1628.4,25.67,17.65
9/26/2015 13:20,42273.56,1626.3,25.67,17.65
9/26/2015 13:30,42273.56,1624.2,25.67,17.65
9/26/2015 13:40,42273.57,1622.3,25.67,17.65
9/26/2015 13:50,42273.58,1620.2,25.67,17.65
9/26/2015 14:00,42273.58,1618.5,25.67,17.65
9/26/2015 14:10,42273.59,1616,25.67,17.65
9/26/2015 14:20,42273.60,1613.6,25.67,17.65
9/26/2015 14:30,42273.60,1611.2,25.67,17.65
9/26/2015 14:40,42273.61,1608.6,25.67,17.65
9/26/2015 14:50,42273.62,1605.6,25.67,17.65
9/26/2015 15:00,42273.63,1602.8,25.67,17.65
9/26/2015 15:10,42273.63,1599.5,25.67,17.65
9/26/2015 15:20,42273.64,1596.2,25.67,17.65
9/26/2015 15:30,42273.65,1593.4,25.67,17.65
9/26/2015 15:40,42273.65,1590.8,25.67,17.65
9/26/2015 15:50,42273.66,1588.5,25.67,17.65
9/26/2015 16:00,42273.67,1586.6,25.67,17.65
9/26/2015 16:10,42273.67,1584.2,25.67,17.65
9/26/2015 16:20,42273.68,1582.3,25.67,17.65
9/26/2015 16:30,42273.69,1580.2,25.67,17.65
9/26/2015 16:40,42273.69,1578.6,25.67,17.65
9/26/2015 16:50,42273.70,1577.4,25.67,17.65
9/26/2015 17:00,42273.71,1576.7,25.67,17.65
9/26/2015 17:10,42273.72,1575.2,25.67,17.65
9/26/2015 17:20,42273.72,1574,25.67,17.65
9/26/2015 17:30,42273.73,1572.7,25.67,17.65
9/26/2015 17:40,42273.74,1571.9,25.67,17.65
9/26/2015 17:50,42273.74,1571.5,25.67,17.65
9/26/2015 18:00,42273.75,1571.3,25.67,17.65
9/26/2015 18:10,42273.76,1571.2,25.67,17.65
9/26/2015 18:20,42273.76,1571.5,25.67,17.65
9/26/2015 18:30,42273.77,1572.6,25.67,17.65
9/26/2015 18:40,42273.78,1573.8,25.67,17.65
9/26/2015 18:50,42273.78,1575.5,25.67,17.65
9/26/2015 19:00,42273.79,1577.4,25.67,17.65
9/26/2015 19:10,42273.80,1579.9,25.67,17.65
9/26/2015 19:20,42273.81,1582.3,25.67,17.65
9/26/2015 19:30,42273.81,1584.7,25.67,17.65
9/26/2015 19:40,42273.82,1587.7,25.67,17.65
9/26/2015 19:50,42273.83,1590.5,25.67,17.65
9/26/2015 20:00,42273.83,1593.9,25.67,17.65
9/26/2015 20:10,42273.84,1597.2,25.67,17.65
9/26/2015 20:20,42273.85,1600.7,25.67,17.65
9/26/2015 20:30,42273.85,1603.8,25.67,17.65
9/26/2015 20:40,42273.86,1607,25.67,17.65
9/26/2015 20:50,42273.87,1609.6,25.67,17.65
9/26/2015 21:00,42273.88,1612.7,25.67,17.65
9/26/2015 21:10,42273.88,1616,25.67,17.65
9/26/2015 21:20,42273.89,1619.2,25.67,17.65
9/26/2015 21:30,42273.90,1622.3,25.67,17.65
9/26/2015 21:40,42273.90,1625.1,25.67,17.65
9/26/2015 21:50,42273.91,1627.5,25.67,17.65
9/26/2015 22:00,42273.92,1629.6,25.67,17.65
9/26/2015 22:10,42273.92,1631,25.67,17.65
9/26/2015 22:20,42273.93,1632.4,25.67,17.65
9/26/2015 22:30,42273.94,1633.4,25.67,17.65
9/26/2015 22:40,42273.94,1634.6,25.67,17.65
9/26/2015 22:50,42273.95,1636.4,25.67,17.65
9/26/2015 23:00,42273.96,1637.6,25.67,17.65
9/26/2015 23:10,42273.97,1638.8,25.67,17.65
9/26/2015 23:20,42273.97,1639.8,25.67,17.65
9/26/2015 23:30,42273.98,1640.9,25.67,17.65
9/26/2015 23:40,42273.99,1641.6,25.67,17.65
9/26/2015 23:50,42273.99,1642.3,25.67,17.65
9/27/2015 0:00,42274.00,1642.4,25.67,17.65
9/27/2015 0:10,42274.01,1642.3,25.67,17.65
9/27/2015 0:20,42274.01,1641.9,25.67,17.65
9/27/2015 0:30,42274.02,1640.9,25.67,17.65
9/27/2015 0:40,42274.03,1639.6,25.67,17.65
9/27/2015 0:50,42274.03,1638,25.67,17.65
9/27/2015 1:00,42274.04,1635.9,25.67,17.65
9/27/2015 1:10,42274.05,1633.8,25.67,17.65
9/27/2015 1:20,42274.06,1631.8,25.67,17.65
9/27/2015 1:30,42274.06,1629.7,25.67,17.65
9/27/2015 1:40,42274.07,1627.9,25.67,17.65
9/27/2015 1:50,42274.08,1625.9,25.67,17.65
9/27/2015 2:00,42274.08,1624,25.67,17.65
9/27/2015 2:10,42274.09,1621.6,25.67,17.65
9/27/2015 2:20,42274.10,1619.7,25.67,17.65
9/27/2015 2:30,42274.10,1617.2,25.67,17.65
9/27/2015 2:40,42274.11,1615,25.67,17.65
9/27/2015 2:50,42274.12,1612.5,25.67,17.65
9/27/2015 3:00,42274.13,1610,25.67,17.65
9/27/2015 3:10,42274.13,1607.5,25.67,17.65
9/27/2015 3:20,42274.14,1604.5,25.67,17.65
9/27/2015 3:30,42274.15,1601.1,25.67,17.65
9/27/2015 3:40,42274.15,1598.3,25.67,17.65
9/27/2015 3:50,42274.16,1595.3,25.67,17.65
9/27/2015 4:00,42274.17,1592.6,25.67,17.65
9/27/2015 4:10,42274.17,1589.8,25.67,17.65
9/27/2015 4:20,42274.18,1587.7,25.67,17.65
9/27/2015 4:30,42274.19,1585.9,25.67,17.65
9/27/2015 4:40,42274.19,1583.5,25.67,17.65
9/27/2015 4:50,42274.20,1581.8,25.67,17.65
9/27/2015 5:00,42274.21,1580,25.67,17.65
9/27/2015 5:10,42274.22,1578.5,25.67,17.65
9/27/2015 5:20,42274.22,1577.2,25.67,17.65
9/27/2015 5:30,42274.23,1575.8,25.67,17.65
9/27/2015 5:40,42274.24,1574.7,25.67,17.65
9/27/2015 5:50,42274.24,1573.8,25.67,17.65
9/27/2015 6:00,42274.25,1572.9,25.67,17.65
9/27/2015 6:10,42274.26,1572.2,25.67,17.65
9/27/2015 6:20,42274.26,1571.9,25.67,17.65
9/27/2015 6:30,42274.27,1571.9,25.67,17.65
9/27/2015 6:40,42274.28,1572.6,25.67,17.65
9/27/2015 6:50,42274.28,1573.3,25.67,17.65
9/27/2015 7:00,42274.29,1574.3,25.67,17.65
9/27/2015 7:10,42274.30,1576.2,25.67,17.65
9/27/2015 7:20,42274.31,1578.1,25.67,17.65
9/27/2015 7:30,42274.31,1580.9,25.67,17.65
9/27/2015 7:40,42274.32,1583.7,25.67,17.65
9/27/2015 7:50,42274.33,1586.4,25.67,17.65
9/27/2015 8:00,42274.33,1589.8,25.67,17.65
9/27/2015 8:10,42274.34,1593.1,25.67,17.65
9/27/2015 8:20,42274.35,1596.9,25.67,17.65
9/27/2015 8:30,42274.35,1600.7,25.67,17.65
9/27/2015 8:40,42274.36,1604.4,25.67,17.65
9/27/2015 8:50,42274.37,1607.9,25.67,17.65
9/27/2015 9:00,42274.38,1611,25.67,17.65
9/27/2015 9:10,42274.38,1613.9,25.67,17.65
9/27/2015 9:20,42274.39,1617.1,25.67,17.65
9/27/2015 9:30,42274.40,1620.7,25.67,17.65
9/27/2015 9:40,42274.40,1624.2,25.67,17.65
9/27/2015 9:50,42274.41,1627.7,25.67,17.65
9/27/2015 10:00,42274.42,1630.6,25.67,17.65
9/27/2015 10:10,42274.42,1632.9,25.67,17.65
9/27/2015 10:20,42274.43,1634.8,25.67,17.65
9/27/2015 10:30,42274.44,1636,25.67,17.65
9/27/2015 10:40,42274.44,1637.4,25.67,17.65
9/27/2015 10:50,42274.45,1639.5,25.67,17.65
9/27/2015 11:00,42274.46,1641.2,25.67,17.65
9/27/2015 11:10,42274.47,1643.3,25.67,17.65
9/27/2015 11:20,42274.47,1644.9,25.67,17.65
9/27/2015 11:30,42274.48,1646.3,25.67,17.65
9/27/2015 11:40,42274.49,1647.5,25.67,17.65
9/27/2015 11:50,42274.49,1648.7,25.67,17.65
9/27/2015 12:00,42274.50,1649.7,25.67,17.65
9/27/2015 12:10,42274.51,1650.4,25.67,17.65
9/27/2015 12:20,42274.51,1650.6,25.67,17.65
9/27/2015 12:30,42274.52,1650.4,25.67,17.65
9/27/2015 12:40,42274.53,1649.9,25.67,17.65
9/27/2015 12:50,42274.53,1648.7,25.67,17.65
9/27/2015 13:00,42274.54,1647.3,25.67,17.65
9/27/2015 13:10,42274.55,1645.1,25.67,17.65
9/27/2015 13:20,42274.56,1642.1,25.67,17.65
9/27/2015 13:30,42274.56,1638.6,25.67,17.65
9/27/2015 13:40,42274.57,1635.7,25.67,17.65
9/27/2015 13:50,42274.58,1632.7,25.67,17.65
9/27/2015 14:00,42274.58,1629.9,25.67,17.65
9/27/2015 14:10,42274.59,1627.2,25.67,17.65
9/27/2015 14:20,42274.60,1624.9,25.67,17.65
9/27/2015 14:30,42274.60,1622.6,25.67,17.65
9/27/2015 14:40,42274.61,1620.5,25.67,17.65
9/27/2015 14:50,42274.62,1618.6,25.67,17.65
9/27/2015 15:00,42274.63,1616.4,25.67,17.65
9/27/2015 15:10,42274.63,1614.1,25.67,17.65
9/27/2015 15:20,42274.64,1612,25.67,17.65
9/27/2015 15:30,42274.65,1609.3,25.67,17.65
9/27/2015 15:40,42274.65,1607.2,25.67,17.65
9/27/2015 15:50,42274.66,1603.8,25.67,17.65
9/27/2015 16:00,42274.67,1600.7,25.67,17.65
9/27/2015 16:10,42274.67,1597.6,25.67,17.65
9/27/2015 16:20,42274.68,1594.3,25.67,17.65
9/27/2015 16:30,42274.69,1591,25.67,17.65
9/27/2015 16:40,42274.69,1588.4,25.67,17.65
9/27/2015 16:50,42274.70,1585.6,25.67,17.65
9/27/2015 17:00,42274.71,1583.2,25.67,17.65
9/27/2015 17:10,42274.72,1581.1,25.67,17.65
9/27/2015 17:20,42274.72,1579,25.67,17.65
9/27/2015 17:30,42274.73,1577.1,25.67,17.65
9/27/2015 17:40,42274.74,1575.5,25.67,17.65
9/27/2015 17:50,42274.74,1574.1,25.67,17.65
9/27/2015 18:00,42274.75,1572.7,25.67,17.65
9/27/2015 18:10,42274.76,1571.3,25.67,17.65
9/27/2015 18:20,42274.76,1570.3,25.67,17.65
9/27/2015 18:30,42274.77,1569.2,25.67,17.65
9/27/2015 18:40,42274.78,1568.7,25.67,17.65
9/27/2015 18:50,42274.78,1568.5,25.67,17.65
9/27/2015 19:00,42274.79,1568.5,25.67,17.65
9/27/2015 19:10,42274.80,1568.7,25.67,17.65
9/27/2015 19:20,42274.81,1569.9,25.67,17.65
9/27/2015 19:30,42274.81,1571.5,25.67,17.65
9/27/2015 19:40,42274.82,1573.6,25.67,17.65
9/27/2015 19:50,42274.83,1576,25.67,17.65
9/27/2015 20:00,42274.83,1578.8,25.67,17.65
9/27/2015 20:10,42274.84,1582,25.67,17.65
9/27/2015 20:20,42274.85,1585,25.67,17.65
9/27/2015 20:30,42274.85,1588.9,25.67,17.65
9/27/2015 20:40,42274.86,1592.7,25.67,17.65
9/27/2015 20:50,42274.87,1596.9,25.67,17.65
9/27/2015 21:00,42274.88,1600.7,25.67,17.65
9/27/2015 21:10,42274.88,1604.7,25.67,17.65
9/27/2015 21:20,42274.89,1607.9,25.67,17.65
9/27/2015 21:30,42274.90,1611.4,25.67,17.65
9/27/2015 21:40,42274.90,1614.4,25.67,17.65
9/27/2015 21:50,42274.91,1617.9,25.67,17.65
9/27/2015 22:00,42274.92,1621.4,25.67,17.65
9/27/2015 22:10,42274.92,1624.7,25.67,17.65
9/27/2015 22:20,42274.93,1628.4,25.67,17.65
9/27/2015 22:30,42274.94,1631.1,25.67,17.65
9/27/2015 22:40,42274.94,1633.2,25.67,17.65
9/27/2015 22:50,42274.95,1635.3,25.67,17.65
9/27/2015 23:00,42274.96,1637.3,25.67,17.65
9/27/2015 23:10,42274.97,1638.6,25.67,17.65
9/27/2015 23:20,42274.97,1640.5,25.67,17.65
9/27/2015 23:30,42274.98,1643.3,25.67,17.65
9/27/2015 23:40,42274.99,1645.1,25.67,17.65
9/27/2015 23:50,42274.99,1646.8,25.67,17.65
9/28/2015 0:00,42275.00,1648.3,25.67,17.65
9/28/2015 0:10,42275.01,1650.1,25.67,17.65
9/28/2015 0:20,42275.01,1651.1,25.67,17.65
9/28/2015 0:30,42275.02,1652,25.67,17.65
9/28/2015 0:40,42275.03,1652.7,25.67,17.65
9/28/2015 0:50,42275.03,1652.9,25.67,17.65
9/28/2015 1:00,42275.04,1652.2,25.67,17.65
9/28/2015 1:10,42275.05,1651.8,25.67,17.65
9/28/2015 1:20,42275.06,1650.8,25.67,17.65
9/28/2015 1:30,42275.06,1648.9,25.67,17.65
9/28/2015 1:40,42275.07,1646.5,25.67,17.65
9/28/2015 1:50,42275.08,1643.1,25.67,17.65
9/28/2015 2:00,42275.08,1639.8,25.67,17.65
9/28/2015 2:10,42275.09,1636.2,25.67,17.65
9/28/2015 2:20,42275.10,1633.2,25.67,17.65
9/28/2015 2:30,42275.10,1630.1,25.67,17.65
9/28/2015 2:40,42275.11,1627.5,25.67,17.65
9/28/2015 2:50,42275.12,1625.2,25.67,17.65
9/28/2015 3:00,42275.13,1623.1,25.67,17.65
9/28/2015 3:10,42275.13,1620.7,25.67,17.65
9/28/2015 3:20,42275.14,1618.6,25.67,17.65
9/28/2015 3:30,42275.15,1616.5,25.67,17.65
9/28/2015 3:40,42275.15,1614.3,25.67,17.65
9/28/2015 3:50,42275.16,1611.8,25.67,17.65
9/28/2015 4:00,42275.17,1609.4,25.67,17.65
9/28/2015 4:10,42275.17,1607,25.67,17.65
9/28/2015 4:20,42275.18,1604,25.67,17.65
9/28/2015 4:30,42275.19,1600.7,25.67,17.65
9/28/2015 4:40,42275.19,1597.6,25.67,17.65
9/28/2015 4:50,42275.20,1594.4,25.67,17.65
9/28/2015 5:00,42275.21,1591.5,25.67,17.65
9/28/2015 5:10,42275.22,1588.5,25.67,17.65
9/28/2015 5:20,42275.22,1586.3,25.67,17.65
9/28/2015 5:30,42275.23,1583.5,25.67,17.65
9/28/2015 5:40,42275.24,1581.4,25.67,17.65
9/28/2015 5:50,42275.24,1579.3,25.67,17.65
9/28/2015 6:00,42275.25,1577.4,25.67,17.65
9/28/2015 6:10,42275.26,1575.7,25.67,17.65
9/28/2015 6:20,42275.26,1574.1,25.67,17.65
9/28/2015 6:30,42275.27,1572.9,25.67,17.65
9/28/2015 6:40,42275.28,1571.3,25.67,17.65
9/28/2015 6:50,42275.28,1570.6,25.67,17.65
9/28/2015 7:00,42275.29,1570.1,25.67,17.65
9/28/2015 7:10,42275.30,1569.2,25.67,17.65
9/28/2015 7:20,42275.31,1569.4,25.67,17.65
9/28/2015 7:30,42275.31,1569.9,25.67,17.65
9/28/2015 7:40,42275.32,1570.9,25.67,17.65
9/28/2015 7:50,42275.33,1572.4,25.67,17.65
9/28/2015 8:00,42275.33,1574.5,25.67,17.65
9/28/2015 8:10,42275.34,1577.1,25.67,17.65
9/28/2015 8:20,42275.35,1580,25.67,17.65
9/28/2015 8:30,42275.35,1583.4,25.67,17.65
9/28/2015 8:40,42275.36,1586.6,25.67,17.65
9/28/2015 8:50,42275.37,1590.3,25.67,17.65
9/28/2015 9:00,42275.38,1594.1,25.67,17.65
9/28/2015 9:10,42275.38,1598.5,25.67,17.65
9/28/2015 9:20,42275.39,1603,25.67,17.65
9/28/2015 9:30,42275.40,1607.3,25.67,17.65
9/28/2015 9:40,42275.40,1610.5,25.67,17.65
9/28/2015 9:50,42275.41,1614.3,25.67,17.65
9/28/2015 10:00,42275.42,1617.6,25.67,17.65
9/28/2015 10:10,42275.42,1620.7,25.67,17.65
9/28/2015 10:20,42275.43,1624.5,25.67,17.65
9/28/2015 10:30,42275.44,1628.2,25.67,17.65
9/28/2015 10:40,42275.44,1631.7,25.67,17.65
9/28/2015 10:50,42275.45,1634.5,25.67,17.65
9/28/2015 11:00,42275.46,1636.9,25.67,17.65
9/28/2015 11:10,42275.47,1638.8,25.67,17.65
9/28/2015 11:20,42275.47,1639.8,25.67,17.65
9/28/2015 11:30,42275.48,1641.6,25.67,17.65
9/28/2015 11:40,42275.49,1644.4,25.67,17.65
9/28/2015 11:50,42275.49,1646.3,25.67,17.65
9/28/2015 12:00,42275.50,1649,25.67,17.65
9/28/2015 12:10,42275.51,1651,25.67,17.65
9/28/2015 12:20,42275.51,1652.5,25.67,17.65
9/28/2015 12:30,42275.52,1653.9,25.67,17.65
9/28/2015 12:40,42275.53,1654.6,25.67,17.65
9/28/2015 12:50,42275.53,1655.3,25.67,17.65
9/28/2015 13:00,42275.54,1655.9,25.67,17.65
9/28/2015 13:10,42275.55,1656,25.67,17.65
9/28/2015 13:20,42275.56,1655.5,25.67,17.65
9/28/2015 13:30,42275.56,1654.5,25.67,17.65
9/28/2015 13:40,42275.57,1653.1,25.67,17.65
9/28/2015 13:50,42275.58,1651,25.67,17.65
9/28/2015 14:00,42275.58,1648.2,25.67,17.65
9/28/2015 14:10,42275.59,1644.5,25.67,17.65
9/28/2015 14:20,42275.60,1640.7,25.67,17.65
9/28/2015 14:30,42275.60,1636.9,25.67,17.65
9/28/2015 14:40,42275.61,1633.4,25.67,17.65
9/28/2015 14:50,42275.62,1629.9,25.67,17.65
9/28/2015 15:00,42275.63,1627.2,25.67,17.65
9/28/2015 15:10,42275.63,1624.7,25.67,17.65
9/28/2015 15:20,42275.64,1622.4,25.67,17.65
9/28/2015 15:30,42275.65,1620.2,25.67,17.65
9/28/2015 15:40,42275.65,1617.8,25.67,17.65
9/28/2015 15:50,42275.66,1615.5,25.67,17.65
9/28/2015 16:00,42275.67,1613.6,25.67,17.65
9/28/2015 16:10,42275.67,1611.2,25.67,17.65
9/28/2015 16:20,42275.68,1608.6,25.67,17.65
9/28/2015 16:30,42275.69,1605.6,25.67,17.65
9/28/2015 16:40,42275.69,1602.5,25.67,17.65
9/28/2015 16:50,42275.70,1599.3,25.67,17.65
9/28/2015 17:00,42275.71,1596,25.67,17.65
9/28/2015 17:10,42275.72,1592.4,25.67,17.65
9/28/2015 17:20,42275.72,1589.7,25.67,17.65
9/28/2015 17:30,42275.73,1587,25.67,17.65
9/28/2015 17:40,42275.74,1584.2,25.67,17.65
9/28/2015 17:50,42275.74,1581.6,25.67,17.65
9/28/2015 18:00,42275.75,1579.5,25.67,17.65
9/28/2015 18:10,42275.76,1577.4,25.67,17.65
9/28/2015 18:20,42275.76,1575.5,25.67,17.65
9/28/2015 18:30,42275.77,1573.8,25.67,17.65
9/28/2015 18:40,42275.78,1572,25.67,17.65
9/28/2015 18:50,42275.78,1570.7,25.67,17.65
9/28/2015 19:00,42275.79,1569.6,25.67,17.65
9/28/2015 19:10,42275.80,1568.4,25.67,17.65
9/28/2015 19:20,42275.81,1567.7,25.67,17.65
9/28/2015 19:30,42275.81,1567.2,25.67,17.65
9/28/2015 19:40,42275.82,1567,25.67,17.65
9/28/2015 19:50,42275.83,1567.3,25.67,17.65
9/28/2015 20:00,42275.83,1568.1,25.67,17.65
9/28/2015 20:10,42275.84,1569.2,25.67,17.65
9/28/2015 20:20,42275.85,1571.7,25.67,17.65
9/28/2015 20:30,42275.85,1574.1,25.67,17.65
9/28/2015 20:40,42275.86,1576.9,25.67,17.65
9/28/2015 20:50,42275.87,1580.2,25.67,17.65
9/28/2015 21:00,42275.88,1583.9,25.67,17.65
9/28/2015 21:10,42275.88,1587.9,25.67,17.65
9/28/2015 21:20,42275.89,1591.9,25.67,17.65
9/28/2015 21:30,42275.90,1596.4,25.67,17.65
9/28/2015 21:40,42275.90,1600.7,25.67,17.65
9/28/2015 21:50,42275.91,1604.6,25.67,17.65
9/28/2015 22:00,42275.92,1608.9,25.67,17.65
9/28/2015 22:10,42275.92,1612.2,25.67,17.65
9/28/2015 22:20,42275.93,1615.5,25.67,17.65
9/28/2015 22:30,42275.94,1619.3,25.67,17.65
9/28/2015 22:40,42275.94,1623,25.67,17.65
9/28/2015 22:50,42275.95,1626.5,25.67,17.65
9/28/2015 23:00,42275.96,1631,25.67,17.65
9/28/2015 23:10,42275.97,1634.8,25.67,17.65
9/28/2015 23:20,42275.97,1637.4,25.67,17.65
9/28/2015 23:30,42275.98,1638.9,25.67,17.65
9/28/2015 23:40,42275.99,1640.2,25.67,17.65
9/28/2015 23:50,42275.99,1642.3,25.68,17.65
9/29/2015 0:00,42276.00,1644.8,25.67,17.65
9/29/2015 0:10,42276.01,1647.3,25.67,17.65
9/29/2015 0:20,42276.01,1650.1,25.67,17.65
9/29/2015 0:30,42276.02,1652.5,25.67,17.65
9/29/2015 0:40,42276.03,1654.1,25.67,17.65
9/29/2015 0:50,42276.03,1656,25.67,17.65
9/29/2015 1:00,42276.04,1657.1,25.68,17.65
9/29/2015 1:10,42276.05,1658.1,25.67,17.65
9/29/2015 1:20,42276.06,1658.8,25.67,17.65
9/29/2015 1:30,42276.06,1658.6,25.67,17.65
9/29/2015 1:40,42276.07,1658.6,25.67,17.66
9/29/2015 1:50,42276.08,1657.9,25.67,17.65
9/29/2015 2:00,42276.08,1656.9,25.67,17.65
9/29/2015 2:10,42276.09,1655.2,25.68,17.65
9/29/2015 2:20,42276.10,1653,25.67,17.65
9/29/2015 2:30,42276.10,1650.1,25.67,17.65
9/29/2015 2:40,42276.11,1646.1,25.67,17.65
9/29/2015 2:50,42276.12,1641.7,25.67,17.65
9/29/2015 3:00,42276.13,1637.5,25.67,17.65
9/29/2015 3:10,42276.13,1634.1,25.67,17.65
9/29/2015 3:20,42276.14,1630.8,25.67,17.65
9/29/2015 3:30,42276.15,1627.7,25.67,17.65
9/29/2015 3:40,42276.15,1625.1,25.67,17.65
9/29/2015 3:50,42276.16,1622.8,25.67,17.65
9/29/2015 4:00,42276.17,1621.1,25.67,17.65
9/29/2015 4:10,42276.17,1618.8,25.67,17.65
9/29/2015 4:20,42276.18,1617.1,25.67,17.65
9/29/2015 4:30,42276.19,1614.8,25.67,17.65
9/29/2015 4:40,42276.19,1612.6,25.67,17.65
9/29/2015 4:50,42276.20,1610.1,25.67,17.65
9/29/2015 5:00,42276.21,1607.5,25.67,17.65
9/29/2015 5:10,42276.22,1604.4,25.67,17.65
9/29/2015 5:20,42276.22,1600.9,25.67,17.65
9/29/2015 5:30,42276.23,1597.9,25.67,17.65
9/29/2015 5:40,42276.24,1595,25.67,17.65
9/29/2015 5:50,42276.24,1591.9,25.67,17.65
9/29/2015 6:00,42276.25,1589,25.67,17.65
9/29/2015 6:10,42276.26,1586,25.67,17.65
9/29/2015 6:20,42276.26,1583.7,25.67,17.65
9/29/2015 6:30,42276.27,1581.4,25.68,17.66
9/29/2015 6:40,42276.28,1579,25.67,17.65
9/29/2015 6:50,42276.28,1577.6,25.67,17.65
9/29/2015 7:00,42276.29,1575.5,25.67,17.65
9/29/2015 7:10,42276.30,1574.2,25.67,17.65
9/29/2015 7:20,42276.31,1572.6,25.67,17.65
9/29/2015 7:30,42276.31,1571.5,25.67,17.65
9/29/2015 7:40,42276.32,1570.5,25.67,17.65
9/29/2015 7:50,42276.33,1570.2,25.67,17.65
9/29/2015 8:00,42276.33,1569.8,25.67,17.65
9/29/2015 8:10,42276.34,1569.6,25.67,17.65
9/29/2015 8:20,42276.35,1570,25.67,17.65
9/29/2015 8:30,42276.35,1570.9,25.67,17.65
9/29/2015 8:40,42276.36,1572.8,25.67,17.65
9/29/2015 8:50,42276.37,1575.2,25.67,17.65
9/29/2015 9:00,42276.38,1577.9,25.68,17.65
9/29/2015 9:10,42276.38,1581.5,25.67,17.65
9/29/2015 9:20,42276.39,1584.6,25.67,17.65
9/29/2015 9:30,42276.40,1588.4,25.67,17.65
9/29/2015 9:40,42276.40,1592.2,25.67,17.65
9/29/2015 9:50,42276.41,1596.8,25.67,17.65
9/29/2015 10:00,42276.42,1601.3,25.67,17.65
9/29/2015 10:10,42276.42,1605.8,25.67,17.65
9/29/2015 10:20,42276.43,1609.8,25.67,17.65
9/29/2015 10:30,42276.44,1613.4,25.67,17.65
9/29/2015 10:40,42276.44,1617.1,25.67,17.65
9/29/2015 10:50,42276.45,1620,25.67,17.65
9/29/2015 11:00,42276.46,1623.5,25.67,17.65
9/29/2015 11:10,42276.47,1627.2,25.67,17.65
9/29/2015 11:20,42276.47,1631.3,25.67,17.65
9/29/2015 11:30,42276.48,1635,25.68,17.66
9/29/2015 11:40,42276.49,1637.1,25.68,17.65
9/29/2015 11:50,42276.49,1639.5,25.67,17.65
9/29/2015 12:00,42276.50,1639.8,25.68,17.65
9/29/2015 12:10,42276.51,1641.9,25.67,17.65
9/29/2015 12:20,42276.51,1644.3,25.68,17.65
9/29/2015 12:30,42276.52,1646.5,25.68,17.65
9/29/2015 12:40,42276.53,1649.2,25.68,17.65
9/29/2015 12:50,42276.53,1651.4,25.68,17.66
9/29/2015 13:00,42276.54,1652.9,25.68,17.65
9/29/2015 13:10,42276.55,1654.5,25.68,17.66
9/29/2015 13:20,42276.56,1655.4,25.68,17.65
9/29/2015 13:30,42276.56,1656.3,25.68,17.65
9/29/2015 13:40,42276.57,1657,25.68,17.65
9/29/2015 13:50,42276.58,1656.8,25.68,17.65
9/29/2015 14:00,42276.58,1656.5,25.67,17.65
9/29/2015 14:10,42276.59,1655.6,25.67,17.65
9/29/2015 14:20,42276.60,1654.7,25.68,17.65
9/29/2015 14:30,42276.60,1652.7,25.67,17.65
9/29/2015 14:40,42276.61,1650.1,25.68,17.65
9/29/2015 14:50,42276.62,1646.5,25.68,17.65
9/29/2015 15:00,42276.63,1642.7,25.68,17.65
9/29/2015 15:10,42276.63,1638.2,25.67,17.65
9/29/2015 15:20,42276.64,1634.7,25.68,17.65
9/29/2015 15:30,42276.65,1631.4,25.68,17.65
9/29/2015 15:40,42276.65,1628.1,25.68,17.65
9/29/2015 15:50,42276.66,1625.1,25.68,17.65
9/29/2015 16:00,42276.67,1622.9,25.68,17.65
9/29/2015 16:10,42276.67,1620.5,25.68,17.65
9/29/2015 16:20,42276.68,1618.3,25.67,17.65
9/29/2015 16:30,42276.69,1616.2,25.67,17.65
9/29/2015 16:40,42276.69,1614.3,25.67,17.65
9/29/2015 16:50,42276.70,1611.4,25.68,17.65
9/29/2015 17:00,42276.71,1609.3,25.67,17.65
9/29/2015 17:10,42276.72,1606.1,25.67,17.65
9/29/2015 17:20,42276.72,1603.2,25.67,17.65
9/29/2015 17:30,42276.73,1600,25.67,17.65
9/29/2015 17:40,42276.74,1596.8,25.67,17.65
9/29/2015 17:50,42276.74,1593.8,25.67,17.65
9/29/2015 18:00,42276.75,1590.6,25.67,17.65
9/29/2015 18:10,42276.76,1587.6,25.67,17.65
9/29/2015 18:20,42276.76,1584.4,25.67,17.65
9/29/2015 18:30,42276.77,1582.3,25.67,17.65
9/29/2015 18:40,42276.78,1579.7,25.67,17.65
9/29/2015 18:50,42276.78,1577.5,25.68,17.66
9/29/2015 19:00,42276.79,1575.9,25.67,17.66
9/29/2015 19:10,42276.80,1574,25.67,17.65
9/29/2015 19:20,42276.81,1572.3,25.67,17.65
9/29/2015 19:30,42276.81,1570.8,25.68,17.65
9/29/2015 19:40,42276.82,1569.5,25.68,17.66
9/29/2015 19:50,42276.83,1568.7,25.68,17.65
9/29/2015 20:00,42276.83,1567.9,25.67,17.66
9/29/2015 20:10,42276.84,1567.4,25.67,17.65
9/29/2015 20:20,42276.85,1567.2,25.67,17.65
9/29/2015 20:30,42276.85,1566.9,25.68,17.65
9/29/2015 20:40,42276.86,1567.9,25.67,17.65
9/29/2015 20:50,42276.87,1569.5,25.67,17.65
9/29/2015 21:00,42276.88,1572,25.68,17.65
9/29/2015 21:10,42276.88,1574.4,25.67,17.65
9/29/2015 21:20,42276.89,1577.8,25.67,17.65
9/29/2015 21:30,42276.90,1581.1,25.67,17.65
9/29/2015 21:40,42276.90,1585,25.68,17.65
9/29/2015 21:50,42276.91,1589.3,25.67,17.65
9/29/2015 22:00,42276.92,1593.4,25.67,17.65
9/29/2015 22:10,42276.92,1597.8,25.67,17.65
9/29/2015 22:20,42276.93,1602.2,25.68,17.65
9/29/2015 22:30,42276.94,1607.2,25.67,17.65
9/29/2015 22:40,42276.94,1610.8,25.67,17.65
9/29/2015 22:50,42276.95,1614.3,25.67,17.65
9/29/2015 23:00,42276.96,1618,25.68,17.65
9/29/2015 23:10,42276.97,1621.3,25.68,17.65
9/29/2015 23:20,42276.97,1625.1,25.68,17.65
9/29/2015 23:30,42276.98,1629,25.68,17.65
9/29/2015 23:40,42276.99,1633.2,25.68,17.65
9/29/2015 23:50,42276.99,1637.1,25.68,17.65
9/30/2015 0:00,42277.00,1639.8,25.67,17.65
9/30/2015 0:10,42277.01,1641.6,25.68,17.65
9/30/2015 0:20,42277.01,1642.1,25.67,17.65
9/30/2015 0:30,42277.02,1644.8,25.67,17.66
9/30/2015 0:40,42277.03,1647.4,25.68,17.65
9/30/2015 0:50,42277.03,1650.3,25.68,17.65
9/30/2015 1:00,42277.04,1652.9,25.68,17.66
9/30/2015 1:10,42277.05,1655.4,25.68,17.66
9/30/2015 1:20,42277.06,1657.1,25.68,17.65
9/30/2015 1:30,42277.06,1658.7,25.68,17.66
9/30/2015 1:40,42277.07,1660.2,25.68,17.65
9/30/2015 1:50,42277.08,1661.1,25.68,17.65
9/30/2015 2:00,42277.08,1661.6,25.68,17.65
9/30/2015 2:10,42277.09,1661.8,25.68,17.65
9/30/2015 2:20,42277.10,1661.8,25.68,17.66
9/30/2015 2:30,42277.10,1661.5,25.68,17.65
9/30/2015 2:40,42277.11,1660.4,25.68,17.65
9/30/2015 2:50,42277.12,1658.8,25.68,17.65
9/30/2015 3:00,42277.13,1656.8,25.68,17.65
9/30/2015 3:10,42277.13,1654.2,25.68,17.65
9/30/2015 3:20,42277.14,1650.5,25.68,17.65
9/30/2015 3:30,42277.15,1646.2,25.68,17.65
9/30/2015 3:40,42277.15,1641.2,25.67,17.66
9/30/2015 3:50,42277.16,1637.3,25.68,17.66
9/30/2015 4:00,42277.17,1634,25.68,17.66
9/30/2015 4:10,42277.17,1631.4,25.68,17.65
9/30/2015 4:20,42277.18,1628.4,25.67,17.65
9/30/2015 4:30,42277.19,1626,25.68,17.66
9/30/2015 4:40,42277.19,1623.8,25.68,17.65
9/30/2015 4:50,42277.20,1621.6,25.67,17.65
9/30/2015 5:00,42277.21,1619.4,25.68,17.65
9/30/2015 5:10,42277.22,1617.7,25.68,17.65
9/30/2015 5:20,42277.22,1615.6,25.68,17.65
9/30/2015 5:30,42277.23,1613.3,25.67,17.65
9/30/2015 5:40,42277.24,1610.7,25.67,17.65
9/30/2015 5:50,42277.24,1607.5,25.67,17.66
9/30/2015 6:00,42277.25,1604.6,25.67,17.65
9/30/2015 6:10,42277.26,1601.6,25.67,17.65
9/30/2015 6:20,42277.26,1598.4,25.68,17.65
9/30/2015 6:30,42277.27,1595.5,25.67,17.65
9/30/2015 6:40,42277.28,1592.1,25.68,17.65
9/30/2015 6:50,42277.28,1589.4,25.68,17.65
9/30/2015 7:00,42277.29,1586.4,25.68,17.65
9/30/2015 7:10,42277.30,1584.1,25.68,17.65
9/30/2015 7:20,42277.31,1582.2,25.68,17.65
9/30/2015 7:30,42277.31,1580.6,25.67,17.65
9/30/2015 7:40,42277.32,1578.4,25.68,17.65
9/30/2015 7:50,42277.33,1576.8,25.67,17.65
9/30/2015 8:00,42277.33,1575.2,25.68,17.66
9/30/2015 8:10,42277.34,1573.7,25.68,17.65
9/30/2015 8:20,42277.35,1572.9,25.68,17.65
9/30/2015 8:30,42277.35,1571.6,25.68,17.65
9/30/2015 8:40,42277.36,1571.2,25.67,17.66
9/30/2015 8:50,42277.37,1571,25.67,17.65
9/30/2015 9:00,42277.38,1571.3,25.68,17.65
9/30/2015 9:10,42277.38,1572,25.68,17.66
9/30/2015 9:20,42277.39,1573.4,25.68,17.65
9/30/2015 9:30,42277.40,1575.7,25.67,17.66
9/30/2015 9:40,42277.40,1578.2,25.67,17.65
9/30/2015 9:50,42277.41,1581,25.68,17.65
9/30/2015 10:00,42277.42,1584.4,25.67,17.65
9/30/2015 10:10,42277.42,1588,25.68,17.65
9/30/2015 10:20,42277.43,1591.9,25.67,17.65
9/30/2015 10:30,42277.44,1595.7,25.67,17.65
9/30/2015 10:40,42277.44,1600,25.67,17.65
9/30/2015 10:50,42277.45,1604.6,25.68,17.65
9/30/2015 11:00,42277.46,1608.6,25.67,17.65
9/30/2015 11:10,42277.47,1612.3,25.68,17.65
9/30/2015 11:20,42277.47,1615.8,25.67,17.65
9/30/2015 11:30,42277.48,1618.9,25.68,17.65
9/30/2015 11:40,42277.49,1622.2,25.68,17.65
9/30/2015 11:50,42277.49,1625.8,25.67,17.65
9/30/2015 12:00,42277.50,1629.2,25.67,17.65
9/30/2015 12:10,42277.51,1633,25.68,17.65
9/30/2015 12:20,42277.51,1635.7,25.68,17.65
9/30/2015 12:30,42277.52,1638,25.68,17.66
9/30/2015 12:40,42277.53,1639.4,25.68,17.65
9/30/2015 12:50,42277.53,1640.5,25.68,17.65
9/30/2015 13:00,42277.54,1642.2,25.68,17.65
9/30/2015 13:10,42277.55,1644.7,25.67,17.65
9/30/2015 13:20,42277.56,1647.1,25.68,17.65
9/30/2015 13:30,42277.56,1649.2,25.68,17.65
9/30/2015 13:40,42277.57,1651.5,25.67,17.65
9/30/2015 13:50,42277.58,1652.6,25.68,17.65
9/30/2015 14:00,42277.58,1654.2,25.68,17.65
9/30/2015 14:10,42277.59,1655.2,25.68,17.66
9/30/2015 14:20,42277.60,1655.6,25.68,17.65
9/30/2015 14:30,42277.60,1655.7,25.68,17.65
9/30/2015 14:40,42277.61,1655.3,25.67,17.65
9/30/2015 14:50,42277.62,1654.3,25.68,17.66
9/30/2015 15:00,42277.63,1653.4,25.67,17.66
9/30/2015 15:10,42277.63,1651.5,25.68,17.65
9/30/2015 15:20,42277.64,1649.3,25.68,17.66
9/30/2015 15:30,42277.65,1646.1,25.67,17.65
9/30/2015 15:40,42277.65,1642.4,25.67,17.65
9/30/2015 15:50,42277.66,1638.2,25.67,17.65
9/30/2015 16:00,42277.67,1635.2,25.67,17.65
9/30/2015 16:10,42277.67,1631.9,25.68,17.66
9/30/2015 16:20,42277.68,1628.8,25.68,17.65
9/30/2015 16:30,42277.69,1626.2,25.68,17.65
9/30/2015 16:40,42277.69,1624,25.68,17.65
9/30/2015 16:50,42277.70,1621.7,25.67,17.66
9/30/2015 17:00,42277.71,1619.3,25.67,17.65
9/30/2015 17:10,42277.72,1617.4,25.67,17.65
9/30/2015 17:20,42277.72,1615.1,25.67,17.66
9/30/2015 17:30,42277.73,1613,25.68,17.66
9/30/2015 17:40,42277.74,1610.5,25.67,17.65
9/30/2015 17:50,42277.74,1607.7,25.67,17.65
9/30/2015 18:00,42277.75,1604.6,25.67,17.65
9/30/2015 18:10,42277.76,1601.6,25.67,17.65
9/30/2015 18:20,42277.76,1598.1,25.67,17.65
9/30/2015 18:30,42277.77,1595.4,25.68,17.65
9/30/2015 18:40,42277.78,1591.9,25.68,17.65
9/30/2015 18:50,42277.78,1589,25.68,17.65
9/30/2015 19:00,42277.79,1586.4,25.68,17.66
9/30/2015 19:10,42277.80,1583.9,25.68,17.66
9/30/2015 19:20,42277.81,1581.8,25.67,17.65
9/30/2015 19:30,42277.81,1579.9,25.67,17.66
9/30/2015 19:40,42277.82,1577.9,25.68,17.65
9/30/2015 19:50,42277.83,1576.3,25.68,17.65
9/30/2015 20:00,42277.83,1574.8,25.68,17.65
9/30/2015 20:10,42277.84,1573.6,25.68,17.65
9/30/2015 20:20,42277.85,1572.3,25.68,17.65
9/30/2015 20:30,42277.85,1571.8,25.68,17.66
9/30/2015 20:40,42277.86,1571.3,25.68,17.65
9/30/2015 20:50,42277.87,1570.9,25.68,17.65
9/30/2015 21:00,42277.88,1570.4,25.68,17.65
9/30/2015 21:10,42277.88,1570.6,25.68,17.65
9/30/2015 21:20,42277.89,1571.5,25.68,17.65
9/30/2015 21:30,42277.90,1573.1,25.67,17.65
9/30/2015 21:40,42277.90,1575.4,25.68,17.65
9/30/2015 21:50,42277.91,1577.9,25.68,17.65
9/30/2015 22:00,42277.92,1581.2,25.68,17.65
9/30/2015 22:10,42277.92,1584.3,25.68,17.65
9/30/2015 22:20,42277.93,1587.7,25.67,17.65
9/30/2015 22:30,42277.94,1591.6,25.68,17.65
9/30/2015 22:40,42277.94,1595.4,25.68,17.65
9/30/2015 22:50,42277.95,1600,25.68,17.65
9/30/2015 23:00,42277.96,1604.3,25.68,17.65
9/30/2015 23:10,42277.97,1608.6,25.68,17.65
9/30/2015 23:20,42277.97,1612.5,25.68,17.65
9/30/2015 23:30,42277.98,1615.8,25.67,17.65
9/30/2015 23:40,42277.99,1619.1,25.68,17.65
9/30/2015 23:50,42277.99,1622.4,25.67,17.65
10/1/2015 0:00,42278.00,1626.3,25.68,17.65
10/1/2015 0:10,42278.01,1630,25.68,17.65
10/1/2015 0:20,42278.01,1634,25.68,17.65
10/1/2015 0:30,42278.02,1637.1,25.68,17.65
10/1/2015 0:40,42278.03,1639.8,25.68,17.65
10/1/2015 0:50,42278.03,1640.8,25.68,17.66
10/1/2015 1:00,42278.04,1642.5,25.68,17.65
10/1/2015 1:10,42278.05,1644.3,25.68,17.66
10/1/2015 1:20,42278.06,1646.7,25.68,17.65
10/1/2015 1:30,42278.06,1649.5,25.68,17.66
10/1/2015 1:40,42278.07,1652.1,25.68,17.66
10/1/2015 1:50,42278.08,1654.3,25.68,17.65
10/1/2015 2:00,42278.08,1656.3,25.68,17.66
10/1/2015 2:10,42278.09,1657.5,25.68,17.66
10/1/2015 2:20,42278.10,1658.8,25.68,17.65
10/1/2015 2:30,42278.10,1659.9,25.68,17.66
10/1/2015 2:40,42278.11,1660.1,25.68,17.66
10/1/2015 2:50,42278.12,1660.8,25.68,17.65
10/1/2015 3:00,42278.13,1660.8,25.68,17.66
10/1/2015 3:10,42278.13,1660.1,25.68,17.66
10/1/2015 3:20,42278.14,1659,25.68,17.66
10/1/2015 3:30,42278.15,1657.5,25.68,17.66
10/1/2015 3:40,42278.15,1655.4,25.68,17.66
10/1/2015 3:50,42278.16,1652.2,25.68,17.65
10/1/2015 4:00,42278.17,1649.2,25.68,17.66
10/1/2015 4:10,42278.17,1644.8,25.68,17.66
10/1/2015 4:20,42278.18,1640.5,25.68,17.65
10/1/2015 4:30,42278.19,1637,25.68,17.66
10/1/2015 4:40,42278.19,1633.8,25.68,17.66
10/1/2015 4:50,42278.20,1631.4,25.68,17.65
10/1/2015 5:00,42278.21,1628.4,25.68,17.65
10/1/2015 5:10,42278.22,1626.2,25.68,17.65
10/1/2015 5:20,42278.22,1624,25.68,17.65
10/1/2015 5:30,42278.23,1622,25.68,17.66
10/1/2015 5:40,42278.24,1619.9,25.68,17.65
10/1/2015 5:50,42278.24,1618.2,25.68,17.65
10/1/2015 6:00,42278.25,1615.8,25.68,17.65
10/1/2015 6:10,42278.26,1613.3,25.68,17.65
10/1/2015 6:20,42278.26,1610.9,25.68,17.66
10/1/2015 6:30,42278.27,1608.3,25.68,17.66
10/1/2015 6:40,42278.28,1604.8,25.68,17.65
10/1/2015 6:50,42278.28,1602,25.68,17.65
10/1/2015 7:00,42278.29,1598.9,25.68,17.65
10/1/2015 7:10,42278.30,1595.8,25.68,17.66
10/1/2015 7:20,42278.31,1593,25.68,17.65
10/1/2015 7:30,42278.31,1590.4,25.68,17.65
10/1/2015 7:40,42278.32,1588,25.68,17.65
10/1/2015 7:50,42278.33,1585.5,25.68,17.66
10/1/2015 8:00,42278.33,1583.3,25.68,17.65
10/1/2015 8:10,42278.34,1581.2,25.68,17.65
10/1/2015 8:20,42278.35,1579.4,25.68,17.66
10/1/2015 8:30,42278.35,1578.2,25.68,17.65
10/1/2015 8:40,42278.36,1576.9,25.67,17.65
10/1/2015 8:50,42278.37,1575.8,25.68,17.65
10/1/2015 9:00,42278.38,1575,25.68,17.66
10/1/2015 9:10,42278.38,1574.3,25.68,17.65
10/1/2015 9:20,42278.39,1573.4,25.68,17.65
10/1/2015 9:30,42278.40,1573.6,25.68,17.65
10/1/2015 9:40,42278.40,1573.7,25.68,17.66
10/1/2015 9:50,42278.41,1574.4,25.68,17.66
10/1/2015 10:00,42278.42,1575.8,25.68,17.65
10/1/2015 10:10,42278.42,1577.9,25.68,17.65
10/1/2015 10:20,42278.43,1580.7,25.68,17.65
10/1/2015 10:30,42278.44,1583.4,25.68,17.65
10/1/2015 10:40,42278.44,1586.7,25.68,17.65
10/1/2015 10:50,42278.45,1589.9,25.68,17.66
10/1/2015 11:00,42278.46,1593.3,25.68,17.65
10/1/2015 11:10,42278.47,1597.4,25.68,17.65
10/1/2015 11:20,42278.47,1601.1,25.67,17.65
10/1/2015 11:30,42278.48,1605.2,25.68,17.65
10/1/2015 11:40,42278.49,1609,25.68,17.65
10/1/2015 11:50,42278.49,1612.1,25.68,17.65
10/1/2015 12:00,42278.50,1615.1,25.68,17.66
10/1/2015 12:10,42278.51,1618.4,25.68,17.65
10/1/2015 12:20,42278.51,1621.5,25.68,17.65
10/1/2015 12:30,42278.52,1624.8,25.68,17.65
10/1/2015 12:40,42278.53,1628.1,25.68,17.65
10/1/2015 12:50,42278.53,1631.4,25.68,17.66
10/1/2015 13:00,42278.54,1633.8,25.68,17.65
10/1/2015 13:10,42278.55,1636.1,25.68,17.66
10/1/2015 13:20,42278.56,1638,25.68,17.66
10/1/2015 13:30,42278.56,1639.8,25.68,17.65
10/1/2015 13:40,42278.57,1640.8,25.68,17.65
10/1/2015 13:50,42278.58,1642.3,25.68,17.66
10/1/2015 14:00,42278.58,1644.1,25.68,17.66
10/1/2015 14:10,42278.59,1645.8,25.68,17.65
10/1/2015 14:20,42278.60,1647.8,25.68,17.65
10/1/2015 14:30,42278.60,1649.3,25.68,17.66
10/1/2015 14:40,42278.61,1650,25.68,17.66
10/1/2015 14:50,42278.62,1650.8,25.68,17.65
10/1/2015 15:00,42278.63,1651.2,25.68,17.66
10/1/2015 15:10,42278.63,1651,25.68,17.66
10/1/2015 15:20,42278.64,1650.7,25.68,17.65
10/1/2015 15:30,42278.65,1650,25.68,17.65
10/1/2015 15:40,42278.65,1649,25.68,17.65
10/1/2015 15:50,42278.66,1646.2,25.68,17.65
10/1/2015 16:00,42278.67,1643.4,25.68,17.66
10/1/2015 16:10,42278.67,1640.6,25.68,17.66
10/1/2015 16:20,42278.68,1637.3,25.68,17.65
10/1/2015 16:30,42278.69,1634.5,25.68,17.66
10/1/2015 16:40,42278.69,1631.9,25.68,17.66
10/1/2015 16:50,42278.70,1629.3,25.68,17.66
10/1/2015 17:00,42278.71,1627.2,25.68,17.65
10/1/2015 17:10,42278.72,1625,25.68,17.65
10/1/2015 17:20,42278.72,1622.7,25.68,17.66
10/1/2015 17:30,42278.73,1620.5,25.68,17.65
10/1/2015 17:40,42278.74,1618.2,25.68,17.65
10/1/2015 17:50,42278.74,1616,25.68,17.66
10/1/2015 18:00,42278.75,1613.5,25.68,17.65
10/1/2015 18:10,42278.76,1611.4,25.68,17.65
10/1/2015 18:20,42278.76,1608.6,25.68,17.65
10/1/2015 18:30,42278.77,1605.9,25.68,17.65
10/1/2015 18:40,42278.78,1602.7,25.68,17.66
10/1/2015 18:50,42278.78,1599.3,25.68,17.65
10/1/2015 19:00,42278.79,1596,25.68,17.66
10/1/2015 19:10,42278.80,1593.2,25.68,17.66
10/1/2015 19:20,42278.81,1590.6,25.68,17.66
10/1/2015 19:30,42278.81,1588.1,25.68,17.66
10/1/2015 19:40,42278.82,1585.9,25.68,17.65
10/1/2015 19:50,42278.83,1583.9,25.68,17.65
10/1/2015 20:00,42278.83,1582.2,25.68,17.66
10/1/2015 20:10,42278.84,1580.8,25.68,17.65
10/1/2015 20:20,42278.85,1579.6,25.68,17.65
10/1/2015 20:30,42278.85,1578.2,25.68,17.66
10/1/2015 20:40,42278.86,1576.6,25.68,17.66
10/1/2015 20:50,42278.87,1575.8,25.68,17.66
10/1/2015 21:00,42278.88,1574.6,25.68,17.66
10/1/2015 21:10,42278.88,1574.3,25.68,17.66
10/1/2015 21:20,42278.89,1573.6,25.68,17.66
10/1/2015 21:30,42278.90,1573.2,25.68,17.66
10/1/2015 21:40,42278.90,1573.4,25.68,17.65
10/1/2015 21:50,42278.91,1573.9,25.68,17.66
10/1/2015 22:00,42278.92,1575.2,25.68,17.66
10/1/2015 22:10,42278.92,1577,25.68,17.66
10/1/2015 22:20,42278.93,1579.4,25.68,17.65
10/1/2015 22:30,42278.94,1582.1,25.68,17.65
10/1/2015 22:40,42278.94,1584.8,25.68,17.66
10/1/2015 22:50,42278.95,1587.8,25.68,17.65
10/1/2015 23:00,42278.96,1591.1,25.68,17.65
10/1/2015 23:10,42278.97,1594.7,25.68,17.65
10/1/2015 23:20,42278.97,1598.4,25.68,17.65
10/1/2015 23:30,42278.98,1602.2,25.68,17.65
10/1/2015 23:40,42278.99,1606,25.68,17.65
10/1/2015 23:50,42278.99,1609.7,25.68,17.65
10/2/2015 0:00,42279.00,1612.6,25.68,17.65
10/2/2015 0:10,42279.01,1615.8,25.68,17.65
10/2/2015 0:20,42279.01,1618.7,25.68,17.66
10/2/2015 0:30,42279.02,1622.6,25.68,17.65
10/2/2015 0:40,42279.03,1625.8,25.68,17.65
10/2/2015 0:50,42279.03,1629.1,25.68,17.65
10/2/2015 1:00,42279.04,1632.1,25.68,17.66
10/2/2015 1:10,42279.05,1634.5,25.68,17.65
10/2/2015 1:20,42279.06,1635.9,25.68,17.66
10/2/2015 1:30,42279.06,1637.7,25.68,17.66
10/2/2015 1:40,42279.07,1638.7,25.68,17.66
10/2/2015 1:50,42279.08,1640.6,25.68,17.66
10/2/2015 2:00,42279.08,1642.7,25.68,17.66
10/2/2015 2:10,42279.09,1645,25.68,17.65
10/2/2015 2:20,42279.10,1646.5,25.68,17.66
10/2/2015 2:30,42279.10,1648.5,25.68,17.66
10/2/2015 2:40,42279.11,1649.9,25.68,17.66
10/2/2015 2:50,42279.12,1651.5,25.68,17.66
10/2/2015 3:00,42279.13,1652.6,25.68,17.66
10/2/2015 3:10,42279.13,1653.1,25.68,17.65
10/2/2015 3:20,42279.14,1653.3,25.68,17.66
10/2/2015 3:30,42279.15,1653.3,25.68,17.65
10/2/2015 3:40,42279.15,1652.8,25.68,17.66
10/2/2015 3:50,42279.16,1652.2,25.68,17.66
10/2/2015 4:00,42279.17,1650.8,25.68,17.66
10/2/2015 4:10,42279.17,1648.5,25.68,17.65
10/2/2015 4:20,42279.18,1646,25.68,17.66
10/2/2015 4:30,42279.19,1643.2,25.68,17.66
10/2/2015 4:40,42279.19,1640.1,25.68,17.66
10/2/2015 4:50,42279.20,1637.1,25.68,17.66
10/2/2015 5:00,42279.21,1634.5,25.68,17.66
10/2/2015 5:10,42279.22,1632.3,25.68,17.65
10/2/2015 5:20,42279.22,1630,25.68,17.65
10/2/2015 5:30,42279.23,1627.9,25.68,17.65
10/2/2015 5:40,42279.24,1625.8,25.68,17.66
10/2/2015 5:50,42279.24,1623.8,25.68,17.65
10/2/2015 6:00,42279.25,1621.9,25.68,17.66
10/2/2015 6:10,42279.26,1619.9,25.68,17.66
10/2/2015 6:20,42279.26,1618,25.68,17.66
10/2/2015 6:30,42279.27,1615.6,25.68,17.66
10/2/2015 6:40,42279.28,1613.5,25.68,17.66
10/2/2015 6:50,42279.28,1611.2,25.68,17.65
10/2/2015 7:00,42279.29,1608.1,25.68,17.65
10/2/2015 7:10,42279.30,1605.2,25.68,17.65
10/2/2015 7:20,42279.31,1602,25.68,17.66
10/2/2015 7:30,42279.31,1599.1,25.68,17.66
10/2/2015 7:40,42279.32,1596.5,25.68,17.66
10/2/2015 7:50,42279.33,1593.9,25.68,17.66
10/2/2015 8:00,42279.33,1591.8,25.68,17.66
10/2/2015 8:10,42279.34,1589.4,25.68,17.66
10/2/2015 8:20,42279.35,1587.6,25.68,17.65
10/2/2015 8:30,42279.35,1585.9,25.68,17.65
10/2/2015 8:40,42279.36,1584.1,25.68,17.66
10/2/2015 8:50,42279.37,1582.8,25.68,17.66
10/2/2015 9:00,42279.38,1581.5,25.68,17.66
10/2/2015 9:10,42279.38,1580.1,25.68,17.66
10/2/2015 9:20,42279.39,1579.1,25.68,17.66
10/2/2015 9:30,42279.40,1578,25.68,17.66
10/2/2015 9:40,42279.40,1577.3,25.68,17.65
10/2/2015 9:50,42279.41,1576.8,25.68,17.66
10/2/2015 10:00,42279.42,1576.3,25.68,17.66
10/2/2015 10:10,42279.42,1576.8,25.68,17.66
10/2/2015 10:20,42279.43,1577.7,25.68,17.66
10/2/2015 10:30,42279.44,1579.1,25.68,17.65
10/2/2015 10:40,42279.44,1580.8,25.68,17.66
10/2/2015 10:50,42279.45,1582.8,25.68,17.66
10/2/2015 11:00,42279.46,1585.2,25.68,17.66
10/2/2015 11:10,42279.47,1587.4,25.68,17.65
10/2/2015 11:20,42279.47,1589.9,25.68,17.65
10/2/2015 11:30,42279.48,1592.8,25.68,17.66
10/2/2015 11:40,42279.49,1596.1,25.68,17.66
10/2/2015 11:50,42279.49,1599.3,25.68,17.66
10/2/2015 12:00,42279.50,1602.7,25.68,17.66
10/2/2015 12:10,42279.51,1605.9,25.68,17.66
10/2/2015 12:20,42279.51,1608.8,25.68,17.65
10/2/2015 12:30,42279.52,1611.2,25.68,17.65
10/2/2015 12:40,42279.53,1613.9,25.68,17.66
10/2/2015 12:50,42279.53,1617,25.68,17.65
10/2/2015 13:00,42279.54,1619.9,25.68,17.66
10/2/2015 13:10,42279.55,1623.1,25.68,17.66
10/2/2015 13:20,42279.56,1626.3,25.68,17.66
10/2/2015 13:30,42279.56,1628.6,25.68,17.66
10/2/2015 13:40,42279.57,1630.4,25.68,17.66
10/2/2015 13:50,42279.58,1631.6,25.68,17.66
10/2/2015 14:00,42279.58,1632.8,25.68,17.66
10/2/2015 14:10,42279.59,1634.3,25.68,17.66
10/2/2015 14:20,42279.60,1635.4,25.68,17.66
10/2/2015 14:30,42279.60,1637,25.68,17.65
10/2/2015 14:40,42279.61,1638.4,25.68,17.65
10/2/2015 14:50,42279.62,1638.7,25.68,17.66
10/2/2015 15:00,42279.63,1639.8,25.68,17.66
10/2/2015 15:10,42279.63,1641.2,25.68,17.66
10/2/2015 15:20,42279.64,1641.8,25.68,17.66
10/2/2015 15:30,42279.65,1642.9,25.68,17.66
10/2/2015 15:40,42279.65,1643,25.68,17.66
10/2/2015 15:50,42279.66,1642.9,25.68,17.66
10/2/2015 16:00,42279.67,1642,25.68,17.66
10/2/2015 16:10,42279.67,1640.8,25.68,17.66
10/2/2015 16:20,42279.68,1639.6,25.68,17.66
10/2/2015 16:30,42279.69,1638,25.68,17.66
10/2/2015 16:40,42279.69,1635.9,25.68,17.65
10/2/2015 16:50,42279.70,1634.3,25.68,17.66
10/2/2015 17:00,42279.71,1633.2,25.68,17.65
10/2/2015 17:10,42279.72,1631.2,25.68,17.66
10/2/2015 17:20,42279.72,1629.5,25.68,17.66
10/2/2015 17:30,42279.73,1627.2,25.68,17.66
10/2/2015 17:40,42279.74,1625.5,25.68,17.66
10/2/2015 17:50,42279.74,1623.3,25.68,17.66
10/2/2015 18:00,42279.75,1621,25.68,17.66
10/2/2015 18:10,42279.76,1618.9,25.68,17.66
10/2/2015 18:20,42279.76,1616.5,25.68,17.66
10/2/2015 18:30,42279.77,1613.9,25.68,17.66
10/2/2015 18:40,42279.78,1611.1,25.68,17.66
10/2/2015 18:50,42279.78,1608.1,25.68,17.66
10/2/2015 19:00,42279.79,1605.2,25.68,17.66
10/2/2015 19:10,42279.80,1602,25.68,17.66
10/2/2015 19:20,42279.81,1598.9,25.68,17.66
10/2/2015 19:30,42279.81,1596.5,25.68,17.66
10/2/2015 19:40,42279.82,1594.6,25.68,17.66
10/2/2015 19:50,42279.83,1592.3,25.68,17.66
10/2/2015 20:00,42279.83,1590.6,25.68,17.66
10/2/2015 20:10,42279.84,1588.7,25.68,17.66
10/2/2015 20:20,42279.85,1587.3,25.68,17.66
10/2/2015 20:30,42279.85,1585.5,25.68,17.66
10/2/2015 20:40,42279.86,1583.9,25.68,17.66
10/2/2015 20:50,42279.87,1582.4,25.68,17.66
10/2/2015 21:00,42279.88,1581.2,25.68,17.66
10/2/2015 21:10,42279.88,1580.1,25.68,17.66
10/2/2015 21:20,42279.89,1579.3,25.68,17.66
10/2/2015 21:30,42279.90,1578.6,25.68,17.66
10/2/2015 21:40,42279.90,1577.7,25.68,17.66
10/2/2015 21:50,42279.91,1577,25.68,17.66
10/2/2015 22:00,42279.92,1577,25.68,17.66
10/2/2015 22:10,42279.92,1577,25.68,17.66
10/2/2015 22:20,42279.93,1577.2,25.68,17.66
10/2/2015 22:30,42279.94,1578,25.68,17.66
10/2/2015 22:40,42279.94,1579.4,25.68,17.66
10/2/2015 22:50,42279.95,1581,25.68,17.66
10/2/2015 23:00,42279.96,1582.9,25.68,17.66
10/2/2015 23:10,42279.97,1585.3,25.68,17.66
10/2/2015 23:20,42279.97,1587.6,25.68,17.66
10/2/2015 23:30,42279.98,1590.1,25.68,17.66
10/2/2015 23:40,42279.99,1593,25.68,17.66
10/2/2015 23:50,42279.99,1595.8,25.68,17.66
10/3/2015 0:00,42280.00,1599.1,25.68,17.66
10/3/2015 0:10,42280.01,1601.8,25.68,17.66
10/3/2015 0:20,42280.01,1605,25.68,17.66
10/3/2015 0:30,42280.02,1607.8,25.68,17.65
10/3/2015 0:40,42280.03,1610.7,25.68,17.66
10/3/2015 0:50,42280.03,1613.7,25.68,17.65
10/3/2015 1:00,42280.04,1616.5,25.68,17.66
10/3/2015 1:10,42280.05,1619.4,25.68,17.66
10/3/2015 1:20,42280.06,1622.9,25.68,17.66
10/3/2015 1:30,42280.06,1625.6,25.68,17.66
10/3/2015 1:40,42280.07,1627.9,25.68,17.66
10/3/2015 1:50,42280.08,1629.3,25.68,17.66
10/3/2015 2:00,42280.08,1630.7,25.68,17.66
10/3/2015 2:10,42280.09,1631.9,25.68,17.66
10/3/2015 2:20,42280.10,1633.2,25.68,17.66
10/3/2015 2:30,42280.10,1634.5,25.68,17.66
10/3/2015 2:40,42280.11,1635.7,25.68,17.66
10/3/2015 2:50,42280.12,1637.1,25.68,17.66
10/3/2015 3:00,42280.13,1637.8,25.68,17.66
10/3/2015 3:10,42280.13,1638.7,25.68,17.66
10/3/2015 3:20,42280.14,1639.8,25.68,17.66
10/3/2015 3:30,42280.15,1640.8,25.68,17.66
10/3/2015 3:40,42280.15,1641.5,25.68,17.66
10/3/2015 3:50,42280.16,1642,25.68,17.66
10/3/2015 4:00,42280.17,1642,25.68,17.66
10/3/2015 4:10,42280.17,1642,25.68,17.66
10/3/2015 4:20,42280.18,1641.6,25.68,17.66
10/3/2015 4:30,42280.19,1641,25.68,17.66
10/3/2015 4:40,42280.19,1639.8,25.68,17.66
10/3/2015 4:50,42280.20,1638.2,25.68,17.66
10/3/2015 5:00,42280.21,1636.4,25.68,17.66
10/3/2015 5:10,42280.22,1635,25.68,17.66
10/3/2015 5:20,42280.22,1633.3,25.68,17.66
10/3/2015 5:30,42280.23,1631.6,25.68,17.66
10/3/2015 5:40,42280.24,1630.2,25.68,17.66
10/3/2015 5:50,42280.24,1628.3,25.68,17.66
10/3/2015 6:00,42280.25,1626.7,25.68,17.66
10/3/2015 6:10,42280.26,1624.8,25.68,17.66
10/3/2015 6:20,42280.26,1622.9,25.68,17.66
10/3/2015 6:30,42280.27,1620.8,25.68,17.66
10/3/2015 6:40,42280.28,1619.1,25.68,17.66
10/3/2015 6:50,42280.28,1617,25.68,17.66
10/3/2015 7:00,42280.29,1614.6,25.68,17.66
10/3/2015 7:10,42280.30,1612.3,25.68,17.66
10/3/2015 7:20,42280.31,1609.8,25.68,17.66
10/3/2015 7:30,42280.31,1607.1,25.68,17.66
10/3/2015 7:40,42280.32,1604.3,25.68,17.66
10/3/2015 7:50,42280.33,1601.5,25.68,17.66
10/3/2015 8:00,42280.33,1599.1,25.68,17.66
10/3/2015 8:10,42280.34,1597,25.68,17.66
10/3/2015 8:20,42280.35,1595.1,25.68,17.66
10/3/2015 8:30,42280.35,1593.2,25.68,17.66
10/3/2015 8:40,42280.36,1591.8,25.68,17.66
10/3/2015 8:50,42280.37,1590.2,25.68,17.66
10/3/2015 9:00,42280.38,1589,25.68,17.66
10/3/2015 9:10,42280.38,1587.4,25.68,17.66
10/3/2015 9:20,42280.39,1586,25.68,17.66
10/3/2015 9:30,42280.40,1585.3,25.68,17.66
10/3/2015 9:40,42280.40,1583.9,25.68,17.66
10/3/2015 9:50,42280.41,1583.3,25.68,17.66
10/3/2015 10:00,42280.42,1582.1,25.68,17.66
10/3/2015 10:10,42280.42,1581.4,25.68,17.66
10/3/2015 10:20,42280.43,1580.8,25.68,17.66
10/3/2015 10:30,42280.44,1580.3,25.68,17.66
10/3/2015 10:40,42280.44,1580.5,25.68,17.66
10/3/2015 10:50,42280.45,1580.8,25.68,17.66
10/3/2015 11:00,42280.46,1581.7,25.68,17.66
10/3/2015 11:10,42280.47,1582.8,25.68,17.64
10/3/2015 11:20,42280.47,1583.9,25.68,17.66
10/3/2015 11:30,42280.48,1585.5,25.68,17.66
10/3/2015 11:40,42280.49,1587.3,25.68,17.66
10/3/2015 11:50,42280.49,1589.2,25.68,17.66
10/3/2015 12:00,42280.50,1591.3,25.68,17.66
10/3/2015 12:10,42280.51,1593.5,25.68,17.66
10/3/2015 12:20,42280.51,1595.8,25.68,17.66
10/3/2015 12:30,42280.52,1598.6,25.68,17.66
10/3/2015 12:40,42280.53,1601,25.68,17.66
10/3/2015 12:50,42280.53,1603.2,25.68,17.66
10/3/2015 13:00,42280.54,1605.5,25.68,17.66
10/3/2015 13:10,42280.55,1608.1,25.68,17.66
10/3/2015 13:20,42280.56,1610,25.68,17.66
10/3/2015 13:30,42280.56,1612.6,25.68,17.66
10/3/2015 13:40,42280.57,1615.3,25.68,17.66
10/3/2015 13:50,42280.58,1617.8,25.68,17.66
10/3/2015 14:00,42280.58,1620.1,25.68,17.66
10/3/2015 14:10,42280.59,1622.2,25.68,17.66
10/3/2015 14:20,42280.60,1624.7,25.68,17.66
10/3/2015 14:30,42280.60,1626,25.68,17.66
10/3/2015 14:40,42280.61,1627.7,25.68,17.66
10/3/2015 14:50,42280.62,1629,25.68,17.66
10/3/2015 15:00,42280.63,1629.5,25.68,17.66
10/3/2015 15:10,42280.63,1630.2,25.68,17.66
10/3/2015 15:20,42280.64,1630.7,25.68,17.66
10/3/2015 15:30,42280.65,1631.2,25.68,17.66
10/3/2015 15:40,42280.65,1631.6,25.68,17.66
10/3/2015 15:50,42280.66,1631.8,25.68,17.66
10/3/2015 16:00,42280.67,1632.3,25.68,17.66
10/3/2015 16:10,42280.67,1632.5,25.68,17.66
10/3/2015 16:20,42280.68,1632.5,25.68,17.66
10/3/2015 16:30,42280.69,1632.5,25.68,17.66
10/3/2015 16:40,42280.69,1633,25.68,17.66
10/3/2015 16:50,42280.70,1632.5,25.68,17.66
10/3/2015 17:00,42280.71,1631.9,25.68,17.66
10/3/2015 17:10,42280.72,1630.9,25.68,17.66
10/3/2015 17:20,42280.72,1630,25.68,17.66
10/3/2015 17:30,42280.73,1628.6,25.68,17.66
10/3/2015 17:40,42280.74,1627.2,25.68,17.66
10/3/2015 17:50,42280.74,1625.5,25.68,17.66
10/3/2015 18:00,42280.75,1623.8,25.68,17.66
10/3/2015 18:10,42280.76,1622,25.68,17.66
10/3/2015 18:20,42280.76,1619.8,25.68,17.66
10/3/2015 18:30,42280.77,1617.8,25.68,17.66
10/3/2015 18:40,42280.78,1615.6,25.68,17.66
10/3/2015 18:50,42280.78,1613.3,25.68,17.66
10/3/2015 19:00,42280.79,1610.7,25.68,17.66
10/3/2015 19:10,42280.80,1608.4,25.68,17.66
10/3/2015 19:20,42280.81,1606,25.68,17.66
10/3/2015 19:30,42280.81,1603.9,25.68,17.66
10/3/2015 19:40,42280.82,1601.8,25.68,17.64
10/3/2015 19:50,42280.83,1599.8,25.68,17.66
10/3/2015 20:00,42280.83,1597.7,25.68,17.66
10/3/2015 20:10,42280.84,1596.1,25.68,17.66
10/3/2015 20:20,42280.85,1594.6,25.68,17.66
10/3/2015 20:30,42280.85,1593.2,25.68,17.64
10/3/2015 20:40,42280.86,1591.8,25.68,17.66
10/3/2015 20:50,42280.87,1590.1,25.68,17.66
10/3/2015 21:00,42280.88,1589,25.68,17.66
10/3/2015 21:10,42280.88,1587.4,25.68,17.64
10/3/2015 21:20,42280.89,1586.6,25.68,17.66
10/3/2015 21:30,42280.90,1585.5,25.68,17.66
10/3/2015 21:40,42280.90,1584.6,25.68,17.64
10/3/2015 21:50,42280.91,1583.9,25.68,17.64
10/3/2015 22:00,42280.92,1583.1,25.68,17.64
10/3/2015 22:10,42280.92,1582.4,25.68,17.64
10/3/2015 22:20,42280.93,1582.1,25.68,17.64
10/3/2015 22:30,42280.94,1581.5,25.68,17.66
10/3/2015 22:40,42280.94,1581.7,25.68,17.64
10/3/2015 22:50,42280.95,1582.1,25.68,17.66
10/3/2015 23:00,42280.96,1582.4,25.68,17.64
10/3/2015 23:10,42280.97,1583.1,25.68,17.64
10/3/2015 23:20,42280.97,1584.6,25.68,17.66
10/3/2015 23:30,42280.98,1586,25.68,17.66
10/3/2015 23:40,42280.99,1587.6,25.68,17.66
10/3/2015 23:50,42280.99,1589.2,25.68,17.64
10/4/2015 0:00,42281.00,1591.5,25.68,17.66
10/4/2015 0:10,42281.01,1593.5,25.68,17.66
10/4/2015 0:20,42281.01,1596,25.68,17.64
10/4/2015 0:30,42281.02,1598.2,25.68,17.64
10/4/2015 0:40,42281.03,1600.6,25.68,17.66
10/4/2015 0:50,42281.03,1602.7,25.68,17.66
10/4/2015 1:00,42281.04,1605.2,25.68,17.66
10/4/2015 1:10,42281.05,1607.4,25.68,17.66
10/4/2015 1:20,42281.06,1609.5,25.68,17.66
10/4/2015 1:30,42281.06,1612.1,25.68,17.66
10/4/2015 1:40,42281.07,1614.9,25.68,17.66
10/4/2015 1:50,42281.08,1617.5,25.68,17.66
10/4/2015 2:00,42281.08,1620.1,25.68,17.64
10/4/2015 2:10,42281.09,1622.2,25.68,17.66
10/4/2015 2:20,42281.10,1624,25.68,17.65
10/4/2015 2:30,42281.10,1625.6,25.68,17.66
10/4/2015 2:40,42281.11,1627,25.68,17.66
10/4/2015 2:50,42281.12,1628.4,25.68,17.66
10/4/2015 3:00,42281.13,1629.8,25.68,17.66
10/4/2015 3:10,42281.13,1630.5,25.68,17.66
10/4/2015 3:20,42281.14,1631.4,25.68,17.64
10/4/2015 3:30,42281.15,1631.8,25.68,17.64
10/4/2015 3:40,42281.15,1632.5,25.68,17.66
10/4/2015 3:50,42281.16,1633.2,25.68,17.64
10/4/2015 4:00,42281.17,1633.5,25.68,17.66
10/4/2015 4:10,42281.17,1633.5,25.68,17.66
10/4/2015 4:20,42281.18,1633.8,25.68,17.66
10/4/2015 4:30,42281.19,1634,25.68,17.66
10/4/2015 4:40,42281.19,1634.3,25.68,17.64
10/4/2015 4:50,42281.20,1634.5,25.68,17.66
10/4/2015 5:00,42281.21,1634.3,25.68,17.66
10/4/2015 5:10,42281.22,1634.2,25.68,17.66
10/4/2015 5:20,42281.22,1633.5,25.68,17.66
10/4/2015 5:30,42281.23,1632.8,25.68,17.66
10/4/2015 5:40,42281.24,1632.1,25.68,17.66
10/4/2015 5:50,42281.24,1631.1,25.68,17.64
10/4/2015 6:00,42281.25,1630,25.68,17.66
10/4/2015 6:10,42281.26,1628.6,25.68,17.66
10/4/2015 6:20,42281.26,1627.4,25.68,17.66
10/4/2015 6:30,42281.27,1625.5,25.68,17.64
10/4/2015 6:40,42281.28,1624.1,25.68,17.66
10/4/2015 6:50,42281.28,1622.2,25.68,17.64
10/4/2015 7:00,42281.29,1619.9,25.68,17.66
10/4/2015 7:10,42281.30,1618,25.68,17.64
10/4/2015 7:20,42281.31,1615.8,25.68,17.66
10/4/2015 7:30,42281.31,1613.5,25.68,17.64
10/4/2015 7:40,42281.32,1611.2,25.68,17.64
10/4/2015 7:50,42281.33,1609,25.68,17.66
10/4/2015 8:00,42281.33,1606.9,25.68,17.64
10/4/2015 8:10,42281.34,1604.6,25.68,17.66
10/4/2015 8:20,42281.35,1602.7,25.68,17.64
10/4/2015 8:30,42281.35,1600.6,25.68,17.64
10/4/2015 8:40,42281.36,1599.1,25.68,17.64
10/4/2015 8:50,42281.37,1597.5,25.68,17.64
10/4/2015 9:00,42281.38,1596.1,25.68,17.64
10/4/2015 9:10,42281.38,1594.6,25.68,17.64
10/4/2015 9:20,42281.39,1593.3,25.68,17.66
10/4/2015 9:30,42281.40,1591.9,25.68,17.64
10/4/2015 9:40,42281.40,1590.9,25.68,17.64
10/4/2015 9:50,42281.41,1589.7,25.68,17.64
10/4/2015 10:00,42281.42,1589,25.68,17.64
10/4/2015 10:10,42281.42,1587.6,25.68,17.64
10/4/2015 10:20,42281.43,1586.9,25.68,17.66
10/4/2015 10:30,42281.44,1586.2,25.68,17.64
10/4/2015 10:40,42281.44,1585.5,25.68,17.64
10/4/2015 10:50,42281.45,1585,25.68,17.64
10/4/2015 11:00,42281.46,1584.8,25.69,17.64
10/4/2015 11:10,42281.47,1584.5,25.68,17.64
10/4/2015 11:20,42281.47,1584.3,25.68,17.66
10/4/2015 11:30,42281.48,1584.8,25.68,17.64
10/4/2015 11:40,42281.49,1585.3,25.68,17.64
10/4/2015 11:50,42281.49,1586.2,25.68,17.64
10/4/2015 12:00,42281.50,1586.7,25.68,17.64
10/4/2015 12:10,42281.51,1588.1,25.68,17.64
10/4/2015 12:20,42281.51,1589.5,25.68,17.64
10/4/2015 12:30,42281.52,1590.8,25.68,17.64
10/4/2015 12:40,42281.53,1592.5,25.68,17.66
10/4/2015 12:50,42281.53,1594.2,25.68,17.66
10/4/2015 13:00,42281.54,1596,25.68,17.64
10/4/2015 13:10,42281.55,1597.7,25.68,17.64
10/4/2015 13:20,42281.56,1599.5,25.68,17.64
10/4/2015 13:30,42281.56,1601.1,25.68,17.64
10/4/2015 13:40,42281.57,1603.1,25.68,17.64
10/4/2015 13:50,42281.58,1604.8,25.68,17.64
10/4/2015 14:00,42281.58,1606.7,25.68,17.64
10/4/2015 14:10,42281.59,1609.1,25.68,17.64
10/4/2015 14:20,42281.60,1611.4,25.68,17.66
10/4/2015 14:30,42281.60,1613.7,25.68,17.66
10/4/2015 14:40,42281.61,1615.3,25.68,17.64
10/4/2015 14:50,42281.62,1617,25.68,17.64
10/4/2015 15:00,42281.63,1618.5,25.68,17.64
10/4/2015 15:10,42281.63,1619.9,25.68,17.66
10/4/2015 15:20,42281.64,1621.7,25.68,17.64
10/4/2015 15:30,42281.65,1622.9,25.68,17.64
10/4/2015 15:40,42281.65,1624,25.68,17.66
10/4/2015 15:50,42281.66,1624.8,25.68,17.66
10/4/2015 16:00,42281.67,1625.6,25.68,17.64
10/4/2015 16:10,42281.67,1626,25.68,17.66
10/4/2015 16:20,42281.68,1626.5,25.68,17.66
10/4/2015 16:30,42281.69,1627,25.68,17.64
10/4/2015 16:40,42281.69,1627.6,25.68,17.64
10/4/2015 16:50,42281.70,1627.6,25.68,17.66
10/4/2015 17:00,42281.71,1627.9,25.68,17.64
10/4/2015 17:10,42281.72,1627.6,25.68,17.66
10/4/2015 17:20,42281.72,1627.2,25.68,17.64
10/4/2015 17:30,42281.73,1626.9,25.68,17.64
10/4/2015 17:40,42281.74,1626.7,25.68,17.66
10/4/2015 17:50,42281.74,1625.6,25.68,17.64
10/4/2015 18:00,42281.75,1624.8,25.68,17.64
10/4/2015 18:10,42281.76,1623.4,25.68,17.64
10/4/2015 18:20,42281.76,1622,25.68,17.66
10/4/2015 18:30,42281.77,1620.5,25.68,17.66
10/4/2015 18:40,42281.78,1618.9,25.68,17.64
10/4/2015 18:50,42281.78,1617.1,25.68,17.64
10/4/2015 19:00,42281.79,1615.4,25.68,17.64
10/4/2015 19:10,42281.80,1613.9,25.68,17.64
10/4/2015 19:20,42281.81,1611.9,25.68,17.64
10/4/2015 19:30,42281.81,1610.4,25.68,17.64
10/4/2015 19:40,42281.82,1608.4,25.68,17.64
10/4/2015 19:50,42281.83,1606.7,25.68,17.64
10/4/2015 20:00,42281.83,1605,25.68,17.64
10/4/2015 20:10,42281.84,1603.1,25.68,17.64
10/4/2015 20:20,42281.85,1601.7,25.68,17.64
10/4/2015 20:30,42281.85,1600,25.68,17.64
10/4/2015 20:40,42281.86,1598.2,25.68,17.64
10/4/2015 20:50,42281.87,1596.9,25.69,17.64
10/4/2015 21:00,42281.88,1595.4,25.68,17.64
10/4/2015 21:10,42281.88,1594.2,25.68,17.64
10/4/2015 21:20,42281.89,1593,25.68,17.64
10/4/2015 21:30,42281.90,1591.9,25.68,17.64
10/4/2015 21:40,42281.90,1590.9,25.68,17.64
10/4/2015 21:50,42281.91,1590.1,25.68,17.64
10/4/2015 22:00,42281.92,1589,25.68,17.64
10/4/2015 22:10,42281.92,1588.1,25.68,17.64
10/4/2015 22:20,42281.93,1587.3,25.68,17.64
10/4/2015 22:30,42281.94,1586.7,25.68,17.64
10/4/2015 22:40,42281.94,1585.9,25.68,17.64
10/4/2015 22:50,42281.95,1585.5,25.68,17.64
10/4/2015 23:00,42281.96,1585,25.68,17.64
10/4/2015 23:10,42281.97,1584.8,25.68,17.64
10/4/2015 23:20,42281.97,1585,25.68,17.64
10/4/2015 23:30,42281.98,1585.3,25.69,17.64
10/4/2015 23:40,42281.99,1585.7,25.68,17.64
10/4/2015 23:50,42281.99,1586.5,25.69,17.64
10/5/2015 0:00,42282.00,1587.3,25.68,17.64
10/5/2015 0:10,42282.01,1588.1,25.68,17.64
10/5/2015 0:20,42282.01,1589.2,25.68,17.64
10/5/2015 0:30,42282.02,1590.4,25.68,17.64
10/5/2015 0:40,42282.03,1592.1,25.68,17.64
10/5/2015 0:50,42282.03,1593.7,25.68,17.64
10/5/2015 1:00,42282.04,1595.4,25.68,17.64
10/5/2015 1:10,42282.05,1597.3,25.69,17.64
10/5/2015 1:20,42282.06,1598.9,25.68,17.64
10/5/2015 1:30,42282.06,1600.7,25.69,17.64
10/5/2015 1:40,42282.07,1602.4,25.68,17.64
10/5/2015 1:50,42282.08,1604.6,25.68,17.64
10/5/2015 2:00,42282.08,1606.2,25.68,17.64
10/5/2015 2:10,42282.09,1608.4,25.68,17.64
10/5/2015 2:20,42282.10,1610.7,25.68,17.64
10/5/2015 2:30,42282.10,1612.6,25.68,17.64
10/5/2015 2:40,42282.11,1615.1,25.68,17.64
10/5/2015 2:50,42282.12,1617.1,25.68,17.64
10/5/2015 3:00,42282.13,1618.7,25.68,17.64
10/5/2015 3:10,42282.13,1620.3,25.68,17.64
10/5/2015 3:20,42282.14,1622,25.68,17.64
10/5/2015 3:30,42282.15,1623.6,25.68,17.64
10/5/2015 3:40,42282.15,1624.7,25.68,17.64
10/5/2015 3:50,42282.16,1625.8,25.68,17.64
10/5/2015 4:00,42282.17,1626.7,25.68,17.64
10/5/2015 4:10,42282.17,1627.7,25.68,17.64
10/5/2015 4:20,42282.18,1628.6,25.68,17.64
10/5/2015 4:30,42282.19,1629.1,25.68,17.64
10/5/2015 4:40,42282.19,1629.5,25.68,17.64
10/5/2015 4:50,42282.20,1629.8,25.68,17.64
10/5/2015 5:00,42282.21,1630,25.68,17.64
10/5/2015 5:10,42282.22,1630.2,25.68,17.64
10/5/2015 5:20,42282.22,1630.2,25.68,17.64
10/5/2015 5:30,42282.23,1630.5,25.68,17.64
10/5/2015 5:40,42282.24,1630.4,25.68,17.64
10/5/2015 5:50,42282.24,1630,25.68,17.64
10/5/2015 6:00,42282.25,1629.7,25.68,17.64
10/5/2015 6:10,42282.26,1629.1,25.68,17.66
10/5/2015 6:20,42282.26,1628.3,25.68,17.64
10/5/2015 6:30,42282.27,1627.6,25.68,17.64
10/5/2015 6:40,42282.28,1626.3,25.68,17.64
10/5/2015 6:50,42282.28,1625.1,25.68,17.64
10/5/2015 7:00,42282.29,1624,25.68,17.64
10/5/2015 7:10,42282.30,1622.4,25.68,17.64
10/5/2015 7:20,42282.31,1620.8,25.68,17.64
10/5/2015 7:30,42282.31,1619.2,25.68,17.64
10/5/2015 7:40,42282.32,1617.3,25.68,17.64
10/5/2015 7:50,42282.33,1615.6,25.68,17.64
10/5/2015 8:00,42282.33,1613.5,25.68,17.64
10/5/2015 8:10,42282.34,1611.4,25.68,17.64
10/5/2015 8:20,42282.35,1609.5,25.68,17.64
10/5/2015 8:30,42282.35,1607.8,25.68,17.64
10/5/2015 8:40,42282.36,1605.9,25.69,17.64
10/5/2015 8:50,42282.37,1604.1,25.68,17.64
10/5/2015 9:00,42282.38,1602.8,25.69,17.64
10/5/2015 9:10,42282.38,1601.1,25.68,17.64
10/5/2015 9:20,42282.39,1599.8,25.68,17.64
10/5/2015 9:30,42282.40,1598.4,25.68,17.64
10/5/2015 9:40,42282.40,1597.2,25.68,17.64
10/5/2015 9:50,42282.41,1596.2,25.69,17.64
10/5/2015 10:00,42282.42,1594.8,25.69,17.64
10/5/2015 10:10,42282.42,1593.6,25.69,17.64
10/5/2015 10:20,42282.43,1592.7,25.69,17.64
10/5/2015 10:30,42282.44,1591.5,25.68,17.64
10/5/2015 10:40,42282.44,1590.4,25.68,17.64
10/5/2015 10:50,42282.45,1589.5,25.68,17.64
10/5/2015 11:00,42282.46,1589,25.68,17.64
10/5/2015 11:10,42282.47,1588.1,25.68,17.64
10/5/2015 11:20,42282.47,1587.4,25.68,17.64
10/5/2015 11:30,42282.48,1586.9,25.69,17.64
10/5/2015 11:40,42282.49,1586.6,25.68,17.64
10/5/2015 11:50,42282.49,1586,25.68,17.64
10/5/2015 12:00,42282.50,1586,25.69,17.64
10/5/2015 12:10,42282.51,1586,25.69,17.64
10/5/2015 12:20,42282.51,1586.2,25.68,17.64
10/5/2015 12:30,42282.52,1586.7,25.69,17.64
10/5/2015 12:40,42282.53,1587.3,25.68,17.64
10/5/2015 12:50,42282.53,1588.3,25.69,17.64
10/5/2015 13:00,42282.54,1589,25.68,17.64
10/5/2015 13:10,42282.55,1590.3,25.69,17.64
10/5/2015 13:20,42282.56,1591.1,25.68,17.64
10/5/2015 13:30,42282.56,1592.3,25.68,17.64
10/5/2015 13:40,42282.57,1593.9,25.68,17.64
10/5/2015 13:50,42282.58,1594.9,25.68,17.64
10/5/2015 14:00,42282.58,1596.4,25.69,17.64
10/5/2015 14:10,42282.59,1597.9,25.68,17.64
10/5/2015 14:20,42282.60,1599.6,25.68,17.64
10/5/2015 14:30,42282.60,1601.5,25.68,17.64
10/5/2015 14:40,42282.61,1603.1,25.68,17.64
10/5/2015 14:50,42282.62,1604.6,25.68,17.64
10/5/2015 15:00,42282.63,1606.2,25.68,17.64
10/5/2015 15:10,42282.63,1608,25.68,17.64
10/5/2015 15:20,42282.64,1609.5,25.68,17.64
10/5/2015 15:30,42282.65,1610.9,25.68,17.64
10/5/2015 15:40,42282.65,1612.4,25.69,17.64
10/5/2015 15:50,42282.66,1613.7,25.68,17.64
10/5/2015 16:00,42282.67,1615.1,25.68,17.64
10/5/2015 16:10,42282.67,1616.3,25.68,17.64
10/5/2015 16:20,42282.68,1617.8,25.68,17.64
10/5/2015 16:30,42282.69,1619.1,25.68,17.64
10/5/2015 16:40,42282.69,1620.1,25.68,17.64
10/5/2015 16:50,42282.70,1621.2,25.68,17.64
10/5/2015 17:00,42282.71,1621.9,25.68,17.64
10/5/2015 17:10,42282.72,1622.4,25.68,17.64
10/5/2015 17:20,42282.72,1622.4,25.68,17.64
10/5/2015 17:30,42282.73,1622.7,25.68,17.64
10/5/2015 17:40,42282.74,1623.1,25.68,17.64
10/5/2015 17:50,42282.74,1623.1,25.68,17.64
10/5/2015 18:00,42282.75,1623,25.69,17.64
10/5/2015 18:10,42282.76,1622.6,25.68,17.64
10/5/2015 18:20,42282.76,1622.4,25.68,17.64
10/5/2015 18:30,42282.77,1621.7,25.68,17.64
10/5/2015 18:40,42282.78,1621.2,25.69,17.64
10/5/2015 18:50,42282.78,1620.5,25.68,17.64
10/5/2015 19:00,42282.79,1619.6,25.68,17.64
10/5/2015 19:10,42282.80,1618.5,25.68,17.64
10/5/2015 19:20,42282.81,1617.8,25.68,17.64
10/5/2015 19:30,42282.81,1616.3,25.68,17.64
10/5/2015 19:40,42282.82,1614.9,25.68,17.64
10/5/2015 19:50,42282.83,1614,25.68,17.64
10/5/2015 20:00,42282.83,1612.6,25.68,17.64
10/5/2015 20:10,42282.84,1611.4,25.69,17.64
10/5/2015 20:20,42282.85,1610,25.69,17.64
10/5/2015 20:30,42282.85,1608.3,25.68,17.64
10/5/2015 20:40,42282.86,1606.7,25.68,17.64
10/5/2015 20:50,42282.87,1605.3,25.68,17.64
10/5/2015 21:00,42282.88,1604.1,25.69,17.64
10/5/2015 21:10,42282.88,1602.7,25.69,17.64
10/5/2015 21:20,42282.89,1601.1,25.68,17.64
10/5/2015 21:30,42282.90,1599.6,25.68,17.64
10/5/2015 21:40,42282.90,1598.2,25.68,17.64
10/5/2015 21:50,42282.91,1597,25.68,17.64
10/5/2015 22:00,42282.92,1596.2,25.69,17.64
10/5/2015 22:10,42282.92,1594.8,25.69,17.64
10/5/2015 22:20,42282.93,1593.6,25.69,17.64
10/5/2015 22:30,42282.94,1592.6,25.68,17.64
10/5/2015 22:40,42282.94,1591.7,25.69,17.64
10/5/2015 22:50,42282.95,1590.8,25.69,17.64
10/5/2015 23:00,42282.96,1589.9,25.68,17.64
10/5/2015 23:10,42282.97,1589.7,25.69,17.64
10/5/2015 23:20,42282.97,1589.2,25.68,17.64
10/5/2015 23:30,42282.98,1588.8,25.69,17.64
10/5/2015 23:40,42282.99,1588.4,25.69,17.64
10/5/2015 23:50,42282.99,1588.3,25.69,17.64
10/6/2015 0:00,42283.00,1588.3,25.69,17.64
10/6/2015 0:10,42283.01,1588.1,25.69,17.64
10/6/2015 0:20,42283.01,1588.4,25.69,17.64
10/6/2015 0:30,42283.02,1588.8,25.69,17.64
10/6/2015 0:40,42283.03,1589,25.68,17.64
10/6/2015 0:50,42283.03,1589.5,25.68,17.64
10/6/2015 1:00,42283.04,1590.2,25.68,17.64
10/6/2015 1:10,42283.05,1591,25.69,17.64
10/6/2015 1:20,42283.06,1592.2,25.69,17.64
10/6/2015 1:30,42283.06,1592.9,25.69,17.64
10/6/2015 1:40,42283.07,1594.1,25.69,17.64
10/6/2015 1:50,42283.08,1595.5,25.69,17.64
10/6/2015 2:00,42283.08,1596.8,25.69,17.64
10/6/2015 2:10,42283.09,1598.1,25.68,17.64
10/6/2015 2:20,42283.10,1599.3,25.69,17.64
10/6/2015 2:30,42283.10,1600.9,25.69,17.64
10/6/2015 2:40,42283.11,1602.4,25.68,17.64
10/6/2015 2:50,42283.12,1604.4,25.69,17.64
10/6/2015 3:00,42283.13,1605.9,25.69,17.64
10/6/2015 3:10,42283.13,1607.6,25.68,17.64
10/6/2015 3:20,42283.14,1609,25.68,17.64
10/6/2015 3:30,42283.15,1610.8,25.69,17.64
10/6/2015 3:40,42283.15,1612.3,25.68,17.64
10/6/2015 3:50,42283.16,1613.9,25.68,17.64
10/6/2015 4:00,42283.17,1615.3,25.68,17.64
10/6/2015 4:10,42283.17,1616.7,25.68,17.64
10/6/2015 4:20,42283.18,1618,25.68,17.64
10/6/2015 4:30,42283.19,1619.1,25.68,17.64
10/6/2015 4:40,42283.19,1620.4,25.69,17.64
10/6/2015 4:50,42283.20,1621.5,25.68,17.64
10/6/2015 5:00,42283.21,1622.6,25.68,17.64
10/6/2015 5:10,42283.22,1623.3,25.68,17.64
10/6/2015 5:20,42283.22,1624,25.68,17.64
10/6/2015 5:30,42283.23,1624.7,25.69,17.64
10/6/2015 5:40,42283.24,1625.1,25.69,17.64
10/6/2015 5:50,42283.24,1625,25.68,17.64
10/6/2015 6:00,42283.25,1625.4,25.69,17.64
10/6/2015 6:10,42283.26,1625.8,25.68,17.64
10/6/2015 6:20,42283.26,1625.6,25.68,17.64
10/6/2015 6:30,42283.27,1626,25.68,17.64
10/6/2015 6:40,42283.28,1625.8,25.68,17.64
10/6/2015 6:50,42283.28,1625.8,25.69,17.64
10/6/2015 7:00,42283.29,1625.6,25.69,17.64
10/6/2015 7:10,42283.30,1624.5,25.69,17.64
10/6/2015 7:20,42283.31,1624,25.68,17.64
10/6/2015 7:30,42283.31,1622.9,25.68,17.64
10/6/2015 7:40,42283.32,1622.3,25.69,17.64
10/6/2015 7:50,42283.33,1621.1,25.69,17.64
10/6/2015 8:00,42283.33,1619.9,25.69,17.64
10/6/2015 8:10,42283.34,1618.5,25.69,17.64
10/6/2015 8:20,42283.35,1617.2,25.69,17.64
10/6/2015 8:30,42283.35,1615.8,25.68,17.64
10/6/2015 8:40,42283.36,1614.4,25.69,17.64
10/6/2015 8:50,42283.37,1613,25.68,17.64
10/6/2015 9:00,42283.38,1611.6,25.68,17.64
10/6/2015 9:10,42283.38,1610.1,25.69,17.64
10/6/2015 9:20,42283.39,1608.4,25.68,17.64
10/6/2015 9:30,42283.40,1607.2,25.69,17.64
10/6/2015 9:40,42283.40,1605.8,25.69,17.64
10/6/2015 9:50,42283.41,1604.1,25.68,17.64
10/6/2015 10:00,42283.42,1603.1,25.68,17.64
10/6/2015 10:10,42283.42,1601.8,25.68,17.64
10/6/2015 10:20,42283.43,1600.6,25.69,17.64
10/6/2015 10:30,42283.44,1599.3,25.69,17.64
10/6/2015 10:40,42283.44,1598.1,25.69,17.64
10/6/2015 10:50,42283.45,1596.9,25.69,17.64
10/6/2015 11:00,42283.46,1596.1,25.69,17.64
10/6/2015 11:10,42283.47,1595,25.69,17.64
10/6/2015 11:20,42283.47,1594,25.69,17.64
10/6/2015 11:30,42283.48,1593.1,25.69,17.64
10/6/2015 11:40,42283.49,1592.2,25.69,17.64
10/6/2015 11:50,42283.49,1591.5,25.68,17.64
10/6/2015 12:00,42283.50,1590.5,25.69,17.64
10/6/2015 12:10,42283.51,1589.7,25.69,17.64
10/6/2015 12:20,42283.51,1589.3,25.69,17.64
10/6/2015 12:30,42283.52,1588.6,25.69,17.64
10/6/2015 12:40,42283.53,1588.3,25.69,17.64
10/6/2015 12:50,42283.53,1587.7,25.69,17.64
10/6/2015 13:00,42283.54,1587.7,25.69,17.64
10/6/2015 13:10,42283.55,1587.7,25.69,17.64
10/6/2015 13:20,42283.56,1587.9,25.69,17.64
10/6/2015 13:30,42283.56,1588.3,25.69,17.64
10/6/2015 13:40,42283.57,1588.4,25.69,17.64
10/6/2015 13:50,42283.58,1589.1,25.69,17.64
10/6/2015 14:00,42283.58,1589.7,25.69,17.64
10/6/2015 14:10,42283.59,1590.2,25.68,17.64
10/6/2015 14:20,42283.60,1591,25.69,17.64
10/6/2015 14:30,42283.60,1592,25.69,17.64
10/6/2015 14:40,42283.61,1593.1,25.69,17.64
10/6/2015 14:50,42283.62,1593.9,25.69,17.64
10/6/2015 15:00,42283.63,1595.2,25.69,17.64
10/6/2015 15:10,42283.63,1596.6,25.69,17.64
10/6/2015 15:20,42283.64,1597.6,25.69,17.64
10/6/2015 15:30,42283.65,1598.6,25.69,17.64
10/6/2015 15:40,42283.65,1600.2,25.69,17.64
10/6/2015 15:50,42283.66,1601.8,25.69,17.64
10/6/2015 16:00,42283.67,1603.2,25.69,17.64
10/6/2015 16:10,42283.67,1604.6,25.69,17.64
10/6/2015 16:20,42283.68,1606.2,25.69,17.64
10/6/2015 16:30,42283.69,1607.7,25.69,17.64
10/6/2015 16:40,42283.69,1608.9,25.69,17.64
10/6/2015 16:50,42283.70,1610.1,25.69,17.64
10/6/2015 17:00,42283.71,1611.5,25.69,17.64
10/6/2015 17:10,42283.72,1612.8,25.69,17.64
10/6/2015 17:20,42283.72,1614.1,25.69,17.64
10/6/2015 17:30,42283.73,1615.3,25.69,17.64
10/6/2015 17:40,42283.74,1616.2,25.69,17.64
10/6/2015 17:50,42283.74,1617.4,25.69,17.64
10/6/2015 18:00,42283.75,1618.3,25.69,17.64
10/6/2015 18:10,42283.76,1619.1,25.68,17.64
10/6/2015 18:20,42283.76,1619.9,25.69,17.64
10/6/2015 18:30,42283.77,1620.6,25.69,17.64
10/6/2015 18:40,42283.78,1621,25.68,17.64
10/6/2015 18:50,42283.78,1621.4,25.69,17.64
10/6/2015 19:00,42283.79,1621.9,25.69,17.64
10/6/2015 19:10,42283.80,1622.2,25.68,17.64
10/6/2015 19:20,42283.81,1622.4,25.69,17.64
10/6/2015 19:30,42283.81,1622.4,25.69,17.64
10/6/2015 19:40,42283.82,1622.1,25.69,17.64
10/6/2015 19:50,42283.83,1621.7,25.69,17.64
10/6/2015 20:00,42283.83,1621.2,25.69,17.64
10/6/2015 20:10,42283.84,1620.7,25.69,17.64
10/6/2015 20:20,42283.85,1620,25.69,17.64
10/6/2015 20:30,42283.85,1619.2,25.69,17.64
10/6/2015 20:40,42283.86,1618.3,25.69,17.64
10/6/2015 20:50,42283.87,1617.2,25.69,17.64
10/6/2015 21:00,42283.88,1616.5,25.69,17.64
10/6/2015 21:10,42283.88,1615.5,25.69,17.64
10/6/2015 21:20,42283.89,1614.3,25.69,17.64
10/6/2015 21:30,42283.90,1613.6,25.69,17.64
10/6/2015 21:40,42283.90,1612.2,25.69,17.64
10/6/2015 21:50,42283.91,1610.8,25.69,17.64
10/6/2015 22:00,42283.92,1609.8,25.69,17.64
10/6/2015 22:10,42283.92,1608.6,25.69,17.64
10/6/2015 22:20,42283.93,1607.3,25.69,17.64
10/6/2015 22:30,42283.94,1606,25.69,17.64
10/6/2015 22:40,42283.94,1604.6,25.69,17.64
10/6/2015 22:50,42283.95,1603.2,25.69,17.64
10/6/2015 23:00,42283.96,1602.1,25.69,17.64
10/6/2015 23:10,42283.97,1600.9,25.69,17.64
10/6/2015 23:20,42283.97,1599.9,25.69,17.64
10/6/2015 23:30,42283.98,1598.9,25.69,17.64
10/6/2015 23:40,42283.99,1597.9,25.69,17.64
10/6/2015 23:50,42283.99,1596.8,25.69,17.64
10/7/2015 0:00,42284.00,1595.7,25.69,17.64
10/7/2015 0:10,42284.01,1594.7,25.69,17.64
10/7/2015 0:20,42284.01,1594.1,25.69,17.64
10/7/2015 0:30,42284.02,1593.6,25.69,17.64
10/7/2015 0:40,42284.03,1592.9,25.69,17.64
10/7/2015 0:50,42284.03,1592.2,25.69,17.64
10/7/2015 1:00,42284.04,1591.7,25.69,17.64
10/7/2015 1:10,42284.05,1591.1,25.69,17.64
10/7/2015 1:20,42284.06,1590.8,25.69,17.64
10/7/2015 1:30,42284.06,1590.5,25.69,17.64
10/7/2015 1:40,42284.07,1590.4,25.69,17.64
10/7/2015 1:50,42284.08,1590.2,25.69,17.64
10/7/2015 2:00,42284.08,1590.2,25.69,17.64
10/7/2015 2:10,42284.09,1590.8,25.69,17.64
10/7/2015 2:20,42284.10,1591.3,25.69,17.64
10/7/2015 2:30,42284.10,1591.9,25.69,17.64
10/7/2015 2:40,42284.11,1592.6,25.69,17.64
10/7/2015 2:50,42284.12,1593.3,25.69,17.64
10/7/2015 3:00,42284.13,1594.1,25.69,17.64
10/7/2015 3:10,42284.13,1595.2,25.69,17.64
10/7/2015 3:20,42284.14,1596.1,25.69,17.64
10/7/2015 3:30,42284.15,1597.6,25.69,17.64
10/7/2015 3:40,42284.15,1598.9,25.69,17.64
10/7/2015 3:50,42284.16,1600.4,25.69,17.64
10/7/2015 4:00,42284.17,1601.5,25.68,17.64
10/7/2015 4:10,42284.17,1603.2,25.69,17.64
10/7/2015 4:20,42284.18,1604.4,25.69,17.64
10/7/2015 4:30,42284.19,1605.9,25.69,17.64
10/7/2015 4:40,42284.19,1607.7,25.69,17.64
10/7/2015 4:50,42284.20,1609.1,25.69,17.64
10/7/2015 5:00,42284.21,1610.5,25.69,17.64
10/7/2015 5:10,42284.22,1612.2,25.69,17.64
10/7/2015 5:20,42284.22,1613.7,25.69,17.64
10/7/2015 5:30,42284.23,1615.3,25.69,17.64
10/7/2015 5:40,42284.24,1616.9,25.69,17.64
10/7/2015 5:50,42284.24,1618.1,25.69,17.64
10/7/2015 6:00,42284.25,1619.4,25.69,17.64
10/7/2015 6:10,42284.26,1620.7,25.69,17.64
10/7/2015 6:20,42284.26,1621.9,25.69,17.64
10/7/2015 6:30,42284.27,1623.1,25.69,17.64
10/7/2015 6:40,42284.28,1624,25.69,17.64
10/7/2015 6:50,42284.28,1624.7,25.69,17.64
10/7/2015 7:00,42284.29,1625.6,25.69,17.64
10/7/2015 7:10,42284.30,1626.1,25.69,17.64
10/7/2015 7:20,42284.31,1626.3,25.69,17.64
10/7/2015 7:30,42284.31,1626.3,25.69,17.64
10/7/2015 7:40,42284.32,1627.2,25.69,17.64
10/7/2015 7:50,42284.33,1627.7,25.69,17.64
10/7/2015 8:00,42284.33,1627.2,25.69,17.64
10/7/2015 8:10,42284.34,1627.7,25.69,17.64
10/7/2015 8:20,42284.35,1627.3,25.69,17.64
10/7/2015 8:30,42284.35,1627,25.69,17.64
10/7/2015 8:40,42284.36,1627.2,25.69,17.64
10/7/2015 8:50,42284.37,1626.8,25.69,17.64
10/7/2015 9:00,42284.38,1626.3,25.69,17.64
10/7/2015 9:10,42284.38,1625.9,25.69,17.64
10/7/2015 9:20,42284.39,1625.1,25.69,17.64
10/7/2015 9:30,42284.40,1624.4,25.69,17.64
10/7/2015 9:40,42284.40,1623.5,25.69,17.64
10/7/2015 9:50,42284.41,1622.6,25.69,17.64
10/7/2015 10:00,42284.42,1621.4,25.69,17.64
10/7/2015 10:10,42284.42,1620.2,25.69,17.64
10/7/2015 10:20,42284.43,1619,25.69,17.64
10/7/2015 10:30,42284.44,1617.8,25.69,17.64
10/7/2015 10:40,42284.44,1616.2,25.69,17.64
10/7/2015 10:50,42284.45,1615,25.69,17.64
10/7/2015 11:00,42284.46,1613.6,25.69,17.64
10/7/2015 11:10,42284.47,1612.1,25.69,17.64
10/7/2015 11:20,42284.47,1610.5,25.69,17.64
10/7/2015 11:30,42284.48,1609.3,25.69,17.64
10/7/2015 11:40,42284.49,1608,25.69,17.64
10/7/2015 11:50,42284.49,1606.3,25.69,17.64
10/7/2015 12:00,42284.50,1605.2,25.69,17.64
10/7/2015 12:10,42284.51,1603.9,25.69,17.64
10/7/2015 12:20,42284.51,1602.8,25.69,17.64
10/7/2015 12:30,42284.52,1601.6,25.69,17.64
10/7/2015 12:40,42284.53,1600.4,25.69,17.64
10/7/2015 12:50,42284.53,1599.8,25.69,17.64
10/7/2015 13:00,42284.54,1599,25.69,17.64
10/7/2015 13:10,42284.55,1598.1,25.69,17.64
10/7/2015 13:20,42284.56,1597.1,25.69,17.64
10/7/2015 13:30,42284.56,1596.4,25.69,17.64
10/7/2015 13:40,42284.57,1595.9,25.69,17.64
10/7/2015 13:50,42284.58,1595,25.69,17.64
10/7/2015 14:00,42284.58,1594.2,25.69,17.64
10/7/2015 14:10,42284.59,1593.7,25.69,17.64
10/7/2015 14:20,42284.60,1593.5,25.69,17.64
10/7/2015 14:30,42284.60,1593.5,25.69,17.64
10/7/2015 14:40,42284.61,1593.2,25.69,17.64
10/7/2015 14:50,42284.62,1593.2,25.69,17.64
10/7/2015 15:00,42284.63,1593,25.69,17.64
10/7/2015 15:10,42284.63,1593.2,25.69,17.64
10/7/2015 15:20,42284.64,1593.5,25.69,17.64
10/7/2015 15:30,42284.65,1593.9,25.69,17.64
10/7/2015 15:40,42284.65,1594.1,25.69,17.64
10/7/2015 15:50,42284.66,1594.9,25.69,17.64
10/7/2015 16:00,42284.67,1595.4,25.69,17.64
10/7/2015 16:10,42284.67,1596.3,25.69,17.64
10/7/2015 16:20,42284.68,1597.4,25.69,17.64
10/7/2015 16:30,42284.69,1598.3,25.69,17.64
10/7/2015 16:40,42284.69,1599.7,25.69,17.64
10/7/2015 16:50,42284.70,1601,25.69,17.64
10/7/2015 17:00,42284.71,1602.1,25.69,17.64
10/7/2015 17:10,42284.72,1603.4,25.69,17.64
10/7/2015 17:20,42284.72,1604.8,25.69,17.64
10/7/2015 17:30,42284.73,1606.2,25.69,17.64
10/7/2015 17:40,42284.74,1608,25.69,17.64
10/7/2015 17:50,42284.74,1609.6,25.69,17.64
10/7/2015 18:00,42284.75,1611.1,25.69,17.64
10/7/2015 18:10,42284.76,1612.6,25.69,17.64
10/7/2015 18:20,42284.76,1614.2,25.69,17.64
10/7/2015 18:30,42284.77,1615.8,25.69,17.64
10/7/2015 18:40,42284.78,1617.3,25.69,17.64
10/7/2015 18:50,42284.78,1618.8,25.69,17.64
10/7/2015 19:00,42284.79,1620.2,25.69,17.64
10/7/2015 19:10,42284.80,1621.3,25.69,17.64
10/7/2015 19:20,42284.81,1622.6,25.69,17.64
10/7/2015 19:30,42284.81,1623.4,25.69,17.64
10/7/2015 19:40,42284.82,1624.5,25.69,17.64
10/7/2015 19:50,42284.83,1625.5,25.69,17.64
10/7/2015 20:00,42284.83,1626.2,25.69,17.64
10/7/2015 20:10,42284.84,1626.7,25.69,17.64
10/7/2015 20:20,42284.85,1627.2,25.69,17.64
10/7/2015 20:30,42284.85,1627.4,25.69,17.64
10/7/2015 20:40,42284.86,1627.9,25.69,17.64
10/7/2015 20:50,42284.87,1628.3,25.69,17.64
10/7/2015 21:00,42284.88,1628.3,25.69,17.64
10/7/2015 21:10,42284.88,1628.4,25.69,17.64
10/7/2015 21:20,42284.89,1628.4,25.69,17.64
10/7/2015 21:30,42284.90,1627.9,25.69,17.64
10/7/2015 21:40,42284.90,1627.7,25.69,17.64
10/7/2015 21:50,42284.91,1627.4,25.69,17.64
10/7/2015 22:00,42284.92,1627.2,25.69,17.64
10/7/2015 22:10,42284.92,1626.5,25.69,17.64
10/7/2015 22:20,42284.93,1626,25.69,17.64
10/7/2015 22:30,42284.94,1625.1,25.69,17.64
10/7/2015 22:40,42284.94,1624.1,25.69,17.64
10/7/2015 22:50,42284.95,1623.1,25.69,17.64
10/7/2015 23:00,42284.96,1621.9,25.69,17.64
10/7/2015 23:10,42284.97,1620.5,25.69,17.64
10/7/2015 23:20,42284.97,1619.2,25.69,17.64
10/7/2015 23:30,42284.98,1617.8,25.69,17.64
10/7/2015 23:40,42284.99,1616.1,25.69,17.64
10/7/2015 23:50,42284.99,1614.7,25.69,17.64
10/8/2015 0:00,42285.00,1613,25.69,17.64
10/8/2015 0:10,42285.01,1611.6,25.69,17.64
10/8/2015 0:20,42285.01,1609.7,25.69,17.64
10/8/2015 0:30,42285.02,1608.3,25.69,17.64
10/8/2015 0:40,42285.03,1606.7,25.69,17.64
10/8/2015 0:50,42285.03,1605,25.69,17.64
10/8/2015 1:00,42285.04,1603.9,25.69,17.64
10/8/2015 1:10,42285.05,1602.4,25.69,17.64
10/8/2015 1:20,42285.06,1601,25.69,17.64
10/8/2015 1:30,42285.06,1600,25.69,17.64
10/8/2015 1:40,42285.07,1598.4,25.69,17.64
10/8/2015 1:50,42285.08,1597.5,25.69,17.64
10/8/2015 2:00,42285.08,1596.3,25.69,17.64
10/8/2015 2:10,42285.09,1595.4,25.69,17.64
10/8/2015 2:20,42285.10,1594.6,25.69,17.64
10/8/2015 2:30,42285.10,1593.7,25.69,17.64
10/8/2015 2:40,42285.11,1593,25.69,17.64
10/8/2015 2:50,42285.12,1592.3,25.69,17.64
10/8/2015 3:00,42285.13,1591.8,25.69,17.64
10/8/2015 3:10,42285.13,1591.3,25.69,17.64
10/8/2015 3:20,42285.14,1590.8,25.69,17.64
10/8/2015 3:30,42285.15,1590.6,25.69,17.64
10/8/2015 3:40,42285.15,1590.4,25.69,17.64
10/8/2015 3:50,42285.16,1590.6,25.69,17.64
10/8/2015 4:00,42285.17,1591.1,25.69,17.64
10/8/2015 4:10,42285.17,1591.8,25.69,17.64
10/8/2015 4:20,42285.18,1592.3,25.69,17.64
10/8/2015 4:30,42285.19,1593.5,25.69,17.64
10/8/2015 4:40,42285.19,1594.6,25.69,17.64
10/8/2015 4:50,42285.20,1595.6,25.69,17.64
10/8/2015 5:00,42285.21,1597,25.69,17.64
10/8/2015 5:10,42285.22,1598.4,25.69,17.64
10/8/2015 5:20,42285.22,1599.8,25.69,17.64
10/8/2015 5:30,42285.23,1601.1,25.69,17.64
10/8/2015 5:40,42285.24,1602.7,25.69,17.64
10/8/2015 5:50,42285.24,1604.3,25.69,17.64
10/8/2015 6:00,42285.25,1606,25.69,17.64
10/8/2015 6:10,42285.26,1607.6,25.69,17.64
10/8/2015 6:20,42285.26,1609.7,25.69,17.64
10/8/2015 6:30,42285.27,1611.4,25.69,17.64
10/8/2015 6:40,42285.28,1613.3,25.69,17.64
10/8/2015 6:50,42285.28,1615.3,25.69,17.64
10/8/2015 7:00,42285.29,1617.3,25.69,17.64
10/8/2015 7:10,42285.30,1619.2,25.69,17.64
10/8/2015 7:20,42285.31,1620.8,25.69,17.64
10/8/2015 7:30,42285.31,1622.4,25.69,17.64
10/8/2015 7:40,42285.32,1624,25.69,17.64
10/8/2015 7:50,42285.33,1625.1,25.69,17.64
10/8/2015 8:00,42285.33,1626.3,25.69,17.64
10/8/2015 8:10,42285.34,1627.5,25.69,17.64
10/8/2015 8:20,42285.35,1628.1,25.69,17.64
10/8/2015 8:30,42285.35,1628.7,25.69,17.64
10/8/2015 8:40,42285.36,1629.1,25.69,17.64
10/8/2015 8:50,42285.37,1629.7,25.69,17.64
10/8/2015 9:00,42285.38,1630.2,25.69,17.64
10/8/2015 9:10,42285.38,1630.7,25.69,17.64
10/8/2015 9:20,42285.39,1630.9,25.69,17.64
10/8/2015 9:30,42285.40,1631.1,25.69,17.64
10/8/2015 9:40,42285.40,1631.2,25.69,17.64
10/8/2015 9:50,42285.41,1631.1,25.69,17.64
10/8/2015 10:00,42285.42,1630.9,25.69,17.64
10/8/2015 10:10,42285.42,1631.1,25.69,17.64
10/8/2015 10:20,42285.43,1630.7,25.69,17.64
10/8/2015 10:30,42285.44,1630.5,25.69,17.64
10/8/2015 10:40,42285.44,1630,25.69,17.64
10/8/2015 10:50,42285.45,1629.7,25.69,17.64
10/8/2015 11:00,42285.46,1629,25.69,17.64
10/8/2015 11:10,42285.47,1627.9,25.69,17.64
10/8/2015 11:20,42285.47,1627,25.69,17.64
10/8/2015 11:30,42285.48,1625.8,25.69,17.64
10/8/2015 11:40,42285.49,1624.5,25.69,17.64
10/8/2015 11:50,42285.49,1622.9,25.69,17.64
10/8/2015 12:00,42285.50,1621.3,25.69,17.64
10/8/2015 12:10,42285.51,1619.6,25.69,17.64
10/8/2015 12:20,42285.51,1617.8,25.69,17.64
10/8/2015 12:30,42285.52,1615.6,25.69,17.64
10/8/2015 12:40,42285.53,1613.7,25.69,17.64
10/8/2015 12:50,42285.53,1611.8,25.69,17.64
10/8/2015 13:00,42285.54,1609.8,25.69,17.64
10/8/2015 13:10,42285.55,1607.4,25.69,17.64
10/8/2015 13:20,42285.56,1605.5,25.69,17.64
10/8/2015 13:30,42285.56,1603.6,25.69,17.64
10/8/2015 13:40,42285.57,1601.8,25.69,17.64
10/8/2015 13:50,42285.58,1600.1,25.69,17.64
10/8/2015 14:00,42285.58,1598.6,25.69,17.64
10/8/2015 14:10,42285.59,1597,25.69,17.64
10/8/2015 14:20,42285.60,1595.4,25.69,17.64
10/8/2015 14:30,42285.60,1594.2,25.69,17.64
10/8/2015 14:40,42285.61,1592.8,25.69,17.64
10/8/2015 14:50,42285.62,1591.8,25.69,17.64
10/8/2015 15:00,42285.63,1590.9,25.69,17.64
10/8/2015 15:10,42285.63,1590.1,25.69,17.64
10/8/2015 15:20,42285.64,1589,25.69,17.64
10/8/2015 15:30,42285.65,1588.3,25.69,17.64
10/8/2015 15:40,42285.65,1587.8,25.69,17.64
10/8/2015 15:50,42285.66,1587.3,25.69,17.64
10/8/2015 16:00,42285.67,1586.7,25.69,17.64
10/8/2015 16:10,42285.67,1586.4,25.69,17.64
10/8/2015 16:20,42285.68,1586,25.69,17.64
10/8/2015 16:30,42285.69,1586,25.69,17.64
10/8/2015 16:40,42285.69,1586.2,25.69,17.64
10/8/2015 16:50,42285.70,1586.6,25.69,17.64
10/8/2015 17:00,42285.71,1587.3,25.69,17.64
10/8/2015 17:10,42285.72,1588.1,25.69,17.64
10/8/2015 17:20,42285.72,1589,25.69,17.64
10/8/2015 17:30,42285.73,1590.4,25.69,17.64
10/8/2015 17:40,42285.74,1591.5,25.69,17.64
10/8/2015 17:50,42285.74,1592.8,25.69,17.64
10/8/2015 18:00,42285.75,1594.4,25.69,17.64
10/8/2015 18:10,42285.76,1596.1,25.69,17.64
10/8/2015 18:20,42285.76,1597.4,25.69,17.64
10/8/2015 18:30,42285.77,1599.1,25.69,17.64
10/8/2015 18:40,42285.78,1600.8,25.69,17.64
10/8/2015 18:50,42285.78,1602.5,25.69,17.64
10/8/2015 19:00,42285.79,1604.8,25.69,17.64
10/8/2015 19:10,42285.80,1606.9,25.69,17.64
10/8/2015 19:20,42285.81,1609,25.69,17.64
10/8/2015 19:30,42285.81,1611.2,25.69,17.64
10/8/2015 19:40,42285.82,1612.8,25.69,17.64
10/8/2015 19:50,42285.83,1615.1,25.69,17.64
10/8/2015 20:00,42285.83,1617.1,25.69,17.64
10/8/2015 20:10,42285.84,1618.7,25.69,17.64
10/8/2015 20:20,42285.85,1620.1,25.69,17.64
10/8/2015 20:30,42285.85,1621.7,25.69,17.64
10/8/2015 20:40,42285.86,1623,25.69,17.64
10/8/2015 20:50,42285.87,1624.1,25.69,17.64
10/8/2015 21:00,42285.88,1625.3,25.69,17.64
10/8/2015 21:10,42285.88,1626.2,25.69,17.64
10/8/2015 21:20,42285.89,1627,25.69,17.64
10/8/2015 21:30,42285.90,1627.7,25.69,17.64
10/8/2015 21:40,42285.90,1628.2,25.69,17.64
10/8/2015 21:50,42285.91,1628.6,25.69,17.64
10/8/2015 22:00,42285.92,1628.6,25.69,17.64
10/8/2015 22:10,42285.92,1628.8,25.69,17.64
10/8/2015 22:20,42285.93,1629,25.69,17.64
10/8/2015 22:30,42285.94,1629.1,25.69,17.64
10/8/2015 22:40,42285.94,1629.1,25.69,17.64
10/8/2015 22:50,42285.95,1628.8,25.69,17.64
10/8/2015 23:00,42285.96,1628.6,25.69,17.64
10/8/2015 23:10,42285.97,1628.3,25.69,17.64
10/8/2015 23:20,42285.97,1627.7,25.69,17.64
10/8/2015 23:30,42285.98,1626.7,25.69,17.64
10/8/2015 23:40,42285.99,1626.2,25.69,17.64
10/8/2015 23:50,42285.99,1624.8,25.69,17.64
10/9/2015 0:00,42286.00,1623.4,25.69,17.64
10/9/2015 0:10,42286.01,1622,25.69,17.64
10/9/2015 0:20,42286.01,1620.5,25.69,17.64
10/9/2015 0:30,42286.02,1618.5,25.69,17.64
10/9/2015 0:40,42286.03,1616.5,25.69,17.64
10/9/2015 0:50,42286.03,1614.6,25.69,17.64
10/9/2015 1:00,42286.04,1612.6,25.69,17.64
10/9/2015 1:10,42286.05,1610.5,25.69,17.64
10/9/2015 1:20,42286.06,1608.4,25.69,17.64
10/9/2015 1:30,42286.06,1606.4,25.69,17.64
10/9/2015 1:40,42286.07,1604.6,25.69,17.64
10/9/2015 1:50,42286.08,1602.5,25.69,17.64
10/9/2015 2:00,42286.08,1600.4,25.69,17.64
10/9/2015 2:10,42286.09,1598.4,25.69,17.64
10/9/2015 2:20,42286.10,1596.8,25.69,17.64
10/9/2015 2:30,42286.10,1595.1,25.69,17.64
10/9/2015 2:40,42286.11,1593.7,25.69,17.64
10/9/2015 2:50,42286.12,1592.5,25.69,17.64
10/9/2015 3:00,42286.13,1591.1,25.69,17.64
10/9/2015 3:10,42286.13,1590.1,25.69,17.64
10/9/2015 3:20,42286.14,1588.7,25.69,17.64
10/9/2015 3:30,42286.15,1587.8,25.69,17.64
10/9/2015 3:40,42286.15,1586.7,25.69,17.64
10/9/2015 3:50,42286.16,1586.2,25.69,17.64
10/9/2015 4:00,42286.17,1585.5,25.69,17.64
10/9/2015 4:10,42286.17,1585,25.69,17.64
10/9/2015 4:20,42286.18,1584.5,25.69,17.64
10/9/2015 4:30,42286.19,1584.3,25.69,17.64
10/9/2015 4:40,42286.19,1583.8,25.69,17.64
10/9/2015 4:50,42286.20,1583.8,25.69,17.64
10/9/2015 5:00,42286.21,1583.9,25.69,17.64
10/9/2015 5:10,42286.22,1584.6,25.69,17.64
10/9/2015 5:20,42286.22,1585.3,25.69,17.64
10/9/2015 5:30,42286.23,1586.2,25.69,17.64
10/9/2015 5:40,42286.24,1587.3,25.69,17.64
10/9/2015 5:50,42286.24,1588.7,25.69,17.64
10/9/2015 6:00,42286.25,1590.4,25.69,17.64
10/9/2015 6:10,42286.26,1591.8,25.69,17.64
10/9/2015 6:20,42286.26,1593.7,25.69,17.64
10/9/2015 6:30,42286.27,1595.8,25.69,17.64
10/9/2015 6:40,42286.28,1597.9,25.69,17.64
10/9/2015 6:50,42286.28,1600,25.69,17.64
10/9/2015 7:00,42286.29,1601.8,25.69,17.64
10/9/2015 7:10,42286.30,1603.9,25.69,17.64
10/9/2015 7:20,42286.31,1605.9,25.69,17.64
10/9/2015 7:30,42286.31,1608,25.69,17.64
10/9/2015 7:40,42286.32,1610.2,25.69,17.64
10/9/2015 7:50,42286.33,1612.6,25.69,17.64
10/9/2015 8:00,42286.33,1614.7,25.69,17.64
10/9/2015 8:10,42286.34,1617,25.69,17.64
10/9/2015 8:20,42286.35,1618.9,25.69,17.64
10/9/2015 8:30,42286.35,1620.6,25.69,17.64
10/9/2015 8:40,42286.36,1622.4,25.69,17.64
10/9/2015 8:50,42286.37,1624,25.69,17.64
10/9/2015 9:00,42286.38,1625.3,25.69,17.64
10/9/2015 9:10,42286.38,1626.2,25.69,17.64
10/9/2015 9:20,42286.39,1627.6,25.69,17.64
10/9/2015 9:30,42286.40,1627.7,25.69,17.64
10/9/2015 9:40,42286.40,1628.6,25.69,17.64
10/9/2015 9:50,42286.41,1629.1,25.69,17.64
10/9/2015 10:00,42286.42,1629.7,25.69,17.64
10/9/2015 10:10,42286.42,1630,25.69,17.64
10/9/2015 10:20,42286.43,1630.4,25.69,17.64
10/9/2015 10:30,42286.44,1630.5,25.69,17.64
10/9/2015 10:40,42286.44,1630.5,25.69,17.64
10/9/2015 10:50,42286.45,1630.4,25.69,17.64
10/9/2015 11:00,42286.46,1630.2,25.69,17.64
10/9/2015 11:10,42286.47,1629.8,25.69,17.64
10/9/2015 11:20,42286.47,1629.7,25.69,17.64
10/9/2015 11:30,42286.48,1629.1,25.69,17.64
10/9/2015 11:40,42286.49,1628.4,25.69,17.64
10/9/2015 11:50,42286.49,1627.9,25.69,17.64
10/9/2015 12:00,42286.50,1626.5,25.69,17.64
10/9/2015 12:10,42286.51,1625.3,25.69,17.64
10/9/2015 12:20,42286.51,1624,25.69,17.64
10/9/2015 12:30,42286.52,1622.4,25.69,17.64
10/9/2015 12:40,42286.53,1620.5,25.69,17.64
10/9/2015 12:50,42286.53,1618.7,25.69,17.64
10/9/2015 13:00,42286.54,1616.8,25.69,17.64
10/9/2015 13:10,42286.55,1614.7,25.69,17.64
10/9/2015 13:20,42286.56,1612.8,25.69,17.64
10/9/2015 13:30,42286.56,1610,25.69,17.64
10/9/2015 13:40,42286.57,1608,25.69,17.64
10/9/2015 13:50,42286.58,1605.9,25.69,17.64
10/9/2015 14:00,42286.58,1603.6,25.69,17.64
10/9/2015 14:10,42286.59,1601.5,25.69,17.64
10/9/2015 14:20,42286.60,1599.5,25.69,17.64
10/9/2015 14:30,42286.60,1597,25.69,17.64
10/9/2015 14:40,42286.61,1595.1,25.69,17.64
10/9/2015 14:50,42286.62,1593.2,25.69,17.64
10/9/2015 15:00,42286.63,1591.5,25.69,17.64
10/9/2015 15:10,42286.63,1589.9,25.69,17.64
10/9/2015 15:20,42286.64,1588.7,25.69,17.64
10/9/2015 15:30,42286.65,1586.9,25.69,17.64
10/9/2015 15:40,42286.65,1585.7,25.69,17.64
10/9/2015 15:50,42286.66,1584.6,25.69,17.64
10/9/2015 16:00,42286.67,1583.4,25.69,17.64
10/9/2015 16:10,42286.67,1582.6,25.69,17.64
10/9/2015 16:20,42286.68,1581.7,25.7,17.64
10/9/2015 16:30,42286.69,1580.8,25.7,17.64
10/9/2015 16:40,42286.69,1580.3,25.69,17.64
10/9/2015 16:50,42286.70,1579.8,25.7,17.64
10/9/2015 17:00,42286.71,1579.4,25.69,17.64
10/9/2015 17:10,42286.72,1579.3,25.69,17.64
10/9/2015 17:20,42286.72,1579.3,25.7,17.64
10/9/2015 17:30,42286.73,1579.8,25.69,17.64
10/9/2015 17:40,42286.74,1580.5,25.69,17.64
10/9/2015 17:50,42286.74,1581.2,25.69,17.64
10/9/2015 18:00,42286.75,1582.2,25.69,17.64
10/9/2015 18:10,42286.76,1583.8,25.69,17.64
10/9/2015 18:20,42286.76,1585.2,25.69,17.64
10/9/2015 18:30,42286.77,1586.7,25.69,17.64
10/9/2015 18:40,42286.78,1589,25.7,17.64
10/9/2015 18:50,42286.78,1590.8,25.69,17.64
10/9/2015 19:00,42286.79,1592.8,25.69,17.64
10/9/2015 19:10,42286.80,1595.3,25.69,17.64
10/9/2015 19:20,42286.81,1597.4,25.69,17.64
10/9/2015 19:30,42286.81,1599.6,25.69,17.64
10/9/2015 19:40,42286.82,1601.8,25.69,17.64
10/9/2015 19:50,42286.83,1603.9,25.69,17.64
10/9/2015 20:00,42286.83,1606.2,25.69,17.64
10/9/2015 20:10,42286.84,1608.8,25.69,17.64
10/9/2015 20:20,42286.85,1611.6,25.69,17.64
10/9/2015 20:30,42286.85,1614,25.69,17.64
10/9/2015 20:40,42286.86,1616.7,25.69,17.64
10/9/2015 20:50,42286.87,1618.7,25.69,17.64
10/9/2015 21:00,42286.88,1620.6,25.69,17.64
10/9/2015 21:10,42286.88,1622.4,25.69,17.64
10/9/2015 21:20,42286.89,1624.3,25.69,17.64
10/9/2015 21:30,42286.90,1625.5,25.69,17.64
10/9/2015 21:40,42286.90,1626.5,25.69,17.64
10/9/2015 21:50,42286.91,1627.6,25.69,17.64
10/9/2015 22:00,42286.92,1628.6,25.69,17.64
10/9/2015 22:10,42286.92,1629.3,25.69,17.64
10/9/2015 22:20,42286.93,1629.7,25.69,17.64
10/9/2015 22:30,42286.94,1630.4,25.69,17.64
10/9/2015 22:40,42286.94,1630.5,25.69,17.64
10/9/2015 22:50,42286.95,1631.1,25.69,17.64
10/9/2015 23:00,42286.96,1631.2,25.7,17.64
10/9/2015 23:10,42286.97,1630.9,25.69,17.64
10/9/2015 23:20,42286.97,1631.1,25.69,17.64
10/9/2015 23:30,42286.98,1631.1,25.69,17.64
10/9/2015 23:40,42286.99,1630.9,25.69,17.64
10/9/2015 23:50,42286.99,1630.7,25.69,17.64
10/10/2015 0:00,42287.00,1629.8,25.69,17.64
10/10/2015 0:10,42287.01,1629.1,25.69,17.64
10/10/2015 0:20,42287.01,1628.4,25.69,17.64
10/10/2015 0:30,42287.02,1627.4,25.69,17.64
10/10/2015 0:40,42287.03,1626.2,25.69,17.64
10/10/2015 0:50,42287.03,1624.7,25.69,17.64
10/10/2015 1:00,42287.04,1623.1,25.69,17.64
10/10/2015 1:10,42287.05,1621.3,25.69,17.64
10/10/2015 1:20,42287.06,1619.4,25.69,17.64
10/10/2015 1:30,42287.06,1617.5,25.69,17.64
10/10/2015 1:40,42287.07,1615.4,25.69,17.64
10/10/2015 1:50,42287.08,1613.2,25.69,17.64
10/10/2015 2:00,42287.08,1610.9,25.69,17.64
10/10/2015 2:10,42287.09,1608.4,25.69,17.64
10/10/2015 2:20,42287.10,1606,25.69,17.64
10/10/2015 2:30,42287.10,1603.6,25.69,17.64
10/10/2015 2:40,42287.11,1601.1,25.69,17.64
10/10/2015 2:50,42287.12,1599.1,25.7,17.64
10/10/2015 3:00,42287.13,1596.8,25.69,17.64
10/10/2015 3:10,42287.13,1595.1,25.69,17.64
10/10/2015 3:20,42287.14,1593.2,25.69,17.64
10/10/2015 3:30,42287.15,1591.5,25.7,17.64
10/10/2015 3:40,42287.15,1589.9,25.69,17.64
10/10/2015 3:50,42287.16,1588.7,25.69,17.64
10/10/2015 4:00,42287.17,1587.1,25.7,17.64
10/10/2015 4:10,42287.17,1585.9,25.69,17.64
10/10/2015 4:20,42287.18,1584.8,25.69,17.64
10/10/2015 4:30,42287.19,1584.1,25.69,17.64
10/10/2015 4:40,42287.19,1583.1,25.69,17.64
10/10/2015 4:50,42287.20,1582.2,25.7,17.64
10/10/2015 5:00,42287.21,1581.7,25.69,17.64
10/10/2015 5:10,42287.22,1581.2,25.69,17.64
10/10/2015 5:20,42287.22,1580.7,25.7,17.64
10/10/2015 5:30,42287.23,1580.3,25.7,17.64
10/10/2015 5:40,42287.24,1580.3,25.7,17.64
10/10/2015 5:50,42287.24,1580.7,25.7,17.64
10/10/2015 6:00,42287.25,1581,25.7,17.64
10/10/2015 6:10,42287.26,1582.1,25.7,17.64
10/10/2015 6:20,42287.26,1583.4,25.7,17.64
10/10/2015 6:30,42287.27,1584.8,25.7,17.64
10/10/2015 6:40,42287.28,1586.7,25.7,17.64
10/10/2015 6:50,42287.28,1588.7,25.69,17.64
10/10/2015 7:00,42287.29,1590.9,25.7,17.64
10/10/2015 7:10,42287.30,1593.2,25.7,17.64
10/10/2015 7:20,42287.31,1595.4,25.69,17.64
10/10/2015 7:30,42287.31,1597.7,25.7,17.64
10/10/2015 7:40,42287.32,1600.1,25.69,17.64
10/10/2015 7:50,42287.33,1602.7,25.69,17.64
10/10/2015 8:00,42287.33,1605.2,25.69,17.64
10/10/2015 8:10,42287.34,1607.6,25.69,17.64
10/10/2015 8:20,42287.35,1609.7,25.69,17.64
10/10/2015 8:30,42287.35,1612.3,25.69,17.64
10/10/2015 8:40,42287.36,1615.1,25.69,17.64
10/10/2015 8:50,42287.37,1617.5,25.69,17.64
10/10/2015 9:00,42287.38,1619.8,25.69,17.64
10/10/2015 9:10,42287.38,1622,25.69,17.64
10/10/2015 9:20,42287.39,1624,25.69,17.64
10/10/2015 9:30,42287.40,1625.3,25.69,17.64
10/10/2015 9:40,42287.40,1626.9,25.69,17.64
10/10/2015 9:50,42287.41,1627.9,25.69,17.64
10/10/2015 10:00,42287.42,1628.8,25.69,17.64
10/10/2015 10:10,42287.42,1629.3,25.69,17.64
10/10/2015 10:20,42287.43,1630.2,25.69,17.64
10/10/2015 10:30,42287.44,1630.7,25.69,17.64
10/10/2015 10:40,42287.44,1631.1,25.69,17.64
10/10/2015 10:50,42287.45,1631.2,25.69,17.64
10/10/2015 11:00,42287.46,1631.8,25.69,17.64
10/10/2015 11:10,42287.47,1632.1,25.69,17.64
10/10/2015 11:20,42287.47,1632.3,25.69,17.64
10/10/2015 11:30,42287.48,1632.5,25.69,17.64
10/10/2015 11:40,42287.49,1632.3,25.69,17.64
10/10/2015 11:50,42287.49,1632.1,25.69,17.64
10/10/2015 12:00,42287.50,1631.6,25.69,17.64
10/10/2015 12:10,42287.51,1630.9,25.69,17.64
10/10/2015 12:20,42287.51,1630.2,25.69,17.64
10/10/2015 12:30,42287.52,1629.5,25.69,17.64
10/10/2015 12:40,42287.53,1628.3,25.69,17.64
10/10/2015 12:50,42287.53,1627.4,25.69,17.64
10/10/2015 13:00,42287.54,1625.6,25.69,17.64
10/10/2015 13:10,42287.55,1624,25.69,17.64
10/10/2015 13:20,42287.56,1622.2,25.69,17.64
10/10/2015 13:30,42287.56,1620.3,25.7,17.64
10/10/2015 13:40,42287.57,1618.2,25.69,17.64
10/10/2015 13:50,42287.58,1616.1,25.69,17.64
10/10/2015 14:00,42287.58,1613.7,25.69,17.64
10/10/2015 14:10,42287.59,1611.6,25.7,17.64
10/10/2015 14:20,42287.60,1609,25.69,17.64
10/10/2015 14:30,42287.60,1606.6,25.69,17.64
10/10/2015 14:40,42287.61,1603.8,25.69,17.64
10/10/2015 14:50,42287.62,1601,25.69,17.64
10/10/2015 15:00,42287.63,1598.6,25.69,17.64
10/10/2015 15:10,42287.63,1596.5,25.7,17.64
10/10/2015 15:20,42287.64,1594.2,25.7,17.64
10/10/2015 15:30,42287.65,1591.6,25.7,17.64
10/10/2015 15:40,42287.65,1589.5,25.69,17.64
10/10/2015 15:50,42287.66,1588.1,25.69,17.64
10/10/2015 16:00,42287.67,1586.4,25.69,17.64
10/10/2015 16:10,42287.67,1585.2,25.69,17.64
10/10/2015 16:20,42287.68,1583.4,25.7,17.64
10/10/2015 16:30,42287.69,1582.2,25.69,17.64
10/10/2015 16:40,42287.69,1581.2,25.7,17.64
10/10/2015 16:50,42287.70,1580.1,25.7,17.64
10/10/2015 17:00,42287.71,1579.1,25.7,17.64
10/10/2015 17:10,42287.72,1578,25.69,17.64
10/10/2015 17:20,42287.72,1577.3,25.69,17.64
10/10/2015 17:30,42287.73,1576.8,25.7,17.64
10/10/2015 17:40,42287.74,1576.3,25.7,17.64
10/10/2015 17:50,42287.74,1575.8,25.7,17.64
10/10/2015 18:00,42287.75,1575.9,25.69,17.64
10/10/2015 18:10,42287.76,1576.5,25.7,17.64
10/10/2015 18:20,42287.76,1577,25.7,17.64
10/10/2015 18:30,42287.77,1578.2,25.7,17.64
10/10/2015 18:40,42287.78,1579.3,25.7,17.64
10/10/2015 18:50,42287.78,1581.4,25.7,17.64
10/10/2015 19:00,42287.79,1582.8,25.7,17.64
10/10/2015 19:10,42287.80,1585,25.7,17.64
10/10/2015 19:20,42287.81,1587.3,25.69,17.64
10/10/2015 19:30,42287.81,1589.5,25.7,17.64
10/10/2015 19:40,42287.82,1592.5,25.69,17.64
10/10/2015 19:50,42287.83,1595.3,25.7,17.64
10/10/2015 20:00,42287.83,1598.1,25.7,17.64
10/10/2015 20:10,42287.84,1600.6,25.7,17.64
10/10/2015 20:20,42287.85,1603.2,25.7,17.64
10/10/2015 20:30,42287.85,1606,25.69,17.64
10/10/2015 20:40,42287.86,1609,25.7,17.64
10/10/2015 20:50,42287.87,1611.8,25.7,17.64
10/10/2015 21:00,42287.88,1614.7,25.7,17.64
10/10/2015 21:10,42287.88,1617.8,25.69,17.64
10/10/2015 21:20,42287.89,1620.3,25.69,17.64
10/10/2015 21:30,42287.90,1623.1,25.69,17.64
10/10/2015 21:40,42287.90,1624.8,25.69,17.64
10/10/2015 21:50,42287.91,1626.7,25.69,17.64
10/10/2015 22:00,42287.92,1628.1,25.7,17.64
10/10/2015 22:10,42287.92,1629.7,25.69,17.64
10/10/2015 22:20,42287.93,1630.5,25.7,17.64
10/10/2015 22:30,42287.94,1631.9,25.7,17.64
10/10/2015 22:40,42287.94,1632.6,25.69,17.64
10/10/2015 22:50,42287.95,1633,25.7,17.64
10/10/2015 23:00,42287.96,1633.6,25.69,17.64
10/10/2015 23:10,42287.97,1635,25.69,17.64
10/10/2015 23:20,42287.97,1635.7,25.69,17.64
10/10/2015 23:30,42287.98,1636.4,25.69,17.64
10/10/2015 23:40,42287.99,1636.8,25.69,17.64
10/10/2015 23:50,42287.99,1637,25.69,17.64
10/11/2015 0:00,42288.00,1637,25.7,17.64
10/11/2015 0:10,42288.01,1636.8,25.69,17.64
10/11/2015 0:20,42288.01,1635.9,25.69,17.64
10/11/2015 0:30,42288.02,1635.2,25.69,17.64
10/11/2015 0:40,42288.03,1633.8,25.69,17.64
10/11/2015 0:50,42288.03,1633.2,25.7,17.64
10/11/2015 1:00,42288.04,1632.1,25.7,17.64
10/11/2015 1:10,42288.05,1630.7,25.7,17.64
10/11/2015 1:20,42288.06,1629.1,25.7,17.64
10/11/2015 1:30,42288.06,1627.4,25.7,17.64
10/11/2015 1:40,42288.07,1625.6,25.69,17.64
10/11/2015 1:50,42288.08,1623.8,25.69,17.64
10/11/2015 2:00,42288.08,1621.7,25.7,17.64
10/11/2015 2:10,42288.09,1619.6,25.7,17.64
10/11/2015 2:20,42288.10,1617.7,25.7,17.64
10/11/2015 2:30,42288.10,1615.6,25.69,17.64
10/11/2015 2:40,42288.11,1613.3,25.7,17.64
10/11/2015 2:50,42288.12,1610.9,25.7,17.64
10/11/2015 3:00,42288.13,1608.1,25.69,17.64
10/11/2015 3:10,42288.13,1605.3,25.7,17.64
10/11/2015 3:20,42288.14,1602.4,25.7,17.64
10/11/2015 3:30,42288.15,1599.8,25.7,17.64
10/11/2015 3:40,42288.15,1597.4,25.7,17.64
10/11/2015 3:50,42288.16,1595.1,25.7,17.64
10/11/2015 4:00,42288.17,1593,25.7,17.64
10/11/2015 4:10,42288.17,1590.8,25.7,17.64
10/11/2015 4:20,42288.18,1589.2,25.7,17.64
10/11/2015 4:30,42288.19,1587.8,25.7,17.64
10/11/2015 4:40,42288.19,1586,25.7,17.64
10/11/2015 4:50,42288.20,1584.6,25.7,17.64
10/11/2015 5:00,42288.21,1583.4,25.7,17.64
10/11/2015 5:10,42288.22,1582.1,25.7,17.64
10/11/2015 5:20,42288.22,1581.5,25.7,17.64
10/11/2015 5:30,42288.23,1580.5,25.7,17.64
10/11/2015 5:40,42288.24,1579.4,25.7,17.64
10/11/2015 5:50,42288.24,1578.9,25.7,17.64
10/11/2015 6:00,42288.25,1578.7,25.7,17.64
10/11/2015 6:10,42288.26,1578.6,25.7,17.64
10/11/2015 6:20,42288.26,1578.6,25.7,17.64
10/11/2015 6:30,42288.27,1578.7,25.7,17.64
10/11/2015 6:40,42288.28,1579.6,25.7,17.64
10/11/2015 6:50,42288.28,1580.7,25.7,17.64
10/11/2015 7:00,42288.29,1582.2,25.7,17.64
10/11/2015 7:10,42288.30,1583.8,25.7,17.64
10/11/2015 7:20,42288.31,1585.7,25.7,17.64
10/11/2015 7:30,42288.31,1588,25.7,17.64
10/11/2015 7:40,42288.32,1590.1,25.7,17.64
10/11/2015 7:50,42288.33,1592.6,25.7,17.64
10/11/2015 8:00,42288.33,1595.4,25.7,17.64
10/11/2015 8:10,42288.34,1598.4,25.7,17.64
10/11/2015 8:20,42288.35,1601,25.7,17.64
10/11/2015 8:30,42288.35,1603.8,25.7,17.64
10/11/2015 8:40,42288.36,1606.7,25.7,17.64
10/11/2015 8:50,42288.37,1609.3,25.7,17.64
10/11/2015 9:00,42288.38,1611.9,25.7,17.64
10/11/2015 9:10,42288.38,1615.1,25.7,17.64
10/11/2015 9:20,42288.39,1617.7,25.7,17.64
10/11/2015 9:30,42288.40,1620.5,25.7,17.64
10/11/2015 9:40,42288.40,1623.1,25.7,17.64
10/11/2015 9:50,42288.41,1625.1,25.7,17.64
10/11/2015 10:00,42288.42,1627.4,25.7,17.64
10/11/2015 10:10,42288.42,1628.6,25.7,17.64
10/11/2015 10:20,42288.43,1630.2,25.7,17.64
10/11/2015 10:30,42288.44,1631.1,25.7,17.64
10/11/2015 10:40,42288.44,1631.9,25.7,17.64
10/11/2015 10:50,42288.45,1633.3,25.7,17.64
10/11/2015 11:00,42288.46,1633.8,25.7,17.64
10/11/2015 11:10,42288.47,1634.3,25.7,17.64
10/11/2015 11:20,42288.47,1635,25.7,17.64
10/11/2015 11:30,42288.48,1635.6,25.7,17.64
10/11/2015 11:40,42288.49,1636.1,25.7,17.64
10/11/2015 11:50,42288.49,1636.4,25.7,17.64
10/11/2015 12:00,42288.50,1636.8,25.7,17.64
10/11/2015 12:10,42288.51,1636.6,25.7,17.64
10/11/2015 12:20,42288.51,1636.6,25.7,17.64
10/11/2015 12:30,42288.52,1636.3,25.7,17.64
10/11/2015 12:40,42288.53,1635.2,25.7,17.64
10/11/2015 12:50,42288.53,1634.5,25.7,17.64
10/11/2015 13:00,42288.54,1633.5,25.7,17.64
10/11/2015 13:10,42288.55,1632.3,25.7,17.64
10/11/2015 13:20,42288.56,1631.1,25.7,17.64
10/11/2015 13:30,42288.56,1629.5,25.7,17.64
10/11/2015 13:40,42288.57,1627.9,25.7,17.64
10/11/2015 13:50,42288.58,1626,25.7,17.64
10/11/2015 14:00,42288.58,1624,25.7,17.64
10/11/2015 14:10,42288.59,1622.2,25.7,17.64
10/11/2015 14:20,42288.60,1619.8,25.7,17.64
10/11/2015 14:30,42288.60,1617.8,25.7,17.64
10/11/2015 14:40,42288.61,1615.4,25.7,17.64
10/11/2015 14:50,42288.62,1613.5,25.7,17.64
10/11/2015 15:00,42288.63,1610.9,25.7,17.64
10/11/2015 15:10,42288.63,1608.1,25.7,17.64
10/11/2015 15:20,42288.64,1605.2,25.7,17.64
10/11/2015 15:30,42288.65,1602.5,25.7,17.64
10/11/2015 15:40,42288.65,1599.8,25.7,17.64
10/11/2015 15:50,42288.66,1597.4,25.7,17.64
10/11/2015 16:00,42288.67,1594.9,25.7,17.64
10/11/2015 16:10,42288.67,1592.8,25.7,17.64
10/11/2015 16:20,42288.68,1590.8,25.7,17.64
10/11/2015 16:30,42288.69,1588.8,25.7,17.64
10/11/2015 16:40,42288.69,1587.4,25.7,17.64
10/11/2015 16:50,42288.70,1585.9,25.7,17.64
10/11/2015 17:00,42288.71,1584.3,25.7,17.64
10/11/2015 17:10,42288.72,1582.9,25.7,17.64
10/11/2015 17:20,42288.72,1581.5,25.7,17.64
10/11/2015 17:30,42288.73,1580.5,25.7,17.64
10/11/2015 17:40,42288.74,1579.6,25.7,17.64
10/11/2015 17:50,42288.74,1578.7,25.7,17.64
10/11/2015 18:00,42288.75,1578.2,25.7,17.64
10/11/2015 18:10,42288.76,1577.5,25.7,17.64
10/11/2015 18:20,42288.76,1577,25.7,17.64
10/11/2015 18:30,42288.77,1577,25.7,17.64
10/11/2015 18:40,42288.78,1577.3,25.7,17.64
10/11/2015 18:50,42288.78,1578,25.7,17.64
10/11/2015 19:00,42288.79,1578.9,25.7,17.64
10/11/2015 19:10,42288.80,1580.1,25.7,17.64
10/11/2015 19:20,42288.81,1582.1,25.7,17.64
10/11/2015 19:30,42288.81,1583.6,25.7,17.64
10/11/2015 19:40,42288.82,1585.7,25.7,17.64
10/11/2015 19:50,42288.83,1587.8,25.7,17.64
10/11/2015 20:00,42288.83,1590.6,25.7,17.64
10/11/2015 20:10,42288.84,1593.5,25.7,17.64
10/11/2015 20:20,42288.85,1596.3,25.7,17.64
10/11/2015 20:30,42288.85,1599.3,25.7,17.64
10/11/2015 20:40,42288.86,1602.4,25.7,17.64
10/11/2015 20:50,42288.87,1605.3,25.7,17.64
10/11/2015 21:00,42288.88,1607.8,25.7,17.64
10/11/2015 21:10,42288.88,1610.7,25.7,17.64
10/11/2015 21:20,42288.89,1613.5,25.7,17.64
10/11/2015 21:30,42288.90,1616.7,25.7,17.64
10/11/2015 21:40,42288.90,1619.8,25.7,17.64
10/11/2015 21:50,42288.91,1622.6,25.7,17.64
10/11/2015 22:00,42288.92,1625.1,25.7,17.64
10/11/2015 22:10,42288.92,1627.2,25.7,17.64
10/11/2015 22:20,42288.93,1629.3,25.7,17.64
10/11/2015 22:30,42288.94,1630.4,25.7,17.64
10/11/2015 22:40,42288.94,1631.8,25.7,17.64
10/11/2015 22:50,42288.95,1632.8,25.7,17.64
10/11/2015 23:00,42288.96,1634.2,25.7,17.64
10/11/2015 23:10,42288.97,1635.2,25.7,17.64
10/11/2015 23:20,42288.97,1636.4,25.7,17.64
10/11/2015 23:30,42288.98,1637.3,25.7,17.64
10/11/2015 23:40,42288.99,1638.5,25.7,17.64
10/11/2015 23:50,42288.99,1639.1,25.7,17.64
10/12/2015 0:00,42289.00,1639.9,25.7,17.64
10/12/2015 0:10,42289.01,1640.8,25.7,17.64
10/12/2015 0:20,42289.01,1641.2,25.7,17.64
10/12/2015 0:30,42289.02,1641.2,25.7,17.64
10/12/2015 0:40,42289.03,1640.8,25.7,17.64
10/12/2015 0:50,42289.03,1640.3,25.7,17.64
10/12/2015 1:00,42289.04,1639.4,25.7,17.64
10/12/2015 1:10,42289.05,1637.8,25.7,17.64
10/12/2015 1:20,42289.06,1636.6,25.7,17.64
10/12/2015 1:30,42289.06,1635.2,25.7,17.64
10/12/2015 1:40,42289.07,1633.6,25.7,17.64
10/12/2015 1:50,42289.08,1632.1,25.7,17.64
10/12/2015 2:00,42289.08,1630.5,25.7,17.64
10/12/2015 2:10,42289.09,1628.6,25.7,17.64
10/12/2015 2:20,42289.10,1626.5,25.7,17.64
10/12/2015 2:30,42289.10,1624.7,25.7,17.64
10/12/2015 2:40,42289.11,1622.6,25.7,17.64
10/12/2015 2:50,42289.12,1620.5,25.7,17.64
10/12/2015 3:00,42289.13,1618.5,25.7,17.64
10/12/2015 3:10,42289.13,1616.1,25.7,17.64
10/12/2015 3:20,42289.14,1614,25.7,17.64
10/12/2015 3:30,42289.15,1611.4,25.7,17.64
10/12/2015 3:40,42289.15,1608.6,25.7,17.64
10/12/2015 3:50,42289.16,1605.9,25.7,17.64
10/12/2015 4:00,42289.17,1602.7,25.7,17.64
10/12/2015 4:10,42289.17,1600,25.7,17.64
10/12/2015 4:20,42289.18,1597.4,25.7,17.64
10/12/2015 4:30,42289.19,1594.7,25.7,17.64
10/12/2015 4:40,42289.19,1592.6,25.7,17.64
10/12/2015 4:50,42289.20,1590.6,25.7,17.64
10/12/2015 5:00,42289.21,1588.8,25.7,17.64
10/12/2015 5:10,42289.22,1587.1,25.7,17.64
10/12/2015 5:20,42289.22,1585.5,25.7,17.64
10/12/2015 5:30,42289.23,1584.1,25.7,17.64
10/12/2015 5:40,42289.24,1582.9,25.7,17.64
10/12/2015 5:50,42289.24,1581.9,25.7,17.64
10/12/2015 6:00,42289.25,1580.7,25.7,17.64
10/12/2015 6:10,42289.26,1579.8,25.7,17.64
10/12/2015 6:20,42289.26,1579.1,25.7,17.64
10/12/2015 6:30,42289.27,1578.4,25.7,17.64
10/12/2015 6:40,42289.28,1578,25.7,17.64
10/12/2015 6:50,42289.28,1578,25.7,17.64
10/12/2015 7:00,42289.29,1578.2,25.7,17.64
10/12/2015 7:10,42289.30,1578.9,25.7,17.64
10/12/2015 7:20,42289.31,1580,25.7,17.64
10/12/2015 7:30,42289.31,1581.2,25.7,17.64
10/12/2015 7:40,42289.32,1582.9,25.7,17.64
10/12/2015 7:50,42289.33,1584.6,25.7,17.64
10/12/2015 8:00,42289.33,1587.1,25.7,17.64
10/12/2015 8:10,42289.34,1589.4,25.7,17.64
10/12/2015 8:20,42289.35,1591.8,25.7,17.64
10/12/2015 8:30,42289.35,1594.7,25.7,17.64
10/12/2015 8:40,42289.36,1597.7,25.7,17.64
10/12/2015 8:50,42289.37,1600.6,25.7,17.64
10/12/2015 9:00,42289.38,1603.4,25.7,17.64
10/12/2015 9:10,42289.38,1606.2,25.7,17.64
10/12/2015 9:20,42289.39,1609.1,25.7,17.64
10/12/2015 9:30,42289.40,1611.6,25.7,17.64
10/12/2015 9:40,42289.40,1614.7,25.7,17.64
10/12/2015 9:50,42289.41,1617.8,25.7,17.64
10/12/2015 10:00,42289.42,1620.1,25.7,17.64
10/12/2015 10:10,42289.42,1623.1,25.7,17.64
10/12/2015 10:20,42289.43,1625.5,25.7,17.64
10/12/2015 10:30,42289.44,1627.7,25.7,17.64
10/12/2015 10:40,42289.44,1629,25.7,17.64
10/12/2015 10:50,42289.45,1630.4,25.7,17.64
10/12/2015 11:00,42289.46,1631.4,25.7,17.64
10/12/2015 11:10,42289.47,1633,25.7,17.64
10/12/2015 11:20,42289.47,1633.6,25.7,17.64
10/12/2015 11:30,42289.48,1634.7,25.7,17.64
10/12/2015 11:40,42289.49,1635.2,25.7,17.64
10/12/2015 11:50,42289.49,1635.6,25.7,17.64
10/12/2015 12:00,42289.50,1636.1,25.7,17.64
10/12/2015 12:10,42289.51,1636.8,25.7,17.64
10/12/2015 12:20,42289.51,1637,25.7,17.64
10/12/2015 12:30,42289.52,1636.8,25.7,17.64
10/12/2015 12:40,42289.53,1637,25.7,17.64
10/12/2015 12:50,42289.53,1636.6,25.7,17.64
10/12/2015 13:00,42289.54,1636.3,25.7,17.64
10/12/2015 13:10,42289.55,1635.2,25.7,17.64
10/12/2015 13:20,42289.56,1634.5,25.7,17.64
10/12/2015 13:30,42289.56,1633.5,25.7,17.64
10/12/2015 13:40,42289.57,1632.3,25.7,17.64
10/12/2015 13:50,42289.58,1630.9,25.7,17.64
10/12/2015 14:00,42289.58,1629.3,25.7,17.64
10/12/2015 14:10,42289.59,1627.6,25.7,17.64
10/12/2015 14:20,42289.60,1625.8,25.7,17.64
10/12/2015 14:30,42289.60,1623.8,25.7,17.64
10/12/2015 14:40,42289.61,1621.5,25.7,17.64
10/12/2015 14:50,42289.62,1619.2,25.7,17.64
10/12/2015 15:00,42289.63,1617,25.7,17.64
10/12/2015 15:10,42289.63,1614.6,25.7,17.64
10/12/2015 15:20,42289.64,1612.5,25.7,17.64
10/12/2015 15:30,42289.65,1610,25.7,17.64
10/12/2015 15:40,42289.65,1607.1,25.7,17.64
10/12/2015 15:50,42289.66,1604.3,25.7,17.64
10/12/2015 16:00,42289.67,1601.5,25.7,17.64
10/12/2015 16:10,42289.67,1598.6,25.7,17.64
10/12/2015 16:20,42289.68,1595.8,25.7,17.64
10/12/2015 16:30,42289.69,1593.5,25.7,17.64
10/12/2015 16:40,42289.69,1591.3,25.7,17.64
10/12/2015 16:50,42289.70,1589.2,25.7,17.64
10/12/2015 17:00,42289.71,1587.6,25.7,17.64
10/12/2015 17:10,42289.72,1586,25.7,17.64
10/12/2015 17:20,42289.72,1584.5,25.7,17.64
10/12/2015 17:30,42289.73,1583.1,25.7,17.64
10/12/2015 17:40,42289.74,1581.7,25.7,17.64
10/12/2015 17:50,42289.74,1580.5,25.7,17.64
10/12/2015 18:00,42289.75,1579.8,25.7,17.64
10/12/2015 18:10,42289.76,1578.6,25.7,17.64
10/12/2015 18:20,42289.76,1577.7,25.7,17.64
10/12/2015 18:30,42289.77,1576.6,25.7,17.64
10/12/2015 18:40,42289.78,1575.8,25.7,17.64
10/12/2015 18:50,42289.78,1575.6,25.7,17.64
10/12/2015 19:00,42289.79,1575.4,25.7,17.64
10/12/2015 19:10,42289.80,1575.8,25.7,17.64
10/12/2015 19:20,42289.81,1576.3,25.7,17.64
10/12/2015 19:30,42289.81,1577.5,25.7,17.64
10/12/2015 19:40,42289.82,1578.6,25.7,17.64
10/12/2015 19:50,42289.83,1580.8,25.7,17.64
10/12/2015 20:00,42289.83,1582.6,25.7,17.64
10/12/2015 20:10,42289.84,1585,25.7,17.64
10/12/2015 20:20,42289.85,1587.4,25.7,17.64
10/12/2015 20:30,42289.85,1590.2,25.7,17.64
10/12/2015 20:40,42289.86,1593.3,25.7,17.64
10/12/2015 20:50,42289.87,1596.5,25.7,17.64
10/12/2015 21:00,42289.88,1600,25.7,17.64
10/12/2015 21:10,42289.88,1603.1,25.7,17.64
10/12/2015 21:20,42289.89,1606.4,25.7,17.64
10/12/2015 21:30,42289.90,1609.7,25.7,17.64
10/12/2015 21:40,42289.90,1612.5,25.7,17.64
10/12/2015 21:50,42289.91,1615.8,25.7,17.64
10/12/2015 22:00,42289.92,1618,25.7,17.64
10/12/2015 22:10,42289.92,1621,25.7,17.64
10/12/2015 22:20,42289.93,1624.1,25.7,17.64
10/12/2015 22:30,42289.94,1626.7,25.7,17.64
10/12/2015 22:40,42289.94,1629,25.7,17.64
10/12/2015 22:50,42289.95,1630.7,25.7,17.64
10/12/2015 23:00,42289.96,1632.1,25.7,17.64
10/12/2015 23:10,42289.97,1633.5,25.7,17.64
10/12/2015 23:20,42289.97,1634.9,25.7,17.64
10/12/2015 23:30,42289.98,1636.4,25.7,17.64
10/12/2015 23:40,42289.99,1637.8,25.7,17.64
10/12/2015 23:50,42289.99,1639.4,25.7,17.64
10/13/2015 0:00,42290.00,1640.6,25.7,17.64
10/13/2015 0:10,42290.01,1641.5,25.7,17.64
10/13/2015 0:20,42290.01,1642.9,25.7,17.64
10/13/2015 0:30,42290.02,1643.9,25.7,17.64
10/13/2015 0:40,42290.03,1644.6,25.7,17.64
10/13/2015 0:50,42290.03,1645,25.7,17.64
10/13/2015 1:00,42290.04,1645.3,25.7,17.64
10/13/2015 1:10,42290.05,1645.3,25.7,17.64
10/13/2015 1:20,42290.06,1644.8,25.7,17.64
10/13/2015 1:30,42290.06,1644.1,25.7,17.64
10/13/2015 1:40,42290.07,1642.7,25.7,17.64
10/13/2015 1:50,42290.08,1641,25.7,17.64
10/13/2015 2:00,42290.08,1638.9,25.7,17.64
10/13/2015 2:10,42290.09,1636.6,25.7,17.64
10/13/2015 2:20,42290.10,1634.9,25.7,17.64
10/13/2015 2:30,42290.10,1632.6,25.7,17.64
10/13/2015 2:40,42290.11,1630.5,25.7,17.64
10/13/2015 2:50,42290.12,1628.6,25.7,17.64
10/13/2015 3:00,42290.13,1627,25.7,17.64
10/13/2015 3:10,42290.13,1625.1,25.7,17.64
10/13/2015 3:20,42290.14,1622.9,25.7,17.64
10/13/2015 3:30,42290.15,1621,25.7,17.64
10/13/2015 3:40,42290.15,1618.9,25.7,17.64
10/13/2015 3:50,42290.16,1617,25.7,17.64
10/13/2015 4:00,42290.17,1614.6,25.7,17.64
10/13/2015 4:10,42290.17,1612.3,25.7,17.64
10/13/2015 4:20,42290.18,1609.8,25.7,17.64
10/13/2015 4:30,42290.19,1607.4,25.7,17.64
10/13/2015 4:40,42290.19,1604.3,25.7,17.64
10/13/2015 4:50,42290.20,1601.1,25.7,17.64
10/13/2015 5:00,42290.21,1598.2,25.7,17.64
10/13/2015 5:10,42290.22,1596,25.7,17.64
10/13/2015 5:20,42290.22,1593.5,25.7,17.64
10/13/2015 5:30,42290.23,1591.5,25.7,17.64
10/13/2015 5:40,42290.24,1589.9,25.7,17.64
10/13/2015 5:50,42290.24,1588,25.7,17.64
10/13/2015 6:00,42290.25,1586.4,25.7,17.64
10/13/2015 6:10,42290.26,1584.8,25.7,17.64
10/13/2015 6:20,42290.26,1583.4,25.7,17.64
10/13/2015 6:30,42290.27,1582.4,25.7,17.64
10/13/2015 6:40,42290.28,1581.7,25.7,17.64
10/13/2015 6:50,42290.28,1580.7,25.7,17.64
10/13/2015 7:00,42290.29,1580,25.7,17.64
10/13/2015 7:10,42290.30,1579.3,25.7,17.64
10/13/2015 7:20,42290.31,1579.1,25.7,17.64
10/13/2015 7:30,42290.31,1579.1,25.7,17.64
10/13/2015 7:40,42290.32,1579.4,25.7,17.64
10/13/2015 7:50,42290.33,1580.3,25.7,17.64
10/13/2015 8:00,42290.33,1581.5,25.7,17.64
10/13/2015 8:10,42290.34,1583.1,25.7,17.64
10/13/2015 8:20,42290.35,1585,25.7,17.64
10/13/2015 8:30,42290.35,1587.1,25.7,17.64
10/13/2015 8:40,42290.36,1589.5,25.7,17.64
10/13/2015 8:50,42290.37,1591.9,25.7,17.64
10/13/2015 9:00,42290.38,1594.7,25.7,17.64
10/13/2015 9:10,42290.38,1597.7,25.7,17.64
10/13/2015 9:20,42290.39,1601,25.7,17.64
10/13/2015 9:30,42290.40,1604.1,25.7,17.64
10/13/2015 9:40,42290.40,1606.9,25.7,17.64
10/13/2015 9:50,42290.41,1609.5,25.7,17.64
10/13/2015 10:00,42290.42,1612.6,25.7,17.64
10/13/2015 10:10,42290.42,1615.4,25.7,17.64
10/13/2015 10:20,42290.43,1618,25.7,17.64
10/13/2015 10:30,42290.44,1621.2,25.7,17.64
10/13/2015 10:40,42290.44,1624,25.7,17.64
10/13/2015 10:50,42290.45,1626.7,25.7,17.64
10/13/2015 11:00,42290.46,1628.8,25.7,17.64
10/13/2015 11:10,42290.47,1630.7,25.7,17.64
10/13/2015 11:20,42290.47,1631.9,25.7,17.64
10/13/2015 11:30,42290.48,1633,25.7,17.64
10/13/2015 11:40,42290.49,1634,25.7,17.64
10/13/2015 11:50,42290.49,1635.2,25.7,17.64
10/13/2015 12:00,42290.50,1636.3,25.7,17.64
10/13/2015 12:10,42290.51,1637.1,25.7,17.64
10/13/2015 12:20,42290.51,1638.2,25.7,17.64
10/13/2015 12:30,42290.52,1639.1,25.7,17.64
10/13/2015 12:40,42290.53,1639.6,25.7,17.64
10/13/2015 12:50,42290.53,1640.5,25.7,17.64
10/13/2015 13:00,42290.54,1641.2,25.7,17.64
10/13/2015 13:10,42290.55,1641.2,25.7,17.64
10/13/2015 13:20,42290.56,1640.8,25.7,17.64
10/13/2015 13:30,42290.56,1640.8,25.7,17.64
10/13/2015 13:40,42290.57,1639.8,25.7,17.64
10/13/2015 13:50,42290.58,1638.4,25.7,17.64
10/13/2015 14:00,42290.58,1636.8,25.7,17.64
10/13/2015 14:10,42290.59,1635.4,25.7,17.64
10/13/2015 14:20,42290.60,1633.8,25.7,17.64
10/13/2015 14:30,42290.60,1632.5,25.7,17.64
10/13/2015 14:40,42290.61,1630.7,25.7,17.64
10/13/2015 14:50,42290.62,1628.8,25.7,17.64
10/13/2015 15:00,42290.63,1626.9,25.7,17.64
10/13/2015 15:10,42290.63,1625,25.7,17.64
10/13/2015 15:20,42290.64,1622.9,25.7,17.64
10/13/2015 15:30,42290.65,1620.6,25.7,17.64
10/13/2015 15:40,42290.65,1618.4,25.7,17.64
10/13/2015 15:50,42290.66,1616.3,25.7,17.64
10/13/2015 16:00,42290.67,1614.2,25.7,17.64
10/13/2015 16:10,42290.67,1611.6,25.7,17.64
10/13/2015 16:20,42290.68,1609,25.7,17.64
10/13/2015 16:30,42290.69,1606.2,25.7,17.64
10/13/2015 16:40,42290.69,1603.4,25.7,17.64
10/13/2015 16:50,42290.70,1600.6,25.7,17.64
10/13/2015 17:00,42290.71,1598.1,25.7,17.64
10/13/2015 17:10,42290.72,1595.3,25.7,17.64
10/13/2015 17:20,42290.72,1593.3,25.7,17.64
10/13/2015 17:30,42290.73,1591.1,25.7,17.64
10/13/2015 17:40,42290.74,1589.2,25.7,17.64
10/13/2015 17:50,42290.74,1587.6,25.7,17.64
10/13/2015 18:00,42290.75,1585.7,25.7,17.64
10/13/2015 18:10,42290.76,1584.5,25.7,17.64
10/13/2015 18:20,42290.76,1583.3,25.7,17.64
10/13/2015 18:30,42290.77,1582.2,25.7,17.64
10/13/2015 18:40,42290.78,1580.8,25.7,17.64
10/13/2015 18:50,42290.78,1579.6,25.7,17.64
10/13/2015 19:00,42290.79,1579.1,25.7,17.64
10/13/2015 19:10,42290.80,1578.6,25.71,17.64
10/13/2015 19:20,42290.81,1578.4,25.7,17.64
10/13/2015 19:30,42290.81,1578,25.7,17.64
10/13/2015 19:40,42290.82,1578.6,25.7,17.64
10/13/2015 19:50,42290.83,1578.9,25.7,17.64
10/13/2015 20:00,42290.83,1579.8,25.7,17.64
10/13/2015 20:10,42290.84,1581.4,25.7,17.64
10/13/2015 20:20,42290.85,1583.3,25.7,17.64
10/13/2015 20:30,42290.85,1585.3,25.7,17.64
10/13/2015 20:40,42290.86,1587.6,25.7,17.64
10/13/2015 20:50,42290.87,1590.2,25.7,17.64
10/13/2015 21:00,42290.88,1593.2,25.7,17.64
10/13/2015 21:10,42290.88,1596,25.7,17.64
10/13/2015 21:20,42290.89,1599.3,25.7,17.64
10/13/2015 21:30,42290.90,1602.4,25.7,17.64
10/13/2015 21:40,42290.90,1605.9,25.7,17.64
10/13/2015 21:50,42290.91,1609.1,25.7,17.64
10/13/2015 22:00,42290.92,1612.1,25.7,17.64
10/13/2015 22:10,42290.92,1614.6,25.7,17.64
10/13/2015 22:20,42290.93,1618.2,25.7,17.64
10/13/2015 22:30,42290.94,1621.2,25.7,17.64
10/13/2015 22:40,42290.94,1624.3,25.7,17.64
10/13/2015 22:50,42290.95,1627,25.7,17.64
10/13/2015 23:00,42290.96,1629.7,25.7,17.64
10/13/2015 23:10,42290.97,1631.9,25.7,17.64
10/13/2015 23:20,42290.97,1633.6,25.7,17.64
10/13/2015 23:30,42290.98,1634.7,25.7,17.64
10/13/2015 23:40,42290.99,1636.1,25.7,17.64
10/13/2015 23:50,42290.99,1638,25.7,17.64
10/14/2015 0:00,42291.00,1639.6,25.7,17.64
10/14/2015 0:10,42291.01,1640.8,25.7,17.64
10/14/2015 0:20,42291.01,1642.7,25.7,17.64
10/14/2015 0:30,42291.02,1644.1,25.7,17.64
10/14/2015 0:40,42291.03,1645.3,25.7,17.64
10/14/2015 0:50,42291.03,1646.4,25.7,17.64
10/14/2015 1:00,42291.04,1647.4,25.7,17.64
10/14/2015 1:10,42291.05,1648.1,25.7,17.64
10/14/2015 1:20,42291.06,1648.6,25.7,17.64
10/14/2015 1:30,42291.06,1648.8,25.7,17.64
10/14/2015 1:40,42291.07,1648.6,25.7,17.64
10/14/2015 1:50,42291.08,1648.3,25.7,17.64
10/14/2015 2:00,42291.08,1647.4,25.7,17.64
10/14/2015 2:10,42291.09,1646,25.7,17.64
10/14/2015 2:20,42291.10,1644.1,25.7,17.64
10/14/2015 2:30,42291.10,1641.3,25.7,17.64
10/14/2015 2:40,42291.11,1638.9,25.7,17.64
10/14/2015 2:50,42291.12,1636.6,25.7,17.64
10/14/2015 3:00,42291.13,1634.5,25.7,17.64
10/14/2015 3:10,42291.13,1632.5,25.7,17.64
10/14/2015 3:20,42291.14,1630.5,25.7,17.64
10/14/2015 3:30,42291.15,1628.4,25.7,17.64
10/14/2015 3:40,42291.15,1626.7,25.7,17.64
10/14/2015 3:50,42291.16,1624.3,25.7,17.64
10/14/2015 4:00,42291.17,1622.4,25.7,17.64
10/14/2015 4:10,42291.17,1620.5,25.7,17.64
10/14/2015 4:20,42291.18,1618.4,25.7,17.64
10/14/2015 4:30,42291.19,1616.5,25.7,17.64
10/14/2015 4:40,42291.19,1614,25.7,17.64
10/14/2015 4:50,42291.20,1611.6,25.7,17.64
10/14/2015 5:00,42291.21,1609.5,25.7,17.64
10/14/2015 5:10,42291.22,1606.6,25.7,17.64
10/14/2015 5:20,42291.22,1603.4,25.7,17.64
10/14/2015 5:30,42291.23,1600.3,25.7,17.64
10/14/2015 5:40,42291.24,1598.1,25.7,17.64
10/14/2015 5:50,42291.24,1595.6,25.7,17.64
10/14/2015 6:00,42291.25,1593.5,25.7,17.64
10/14/2015 6:10,42291.26,1591.5,25.7,17.64
10/14/2015 6:20,42291.26,1589.7,25.7,17.64
10/14/2015 6:30,42291.27,1588.1,25.7,17.64
10/14/2015 6:40,42291.28,1586.6,25.7,17.64
10/14/2015 6:50,42291.28,1585.2,25.71,17.64
10/14/2015 7:00,42291.29,1583.9,25.7,17.64
10/14/2015 7:10,42291.30,1583.1,25.71,17.64
10/14/2015 7:20,42291.31,1582.2,25.7,17.64
10/14/2015 7:30,42291.31,1581.5,25.7,17.64
10/14/2015 7:40,42291.32,1581,25.71,17.64
10/14/2015 7:50,42291.33,1580.5,25.71,17.64
10/14/2015 8:00,42291.33,1580.5,25.7,17.64
10/14/2015 8:10,42291.34,1581,25.7,17.64
10/14/2015 8:20,42291.35,1581.9,25.7,17.64
10/14/2015 8:30,42291.35,1583.1,25.7,17.64
10/14/2015 8:40,42291.36,1584.1,25.7,17.64
10/14/2015 8:50,42291.37,1586.2,25.7,17.64
10/14/2015 9:00,42291.38,1588.7,25.7,17.64
10/14/2015 9:10,42291.38,1590.9,25.7,17.64
10/14/2015 9:20,42291.39,1593.5,25.7,17.64
10/14/2015 9:30,42291.40,1596.3,25.7,17.64
10/14/2015 9:40,42291.40,1599.5,25.71,17.64
10/14/2015 9:50,42291.41,1602.7,25.7,17.64
10/14/2015 10:00,42291.42,1605.7,25.7,17.64
10/14/2015 10:10,42291.42,1608.6,25.7,17.64
10/14/2015 10:20,42291.43,1611.6,25.7,17.64
10/14/2015 10:30,42291.44,1614.2,25.7,17.64
10/14/2015 10:40,42291.44,1616.8,25.7,17.64
10/14/2015 10:50,42291.45,1619.8,25.7,17.64
10/14/2015 11:00,42291.46,1622.7,25.7,17.64
10/14/2015 11:10,42291.47,1625.6,25.7,17.64
10/14/2015 11:20,42291.47,1628.4,25.7,17.64
10/14/2015 11:30,42291.48,1630.7,25.7,17.64
10/14/2015 11:40,42291.49,1632.6,25.7,17.64
10/14/2015 11:50,42291.49,1634,25.7,17.64
10/14/2015 12:00,42291.50,1634.9,25.71,17.64
10/14/2015 12:10,42291.51,1635.9,25.7,17.64
10/14/2015 12:20,42291.51,1637.1,25.7,17.64
10/14/2015 12:30,42291.52,1638.5,25.7,17.64
10/14/2015 12:40,42291.53,1639.6,25.7,17.64
10/14/2015 12:50,42291.53,1640.6,25.7,17.64
10/14/2015 13:00,42291.54,1641.5,25.7,17.64
10/14/2015 13:10,42291.55,1641.8,25.7,17.64
10/14/2015 13:20,42291.56,1642.7,25.7,17.64
10/14/2015 13:30,42291.56,1643.2,25.7,17.64
10/14/2015 13:40,42291.57,1643.6,25.7,17.64
10/14/2015 13:50,42291.58,1643.2,25.7,17.64
10/14/2015 14:00,42291.58,1642.9,25.7,17.64
10/14/2015 14:10,42291.59,1641.8,25.7,17.64
10/14/2015 14:20,42291.60,1640.5,25.7,17.64
10/14/2015 14:30,42291.60,1638.9,25.7,17.64
10/14/2015 14:40,42291.61,1637.1,25.7,17.64
10/14/2015 14:50,42291.62,1635.6,25.7,17.64
10/14/2015 15:00,42291.63,1633.8,25.7,17.64
10/14/2015 15:10,42291.63,1632.1,25.7,17.64
10/14/2015 15:20,42291.64,1630.4,25.7,17.64
10/14/2015 15:30,42291.65,1628.3,25.7,17.64
10/14/2015 15:40,42291.65,1626.2,25.7,17.64
10/14/2015 15:50,42291.66,1623.8,25.7,17.64
10/14/2015 16:00,42291.67,1622,25.7,17.64
10/14/2015 16:10,42291.67,1619.9,25.7,17.64
10/14/2015 16:20,42291.68,1617.7,25.71,17.64
10/14/2015 16:30,42291.69,1615.3,25.7,17.64
10/14/2015 16:40,42291.69,1613,25.7,17.64
10/14/2015 16:50,42291.70,1610.7,25.7,17.64
10/14/2015 17:00,42291.71,1607.6,25.7,17.64
10/14/2015 17:10,42291.72,1604.6,25.7,17.64
10/14/2015 17:20,42291.72,1602.2,25.7,17.64
10/14/2015 17:30,42291.73,1599.3,25.71,17.64
10/14/2015 17:40,42291.74,1596.7,25.71,17.64
10/14/2015 17:50,42291.74,1594.4,25.71,17.64
10/14/2015 18:00,42291.75,1592.5,25.71,17.64
10/14/2015 18:10,42291.76,1590.6,25.7,17.64
10/14/2015 18:20,42291.76,1588.8,25.71,17.64
10/14/2015 18:30,42291.77,1587.6,25.71,17.64
10/14/2015 18:40,42291.78,1586.2,25.7,17.64
10/14/2015 18:50,42291.78,1584.6,25.71,17.64
10/14/2015 19:00,42291.79,1583.4,25.71,17.64
10/14/2015 19:10,42291.80,1582.6,25.7,17.64
10/14/2015 19:20,42291.81,1581.4,25.7,17.64
10/14/2015 19:30,42291.81,1580.8,25.7,17.64
10/14/2015 19:40,42291.82,1580.1,25.71,17.64
10/14/2015 19:50,42291.83,1580,25.7,17.64
10/14/2015 20:00,42291.83,1579.6,25.71,17.64
10/14/2015 20:10,42291.84,1580,25.71,17.64
10/14/2015 20:20,42291.85,1580.8,25.7,17.64
10/14/2015 20:30,42291.85,1581.7,25.71,17.64
10/14/2015 20:40,42291.86,1583.1,25.71,17.64
10/14/2015 20:50,42291.87,1585.2,25.71,17.64
10/14/2015 21:00,42291.88,1587.3,25.71,17.64
10/14/2015 21:10,42291.88,1589.9,25.7,17.64
10/14/2015 21:20,42291.89,1592.3,25.71,17.64
10/14/2015 21:30,42291.90,1595.1,25.7,17.64
10/14/2015 21:40,42291.90,1598.2,25.7,17.64
10/14/2015 21:50,42291.91,1601.5,25.7,17.64
10/14/2015 22:00,42291.92,1604.8,25.7,17.64
10/14/2015 22:10,42291.92,1607.8,25.7,17.64
10/14/2015 22:20,42291.93,1611.1,25.7,17.64
10/14/2015 22:30,42291.94,1613.9,25.7,17.64
10/14/2015 22:40,42291.94,1617,25.7,17.64
10/14/2015 22:50,42291.95,1619.9,25.71,17.64
10/14/2015 23:00,42291.96,1623.3,25.7,17.64
10/14/2015 23:10,42291.97,1626.2,25.7,17.64
10/14/2015 23:20,42291.97,1629.5,25.7,17.64
10/14/2015 23:30,42291.98,1632.1,25.71,17.64
10/14/2015 23:40,42291.99,1634,25.7,17.64
10/14/2015 23:50,42291.99,1635.4,25.7,17.64
10/15/2015 0:00,42292.00,1636.4,25.7,17.64
10/15/2015 0:10,42292.01,1638.2,25.7,17.64
10/15/2015 0:20,42292.01,1639.8,25.7,17.64
10/15/2015 0:30,42292.02,1641.3,25.7,17.64
10/15/2015 0:40,42292.03,1643.4,25.7,17.64
10/15/2015 0:50,42292.03,1645,25.7,17.64
10/15/2015 1:00,42292.04,1646,25.7,17.64
10/15/2015 1:10,42292.05,1647.2,25.7,17.64
10/15/2015 1:20,42292.06,1648.3,25.7,17.64
10/15/2015 1:30,42292.06,1649,25.7,17.64
10/15/2015 1:40,42292.07,1649.7,25.7,17.64
10/15/2015 1:50,42292.08,1650.3,25.7,17.64
10/15/2015 2:00,42292.08,1650.1,25.7,17.64
10/15/2015 2:10,42292.09,1650,25.7,17.64
10/15/2015 2:20,42292.10,1649.9,25.7,17.64
10/15/2015 2:30,42292.10,1648.8,25.7,17.64
10/15/2015 2:40,42292.11,1647.2,25.7,17.64
10/15/2015 2:50,42292.12,1645.3,25.71,17.64
10/15/2015 3:00,42292.13,1642.9,25.7,17.64
10/15/2015 3:10,42292.13,1639.9,25.7,17.64
10/15/2015 3:20,42292.14,1637.8,25.71,17.64
10/15/2015 3:30,42292.15,1635.4,25.7,17.64
10/15/2015 3:40,42292.15,1633.3,25.7,17.64
10/15/2015 3:50,42292.16,1631.4,25.71,17.64
10/15/2015 4:00,42292.17,1629.8,25.71,17.64
10/15/2015 4:10,42292.17,1627.6,25.71,17.64
10/15/2015 4:20,42292.18,1625.5,25.71,17.64
10/15/2015 4:30,42292.19,1623.4,25.71,17.64
10/15/2015 4:40,42292.19,1621.5,25.71,17.64
10/15/2015 4:50,42292.20,1619.4,25.71,17.64
10/15/2015 5:00,42292.21,1617.3,25.71,17.64
10/15/2015 5:10,42292.22,1615.1,25.7,17.64
10/15/2015 5:20,42292.22,1612.6,25.7,17.64
10/15/2015 5:30,42292.23,1610.4,25.71,17.64
10/15/2015 5:40,42292.24,1607.3,25.71,17.64
10/15/2015 5:50,42292.24,1604.1,25.71,17.64
10/15/2015 6:00,42292.25,1601.1,25.71,17.64
10/15/2015 6:10,42292.26,1598.6,25.71,17.64
10/15/2015 6:20,42292.26,1596.3,25.71,17.64
10/15/2015 6:30,42292.27,1594,25.71,17.65
10/15/2015 6:40,42292.28,1592.1,25.71,17.64
10/15/2015 6:50,42292.28,1590.4,25.71,17.64
10/15/2015 7:00,42292.29,1588.8,25.71,17.64
10/15/2015 7:10,42292.30,1587.3,25.71,17.64
10/15/2015 7:20,42292.31,1585.9,25.71,17.64
10/15/2015 7:30,42292.31,1585,25.71,17.64
10/15/2015 7:40,42292.32,1584.1,25.71,17.65
10/15/2015 7:50,42292.33,1583.3,25.71,17.64
10/15/2015 8:00,42292.33,1582.6,25.71,17.64
10/15/2015 8:10,42292.34,1582.2,25.71,17.64
10/15/2015 8:20,42292.35,1581.9,25.71,17.64
10/15/2015 8:30,42292.35,1581.9,25.71,17.64
10/15/2015 8:40,42292.36,1582.6,25.71,17.64
10/15/2015 8:50,42292.37,1582.9,25.71,17.64
10/15/2015 9:00,42292.38,1584.1,25.71,17.64
10/15/2015 9:10,42292.38,1585.9,25.71,17.64
10/15/2015 9:20,42292.39,1588,25.71,17.64
10/15/2015 9:30,42292.40,1590.1,25.71,17.64
10/15/2015 9:40,42292.40,1592.5,25.71,17.64
10/15/2015 9:50,42292.41,1595.1,25.71,17.64
10/15/2015 10:00,42292.42,1597.9,25.71,17.64
10/15/2015 10:10,42292.42,1600.8,25.71,17.64
10/15/2015 10:20,42292.43,1604.1,25.71,17.64
10/15/2015 10:30,42292.44,1607.3,25.71,17.64
10/15/2015 10:40,42292.44,1610.2,25.71,17.64
10/15/2015 10:50,42292.45,1613.2,25.71,17.64
10/15/2015 11:00,42292.46,1615.8,25.71,17.64
10/15/2015 11:10,42292.47,1618.2,25.71,17.64
10/15/2015 11:20,42292.47,1621,25.7,17.64
10/15/2015 11:30,42292.48,1624,25.71,17.64
10/15/2015 11:40,42292.49,1626.7,25.71,17.64
10/15/2015 11:50,42292.49,1629.7,25.7,17.64
10/15/2015 12:00,42292.50,1631.8,25.7,17.64
10/15/2015 12:10,42292.51,1633.3,25.7,17.64
10/15/2015 12:20,42292.51,1634.5,25.71,17.64
10/15/2015 12:30,42292.52,1635.2,25.71,17.64
10/15/2015 12:40,42292.53,1636.3,25.7,17.64
10/15/2015 12:50,42292.53,1637.3,25.71,17.64
10/15/2015 13:00,42292.54,1638.2,25.71,17.64
10/15/2015 13:10,42292.55,1639.6,25.71,17.64
10/15/2015 13:20,42292.56,1640.5,25.71,17.64
10/15/2015 13:30,42292.56,1641,25.7,17.64
10/15/2015 13:40,42292.57,1641.5,25.71,17.64
10/15/2015 13:50,42292.58,1642,25.7,17.64
10/15/2015 14:00,42292.58,1642.3,25.7,17.64
10/15/2015 14:10,42292.59,1642.5,25.7,17.64
10/15/2015 14:20,42292.60,1642.2,25.7,17.64
10/15/2015 14:30,42292.60,1641.6,25.71,17.64
10/15/2015 14:40,42292.61,1640.5,25.7,17.64
10/15/2015 14:50,42292.62,1639.4,25.71,17.64
10/15/2015 15:00,42292.63,1638,25.7,17.64
10/15/2015 15:10,42292.63,1636.6,25.7,17.64
10/15/2015 15:20,42292.64,1635.4,25.71,17.64
10/15/2015 15:30,42292.65,1633.6,25.71,17.64
10/15/2015 15:40,42292.65,1631.9,25.7,17.64
10/15/2015 15:50,42292.66,1630,25.7,17.64
10/15/2015 16:00,42292.67,1627.9,25.71,17.64
10/15/2015 16:10,42292.67,1626,25.71,17.64
10/15/2015 16:20,42292.68,1624,25.71,17.64
10/15/2015 16:30,42292.69,1621.7,25.7,17.64
10/15/2015 16:40,42292.69,1619.6,25.7,17.64
10/15/2015 16:50,42292.70,1617.5,25.71,17.64
10/15/2015 17:00,42292.71,1615.1,25.71,17.64
10/15/2015 17:10,42292.72,1612.5,25.7,17.64
10/15/2015 17:20,42292.72,1609.8,25.71,17.64
10/15/2015 17:30,42292.73,1606.9,25.71,17.64
10/15/2015 17:40,42292.74,1603.9,25.71,17.65
10/15/2015 17:50,42292.74,1601.1,25.71,17.64
10/15/2015 18:00,42292.75,1598.8,25.71,17.64
10/15/2015 18:10,42292.76,1596.5,25.71,17.65
10/15/2015 18:20,42292.76,1594.4,25.71,17.64
10/15/2015 18:30,42292.77,1592.3,25.71,17.64
10/15/2015 18:40,42292.78,1590.8,25.71,17.64
10/15/2015 18:50,42292.78,1589,25.71,17.64
10/15/2015 19:00,42292.79,1587.8,25.71,17.64
10/15/2015 19:10,42292.80,1586.2,25.71,17.64
10/15/2015 19:20,42292.81,1585.3,25.71,17.64
10/15/2015 19:30,42292.81,1584.1,25.71,17.64
10/15/2015 19:40,42292.82,1583.1,25.71,17.64
10/15/2015 19:50,42292.83,1582.4,25.71,17.64
10/15/2015 20:00,42292.83,1581.7,25.71,17.64
10/15/2015 20:10,42292.84,1580.8,25.71,17.65
10/15/2015 20:20,42292.85,1580.5,25.71,17.65
10/15/2015 20:30,42292.85,1580.5,25.71,17.64
10/15/2015 20:40,42292.86,1580.5,25.71,17.64
10/15/2015 20:50,42292.87,1581.2,25.71,17.64
10/15/2015 21:00,42292.88,1582.2,25.71,17.64
10/15/2015 21:10,42292.88,1583.6,25.71,17.64
10/15/2015 21:20,42292.89,1585.5,25.71,17.64
10/15/2015 21:30,42292.90,1587.6,25.71,17.64
10/15/2015 21:40,42292.90,1589.7,25.71,17.64
10/15/2015 21:50,42292.91,1592.3,25.71,17.64
10/15/2015 22:00,42292.92,1594.9,25.71,17.64
10/15/2015 22:10,42292.92,1597.5,25.71,17.64
10/15/2015 22:20,42292.93,1601.1,25.71,17.64
10/15/2015 22:30,42292.94,1604.5,25.71,17.64
10/15/2015 22:40,42292.94,1607.3,25.71,17.64
10/15/2015 22:50,42292.95,1610.4,25.71,17.64
10/15/2015 23:00,42292.96,1613.3,25.71,17.64
10/15/2015 23:10,42292.97,1616.1,25.71,17.64
10/15/2015 23:20,42292.97,1618.9,25.71,17.64
10/15/2015 23:30,42292.98,1622.4,25.71,17.64
10/15/2015 23:40,42292.99,1625.5,25.71,17.64
10/15/2015 23:50,42292.99,1628.4,25.71,17.64
10/16/2015 0:00,42293.00,1631.2,25.71,17.64
10/16/2015 0:10,42293.01,1633.3,25.71,17.64
10/16/2015 0:20,42293.01,1634.7,25.71,17.64
10/16/2015 0:30,42293.02,1635.9,25.71,17.64
10/16/2015 0:40,42293.03,1637.1,25.71,17.64
10/16/2015 0:50,42293.03,1638.7,25.71,17.64
10/16/2015 1:00,42293.04,1639.8,25.7,17.64
10/16/2015 1:10,42293.05,1641.5,25.71,17.64
10/16/2015 1:20,42293.06,1642.7,25.71,17.64
10/16/2015 1:30,42293.06,1643.9,25.71,17.64
10/16/2015 1:40,42293.07,1644.8,25.71,17.64
10/16/2015 1:50,42293.08,1646,25.71,17.64
10/16/2015 2:00,42293.08,1646.9,25.71,17.64
10/16/2015 2:10,42293.09,1647.8,25.71,17.64
10/16/2015 2:20,42293.10,1648.1,25.71,17.64
10/16/2015 2:30,42293.10,1648.1,25.71,17.64
10/16/2015 2:40,42293.11,1647.8,25.71,17.64
10/16/2015 2:50,42293.12,1647.1,25.71,17.64
10/16/2015 3:00,42293.13,1645.8,25.71,17.64
10/16/2015 3:10,42293.13,1644.4,25.71,17.64
10/16/2015 3:20,42293.14,1642.3,25.71,17.64
10/16/2015 3:30,42293.15,1640.3,25.71,17.64
10/16/2015 3:40,42293.15,1638.5,25.71,17.64
10/16/2015 3:50,42293.16,1636.4,25.71,17.64
10/16/2015 4:00,42293.17,1634.5,25.71,17.65
10/16/2015 4:10,42293.17,1632.6,25.71,17.65
10/16/2015 4:20,42293.18,1630.9,25.71,17.64
10/16/2015 4:30,42293.19,1629,25.71,17.64
10/16/2015 4:40,42293.19,1626.7,25.71,17.65
10/16/2015 4:50,42293.20,1625,25.71,17.64
10/16/2015 5:00,42293.21,1622.9,25.71,17.64
10/16/2015 5:10,42293.22,1620.8,25.71,17.64
10/16/2015 5:20,42293.22,1618.5,25.71,17.64
10/16/2015 5:30,42293.23,1616.5,25.71,17.64
10/16/2015 5:40,42293.24,1613.9,25.71,17.64
10/16/2015 5:50,42293.24,1611.4,25.71,17.64
10/16/2015 6:00,42293.25,1608.4,25.71,17.65
10/16/2015 6:10,42293.26,1605.7,25.71,17.64
10/16/2015 6:20,42293.26,1602.7,25.71,17.64
10/16/2015 6:30,42293.27,1600.1,25.71,17.64
10/16/2015 6:40,42293.28,1597.9,25.71,17.64
10/16/2015 6:50,42293.28,1596,25.71,17.65
10/16/2015 7:00,42293.29,1594.2,25.71,17.64
10/16/2015 7:10,42293.30,1592.1,25.71,17.65
10/16/2015 7:20,42293.31,1590.6,25.71,17.64
10/16/2015 7:30,42293.31,1589.2,25.71,17.65
10/16/2015 7:40,42293.32,1587.8,25.71,17.64
10/16/2015 7:50,42293.33,1586.9,25.71,17.64
10/16/2015 8:00,42293.33,1585.5,25.71,17.65
10/16/2015 8:10,42293.34,1584.8,25.71,17.64
10/16/2015 8:20,42293.35,1584.1,25.71,17.64
10/16/2015 8:30,42293.35,1583.3,25.71,17.64
10/16/2015 8:40,42293.36,1582.8,25.71,17.65
10/16/2015 8:50,42293.37,1582.6,25.71,17.64
10/16/2015 9:00,42293.38,1582.8,25.71,17.65
10/16/2015 9:10,42293.38,1583.3,25.71,17.65
10/16/2015 9:20,42293.39,1584.1,25.71,17.64
10/16/2015 9:30,42293.40,1585.3,25.71,17.65
10/16/2015 9:40,42293.40,1586.7,25.71,17.64
10/16/2015 9:50,42293.41,1588.7,25.71,17.65
10/16/2015 10:00,42293.42,1590.8,25.71,17.64
10/16/2015 10:10,42293.42,1593,25.71,17.65
10/16/2015 10:20,42293.43,1595.3,25.71,17.64
10/16/2015 10:30,42293.44,1598.1,25.71,17.64
10/16/2015 10:40,42293.44,1600.4,25.71,17.64
10/16/2015 10:50,42293.45,1603.6,25.71,17.64
10/16/2015 11:00,42293.46,1606,25.71,17.64
10/16/2015 11:10,42293.47,1608.6,25.71,17.64
10/16/2015 11:20,42293.47,1611.1,25.71,17.64
10/16/2015 11:30,42293.48,1613.5,25.71,17.64
10/16/2015 11:40,42293.49,1616.1,25.71,17.64
10/16/2015 11:50,42293.49,1618.9,25.71,17.64
10/16/2015 12:00,42293.50,1621.7,25.71,17.64
10/16/2015 12:10,42293.51,1624.7,25.71,17.64
10/16/2015 12:20,42293.51,1626.9,25.71,17.64
10/16/2015 12:30,42293.52,1629,25.71,17.64
10/16/2015 12:40,42293.53,1630.4,25.71,17.64
10/16/2015 12:50,42293.53,1631.6,25.7,17.64
10/16/2015 13:00,42293.54,1632.6,25.71,17.64
10/16/2015 13:10,42293.55,1633.6,25.71,17.64
10/16/2015 13:20,42293.56,1634.9,25.71,17.64
10/16/2015 13:30,42293.56,1635.2,25.71,17.64
10/16/2015 13:40,42293.57,1636.1,25.71,17.64
10/16/2015 13:50,42293.58,1636.4,25.71,17.64
10/16/2015 14:00,42293.58,1637,25.71,17.64
10/16/2015 14:10,42293.59,1637,25.71,17.64
10/16/2015 14:20,42293.60,1637.3,25.71,17.64
10/16/2015 14:30,42293.60,1638,25.71,17.64
10/16/2015 14:40,42293.61,1638.4,25.71,17.64
10/16/2015 14:50,42293.62,1637.8,25.71,17.64
10/16/2015 15:00,42293.63,1637.1,25.71,17.64
10/16/2015 15:10,42293.63,1636.6,25.71,17.64
10/16/2015 15:20,42293.64,1635.9,25.71,17.64
10/16/2015 15:30,42293.65,1634.9,25.71,17.64
10/16/2015 15:40,42293.65,1633.5,25.71,17.64
10/16/2015 15:50,42293.66,1632.1,25.71,17.64
10/16/2015 16:00,42293.67,1630.2,25.71,17.64
10/16/2015 16:10,42293.67,1628.1,25.71,17.65
10/16/2015 16:20,42293.68,1626.2,25.71,17.64
10/16/2015 16:30,42293.69,1624.5,25.71,17.64
10/16/2015 16:40,42293.69,1622.7,25.71,17.64
10/16/2015 16:50,42293.70,1620.3,25.71,17.64
10/16/2015 17:00,42293.71,1617.8,25.71,17.64
10/16/2015 17:10,42293.72,1615.4,25.71,17.64
10/16/2015 17:20,42293.72,1612.6,25.71,17.64
10/16/2015 17:30,42293.73,1610,25.71,17.64
10/16/2015 17:40,42293.74,1607.1,25.71,17.64
10/16/2015 17:50,42293.74,1604.3,25.71,17.64
10/16/2015 18:00,42293.75,1602,25.71,17.64
10/16/2015 18:10,42293.76,1599.6,25.71,17.64
10/16/2015 18:20,42293.76,1597,25.71,17.64
10/16/2015 18:30,42293.77,1595.3,25.71,17.64
10/16/2015 18:40,42293.78,1593.2,25.71,17.64
10/16/2015 18:50,42293.78,1591.3,25.71,17.64
10/16/2015 19:00,42293.79,1590.1,25.71,17.64
10/16/2015 19:10,42293.80,1588.5,25.71,17.64
10/16/2015 19:20,42293.81,1586.9,25.71,17.65
10/16/2015 19:30,42293.81,1585.5,25.71,17.65
10/16/2015 19:40,42293.82,1584.5,25.71,17.64
10/16/2015 19:50,42293.83,1583.3,25.71,17.65
10/16/2015 20:00,42293.83,1582.6,25.71,17.65
10/16/2015 20:10,42293.84,1581.4,25.71,17.64
10/16/2015 20:20,42293.85,1580.8,25.71,17.64
10/16/2015 20:30,42293.85,1580,25.71,17.64
10/16/2015 20:40,42293.86,1579.8,25.71,17.64
10/16/2015 20:50,42293.87,1579.3,25.71,17.64
10/16/2015 21:00,42293.88,1579.6,25.71,17.64
10/16/2015 21:10,42293.88,1580,25.71,17.64
10/16/2015 21:20,42293.89,1580.7,25.71,17.64
10/16/2015 21:30,42293.90,1581.9,25.71,17.65
10/16/2015 21:40,42293.90,1583.4,25.71,17.64
10/16/2015 21:50,42293.91,1585.2,25.71,17.64
10/16/2015 22:00,42293.92,1587.1,25.71,17.64
10/16/2015 22:10,42293.92,1589.5,25.71,17.64
10/16/2015 22:20,42293.93,1591.6,25.71,17.64
10/16/2015 22:30,42293.94,1594.4,25.71,17.64
10/16/2015 22:40,42293.94,1597.2,25.71,17.64
10/16/2015 22:50,42293.95,1600.1,25.71,17.64
10/16/2015 23:00,42293.96,1602.9,25.71,17.65
10/16/2015 23:10,42293.97,1605.9,25.71,17.64
10/16/2015 23:20,42293.97,1608.8,25.71,17.64
10/16/2015 23:30,42293.98,1611.4,25.71,17.64
10/16/2015 23:40,42293.99,1614.2,25.71,17.64
10/16/2015 23:50,42293.99,1617.3,25.71,17.64
10/17/2015 0:00,42294.00,1620.5,25.71,17.64
10/17/2015 0:10,42294.01,1623.3,25.71,17.64
10/17/2015 0:20,42294.01,1626.3,25.71,17.64
10/17/2015 0:30,42294.02,1628.6,25.71,17.64
10/17/2015 0:40,42294.03,1631.1,25.71,17.64
10/17/2015 0:50,42294.03,1632.3,25.71,17.64
10/17/2015 1:00,42294.04,1633,25.71,17.64
10/17/2015 1:10,42294.05,1635,25.71,17.64
10/17/2015 1:20,42294.06,1635.9,25.71,17.64
10/17/2015 1:30,42294.06,1637.1,25.71,17.64
10/17/2015 1:40,42294.07,1638.2,25.71,17.65
10/17/2015 1:50,42294.08,1638.9,25.71,17.64
10/17/2015 2:00,42294.08,1639.4,25.71,17.64
10/17/2015 2:10,42294.09,1640.5,25.71,17.64
10/17/2015 2:20,42294.10,1641.5,25.71,17.65
10/17/2015 2:30,42294.10,1642.3,25.71,17.64
10/17/2015 2:40,42294.11,1642.2,25.71,17.64
10/17/2015 2:50,42294.12,1642.3,25.71,17.64
10/17/2015 3:00,42294.13,1642.7,25.71,17.64
10/17/2015 3:10,42294.13,1642.2,25.71,17.64
10/17/2015 3:20,42294.14,1641.5,25.71,17.65
10/17/2015 3:30,42294.15,1640.6,25.71,17.65
10/17/2015 3:40,42294.15,1639.1,25.71,17.64
10/17/2015 3:50,42294.16,1638,25.71,17.64
10/17/2015 4:00,42294.17,1636.4,25.71,17.64
10/17/2015 4:10,42294.17,1635.2,25.71,17.64
10/17/2015 4:20,42294.18,1633.6,25.71,17.64
10/17/2015 4:30,42294.19,1631.8,25.71,17.64
10/17/2015 4:40,42294.19,1630,25.71,17.64
10/17/2015 4:50,42294.20,1627.9,25.71,17.64
10/17/2015 5:00,42294.21,1625.6,25.71,17.65
10/17/2015 5:10,42294.22,1623.8,25.71,17.64
10/17/2015 5:20,42294.22,1621.7,25.71,17.65
10/17/2015 5:30,42294.23,1619.2,25.71,17.64
10/17/2015 5:40,42294.24,1617.3,25.71,17.64
10/17/2015 5:50,42294.24,1614.9,25.71,17.65
10/17/2015 6:00,42294.25,1612.3,25.71,17.64
10/17/2015 6:10,42294.26,1609.5,25.71,17.64
10/17/2015 6:20,42294.26,1606.7,25.71,17.65
10/17/2015 6:30,42294.27,1604.1,25.71,17.65
10/17/2015 6:40,42294.28,1601.7,25.71,17.64
10/17/2015 6:50,42294.28,1599.3,25.71,17.65
10/17/2015 7:00,42294.29,1597.2,25.71,17.65
10/17/2015 7:10,42294.30,1595.3,25.71,17.65
10/17/2015 7:20,42294.31,1593.5,25.71,17.64
10/17/2015 7:30,42294.31,1591.8,25.71,17.65
10/17/2015 7:40,42294.32,1590.4,25.71,17.65
10/17/2015 7:50,42294.33,1589,25.71,17.65
10/17/2015 8:00,42294.33,1587.8,25.71,17.65
10/17/2015 8:10,42294.34,1586.6,25.71,17.65
10/17/2015 8:20,42294.35,1585.2,25.71,17.64
10/17/2015 8:30,42294.35,1584.3,25.71,17.65
10/17/2015 8:40,42294.36,1583.4,25.71,17.65
10/17/2015 8:50,42294.37,1582.8,25.71,17.65
10/17/2015 9:00,42294.38,1582.2,25.71,17.65
10/17/2015 9:10,42294.38,1581.9,25.71,17.64
10/17/2015 9:20,42294.39,1581.7,25.71,17.65
10/17/2015 9:30,42294.40,1582.2,25.71,17.65
10/17/2015 9:40,42294.40,1582.6,25.71,17.64
10/17/2015 9:50,42294.41,1583.6,25.71,17.64
10/17/2015 10:00,42294.42,1585,25.71,17.65
10/17/2015 10:10,42294.42,1586.4,25.71,17.64
10/17/2015 10:20,42294.43,1588.1,25.71,17.65
10/17/2015 10:30,42294.44,1590.1,25.71,17.65
10/17/2015 10:40,42294.44,1591.9,25.71,17.65
10/17/2015 10:50,42294.45,1594.6,25.71,17.64
10/17/2015 11:00,42294.46,1597.2,25.71,17.64
10/17/2015 11:10,42294.47,1599.5,25.71,17.64
10/17/2015 11:20,42294.47,1602,25.71,17.64
10/17/2015 11:30,42294.48,1604.6,25.71,17.64
10/17/2015 11:40,42294.49,1607.3,25.71,17.64
10/17/2015 11:50,42294.49,1609.5,25.71,17.64
10/17/2015 12:00,42294.50,1612.1,25.71,17.64
10/17/2015 12:10,42294.51,1614.4,25.71,17.64
10/17/2015 12:20,42294.51,1617.5,25.71,17.64
10/17/2015 12:30,42294.52,1619.9,25.71,17.64
10/17/2015 12:40,42294.53,1622.7,25.71,17.64
10/17/2015 12:50,42294.53,1625,25.71,17.64
10/17/2015 13:00,42294.54,1626.5,25.71,17.64
10/17/2015 13:10,42294.55,1628.6,25.71,17.64
10/17/2015 13:20,42294.56,1629.7,25.71,17.64
10/17/2015 13:30,42294.56,1630.7,25.71,17.64
10/17/2015 13:40,42294.57,1631.4,25.71,17.64
10/17/2015 13:50,42294.58,1632.6,25.71,17.64
10/17/2015 14:00,42294.58,1633.2,25.71,17.64
10/17/2015 14:10,42294.59,1633.5,25.71,17.64
10/17/2015 14:20,42294.60,1633.8,25.71,17.64
10/17/2015 14:30,42294.60,1634.3,25.71,17.64
10/17/2015 14:40,42294.61,1634.7,25.71,17.64
10/17/2015 14:50,42294.62,1634.9,25.71,17.64
10/17/2015 15:00,42294.63,1634.7,25.71,17.64
10/17/2015 15:10,42294.63,1634.5,25.71,17.64
10/17/2015 15:20,42294.64,1634.3,25.71,17.64
10/17/2015 15:30,42294.65,1634,25.71,17.65
10/17/2015 15:40,42294.65,1633.3,25.71,17.64
10/17/2015 15:50,42294.66,1632.5,25.71,17.64
10/17/2015 16:00,42294.67,1631.4,25.71,17.65
10/17/2015 16:10,42294.67,1630.2,25.71,17.64
10/17/2015 16:20,42294.68,1628.8,25.71,17.64
10/17/2015 16:30,42294.69,1626.9,25.71,17.65
10/17/2015 16:40,42294.69,1625,25.71,17.64
10/17/2015 16:50,42294.70,1622.9,25.71,17.65
10/17/2015 17:00,42294.71,1620.8,25.71,17.65
10/17/2015 17:10,42294.72,1618.4,25.71,17.64
10/17/2015 17:20,42294.72,1616.1,25.71,17.65
10/17/2015 17:30,42294.73,1613.7,25.71,17.65
10/17/2015 17:40,42294.74,1611.1,25.71,17.64
10/17/2015 17:50,42294.74,1608.3,25.71,17.64
10/17/2015 18:00,42294.75,1605.5,25.71,17.65
10/17/2015 18:10,42294.76,1603.1,25.71,17.65
10/17/2015 18:20,42294.76,1600.6,25.71,17.64
10/17/2015 18:30,42294.77,1598.6,25.71,17.65
10/17/2015 18:40,42294.78,1596.7,25.71,17.65
10/17/2015 18:50,42294.78,1594.6,25.71,17.64
10/17/2015 19:00,42294.79,1592.6,25.71,17.65
10/17/2015 19:10,42294.80,1591.1,25.71,17.65
10/17/2015 19:20,42294.81,1589.2,25.71,17.65
10/17/2015 19:30,42294.81,1587.8,25.71,17.65
10/17/2015 19:40,42294.82,1586.4,25.71,17.65
10/17/2015 19:50,42294.83,1585,25.71,17.65
10/17/2015 20:00,42294.83,1583.9,25.71,17.65
10/17/2015 20:10,42294.84,1583.1,25.71,17.65
10/17/2015 20:20,42294.85,1582.1,25.71,17.64
10/17/2015 20:30,42294.85,1581,25.71,17.65
10/17/2015 20:40,42294.86,1580.3,25.71,17.65
10/17/2015 20:50,42294.87,1579.6,25.71,17.65
10/17/2015 21:00,42294.88,1579.1,25.71,17.64
10/17/2015 21:10,42294.88,1578.7,25.71,17.65
10/17/2015 21:20,42294.89,1578.9,25.71,17.65
10/17/2015 21:30,42294.90,1579.1,25.71,17.64
10/17/2015 21:40,42294.90,1579.8,25.71,17.64
10/17/2015 21:50,42294.91,1581,25.71,17.65
10/17/2015 22:00,42294.92,1582.2,25.71,17.64
10/17/2015 22:10,42294.92,1583.6,25.71,17.64
10/17/2015 22:20,42294.93,1585.2,25.71,17.64
10/17/2015 22:30,42294.94,1587.4,25.71,17.65
10/17/2015 22:40,42294.94,1589.7,25.71,17.65
10/17/2015 22:50,42294.95,1591.9,25.71,17.64
10/17/2015 23:00,42294.96,1594.7,25.71,17.64
10/17/2015 23:10,42294.97,1597.5,25.71,17.65
10/17/2015 23:20,42294.97,1600.3,25.71,17.65
10/17/2015 23:30,42294.98,1602.7,25.71,17.64
10/17/2015 23:40,42294.99,1605.5,25.71,17.64
10/17/2015 23:50,42294.99,1608.4,25.71,17.64
10/18/2015 0:00,42295.00,1611.1,25.71,17.64
10/18/2015 0:10,42295.01,1613.9,25.71,17.64
10/18/2015 0:20,42295.01,1616.8,25.71,17.64
10/18/2015 0:30,42295.02,1619.8,25.71,17.64
10/18/2015 0:40,42295.03,1622.9,25.71,17.64
10/18/2015 0:50,42295.03,1625.3,25.71,17.65
10/18/2015 1:00,42295.04,1627.7,25.71,17.65
10/18/2015 1:10,42295.05,1629.5,25.71,17.64
10/18/2015 1:20,42295.06,1631.1,25.71,17.64
10/18/2015 1:30,42295.06,1632.3,25.71,17.65
10/18/2015 1:40,42295.07,1633.5,25.71,17.65
10/18/2015 1:50,42295.08,1634.7,25.71,17.64
10/18/2015 2:00,42295.08,1635.7,25.71,17.64
10/18/2015 2:10,42295.09,1636.3,25.71,17.65
10/18/2015 2:20,42295.10,1637.1,25.71,17.64
10/18/2015 2:30,42295.10,1637.5,25.71,17.65
10/18/2015 2:40,42295.11,1638.5,25.71,17.65
10/18/2015 2:50,42295.12,1639.1,25.71,17.65
10/18/2015 3:00,42295.13,1639.8,25.71,17.65
10/18/2015 3:10,42295.13,1640.1,25.71,17.65
10/18/2015 3:20,42295.14,1640.3,25.71,17.64
10/18/2015 3:30,42295.15,1639.9,25.71,17.64
10/18/2015 3:40,42295.15,1639.4,25.71,17.64
10/18/2015 3:50,42295.16,1638.9,25.71,17.65
10/18/2015 4:00,42295.17,1637.8,25.71,17.65
10/18/2015 4:10,42295.17,1637,25.71,17.64
10/18/2015 4:20,42295.18,1635.7,25.71,17.65
10/18/2015 4:30,42295.19,1634.9,25.71,17.64
10/18/2015 4:40,42295.19,1633.5,25.71,17.65
10/18/2015 4:50,42295.20,1631.8,25.71,17.64
10/18/2015 5:00,42295.21,1629.8,25.71,17.65
10/18/2015 5:10,42295.22,1628.1,25.71,17.64
10/18/2015 5:20,42295.22,1626,25.71,17.65
10/18/2015 5:30,42295.23,1624.1,25.71,17.65
10/18/2015 5:40,42295.24,1622.2,25.71,17.64
10/18/2015 5:50,42295.24,1620.1,25.71,17.65
10/18/2015 6:00,42295.25,1617.8,25.71,17.65
10/18/2015 6:10,42295.26,1615.4,25.71,17.65
10/18/2015 6:20,42295.26,1612.8,25.71,17.65
10/18/2015 6:30,42295.27,1610.2,25.71,17.64
10/18/2015 6:40,42295.28,1607.4,25.71,17.65
10/18/2015 6:50,42295.28,1604.6,25.71,17.65
10/18/2015 7:00,42295.29,1602.2,25.71,17.65
10/18/2015 7:10,42295.30,1600.1,25.71,17.65
10/18/2015 7:20,42295.31,1597.7,25.71,17.65
10/18/2015 7:30,42295.31,1595.8,25.71,17.65
10/18/2015 7:40,42295.32,1594.2,25.71,17.65
10/18/2015 7:50,42295.33,1592.5,25.71,17.65
10/18/2015 8:00,42295.33,1591.2,25.72,17.65
10/18/2015 8:10,42295.34,1589.7,25.71,17.65
10/18/2015 8:20,42295.35,1588.5,25.71,17.65
10/18/2015 8:30,42295.35,1587.3,25.72,17.65
10/18/2015 8:40,42295.36,1586.3,25.72,17.65
10/18/2015 8:50,42295.37,1585.2,25.71,17.65
10/18/2015 9:00,42295.38,1584.1,25.71,17.65
10/18/2015 9:10,42295.38,1583.2,25.72,17.65
10/18/2015 9:20,42295.39,1582.4,25.71,17.64
10/18/2015 9:30,42295.40,1582.1,25.71,17.65
10/18/2015 9:40,42295.40,1581.9,25.71,17.65
10/18/2015 9:50,42295.41,1581.7,25.71,17.65
10/18/2015 10:00,42295.42,1582.1,25.71,17.65
10/18/2015 10:10,42295.42,1582.7,25.72,17.64
10/18/2015 10:20,42295.43,1583.6,25.71,17.65
10/18/2015 10:30,42295.44,1584.5,25.71,17.65
10/18/2015 10:40,42295.44,1586,25.71,17.65
10/18/2015 10:50,42295.45,1587.6,25.71,17.65
10/18/2015 11:00,42295.46,1589.4,25.71,17.64
10/18/2015 11:10,42295.47,1591.3,25.71,17.65
10/18/2015 11:20,42295.47,1593.3,25.71,17.65
10/18/2015 11:30,42295.48,1595.6,25.71,17.65
10/18/2015 11:40,42295.49,1598.1,25.71,17.64
10/18/2015 11:50,42295.49,1600.4,25.71,17.64
10/18/2015 12:00,42295.50,1602.2,25.71,17.64
10/18/2015 12:10,42295.51,1604.8,25.71,17.64
10/18/2015 12:20,42295.51,1606.9,25.71,17.65
10/18/2015 12:30,42295.52,1609,25.71,17.65
10/18/2015 12:40,42295.53,1611.4,25.71,17.65
10/18/2015 12:50,42295.53,1613.9,25.71,17.65
10/18/2015 13:00,42295.54,1616.8,25.71,17.65
10/18/2015 13:10,42295.55,1619.2,25.71,17.65
10/18/2015 13:20,42295.56,1621.3,25.71,17.64
10/18/2015 13:30,42295.56,1623.3,25.71,17.65
10/18/2015 13:40,42295.57,1624.7,25.71,17.65
10/18/2015 13:50,42295.58,1626.2,25.71,17.64
10/18/2015 14:00,42295.58,1627.4,25.71,17.65
10/18/2015 14:10,42295.59,1628.4,25.71,17.65
10/18/2015 14:20,42295.60,1629.5,25.71,17.65
10/18/2015 14:30,42295.60,1630.4,25.71,17.65
10/18/2015 14:40,42295.61,1630.9,25.71,17.65
10/18/2015 14:50,42295.62,1631.4,25.71,17.65
10/18/2015 15:00,42295.63,1631.6,25.71,17.65
10/18/2015 15:10,42295.63,1631.8,25.71,17.65
10/18/2015 15:20,42295.64,1631.8,25.71,17.65
10/18/2015 15:30,42295.65,1631.9,25.71,17.65
10/18/2015 15:40,42295.65,1631.8,25.71,17.65
10/18/2015 15:50,42295.66,1631.8,25.71,17.65
10/18/2015 16:00,42295.67,1631.2,25.71,17.64
10/18/2015 16:10,42295.67,1630.5,25.71,17.65
10/18/2015 16:20,42295.68,1629.5,25.71,17.65
10/18/2015 16:30,42295.69,1628.6,25.71,17.65
10/18/2015 16:40,42295.69,1627.4,25.71,17.65
10/18/2015 16:50,42295.70,1625.8,25.72,17.65
10/18/2015 17:00,42295.71,1624,25.71,17.65
10/18/2015 17:10,42295.72,1622,25.71,17.65
10/18/2015 17:20,42295.72,1619.9,25.71,17.65
10/18/2015 17:30,42295.73,1617.7,25.71,17.65
10/18/2015 17:40,42295.74,1615.4,25.71,17.65
10/18/2015 17:50,42295.74,1612.8,25.71,17.65
10/18/2015 18:00,42295.75,1610.5,25.71,17.64
10/18/2015 18:10,42295.76,1608.4,25.71,17.65
10/18/2015 18:20,42295.76,1606.2,25.71,17.65
10/18/2015 18:30,42295.77,1603.9,25.71,17.65
10/18/2015 18:40,42295.78,1601.8,25.71,17.65
10/18/2015 18:50,42295.78,1600,25.72,17.65
10/18/2015 19:00,42295.79,1598.2,25.71,17.65
10/18/2015 19:10,42295.80,1596.4,25.72,17.65
10/18/2015 19:20,42295.81,1594.7,25.71,17.65
10/18/2015 19:30,42295.81,1593.3,25.72,17.65
10/18/2015 19:40,42295.82,1591.6,25.71,17.65
10/18/2015 19:50,42295.83,1590.4,25.71,17.65
10/18/2015 20:00,42295.83,1589,25.71,17.65
10/18/2015 20:10,42295.84,1587.7,25.72,17.64
10/18/2015 20:20,42295.85,1586.6,25.71,17.64
10/18/2015 20:30,42295.85,1585.5,25.71,17.65
10/18/2015 20:40,42295.86,1584.6,25.72,17.65
10/18/2015 20:50,42295.87,1583.7,25.72,17.65
10/18/2015 21:00,42295.88,1582.8,25.71,17.65
10/18/2015 21:10,42295.88,1581.9,25.71,17.65
10/18/2015 21:20,42295.89,1581.4,25.72,17.65
10/18/2015 21:30,42295.90,1580.9,25.72,17.65
10/18/2015 21:40,42295.90,1580.7,25.71,17.65
10/18/2015 21:50,42295.91,1580.7,25.71,17.65
10/18/2015 22:00,42295.92,1581,25.71,17.64
10/18/2015 22:10,42295.92,1581.6,25.72,17.65
10/18/2015 22:20,42295.93,1582.7,25.72,17.65
10/18/2015 22:30,42295.94,1583.7,25.72,17.65
10/18/2015 22:40,42295.94,1585,25.72,17.65
10/18/2015 22:50,42295.95,1586.6,25.71,17.65
10/18/2015 23:00,42295.96,1588.3,25.71,17.64
10/18/2015 23:10,42295.97,1590.4,25.71,17.65
10/18/2015 23:20,42295.97,1592.4,25.72,17.65
10/18/2015 23:30,42295.98,1594.7,25.71,17.64
10/18/2015 23:40,42295.99,1597,25.71,17.64
10/18/2015 23:50,42295.99,1599.5,25.71,17.65
10/19/2015 0:00,42296.00,1601.5,25.71,17.65
10/19/2015 0:10,42296.01,1603.6,25.71,17.64
10/19/2015 0:20,42296.01,1606,25.71,17.65
10/19/2015 0:30,42296.02,1608.3,25.71,17.64
10/19/2015 0:40,42296.03,1610.9,25.71,17.64
10/19/2015 0:50,42296.03,1613.5,25.71,17.64
10/19/2015 1:00,42296.04,1616.1,25.71,17.64
10/19/2015 1:10,42296.05,1618.7,25.71,17.64
10/19/2015 1:20,42296.06,1621.3,25.71,17.64
10/19/2015 1:30,42296.06,1623.3,25.71,17.64
10/19/2015 1:40,42296.07,1625,25.71,17.64
10/19/2015 1:50,42296.08,1626.9,25.71,17.65
10/19/2015 2:00,42296.08,1628.1,25.71,17.64
10/19/2015 2:10,42296.09,1629.3,25.71,17.64
10/19/2015 2:20,42296.10,1630.4,25.71,17.64
10/19/2015 2:30,42296.10,1631.4,25.71,17.64
10/19/2015 2:40,42296.11,1632.1,25.71,17.64
10/19/2015 2:50,42296.12,1632.8,25.71,17.64
10/19/2015 3:00,42296.13,1633.3,25.71,17.64
10/19/2015 3:10,42296.13,1633.8,25.71,17.64
10/19/2015 3:20,42296.14,1634.2,25.71,17.65
10/19/2015 3:30,42296.15,1634.5,25.71,17.65
10/19/2015 3:40,42296.15,1634.9,25.71,17.65
10/19/2015 3:50,42296.16,1634.9,25.71,17.65
10/19/2015 4:00,42296.17,1634.9,25.71,17.64
10/19/2015 4:10,42296.17,1634.7,25.71,17.65
10/19/2015 4:20,42296.18,1634.7,25.71,17.65
10/19/2015 4:30,42296.19,1634.5,25.71,17.64
10/19/2015 4:40,42296.19,1633.6,25.71,17.64
10/19/2015 4:50,42296.20,1633,25.71,17.65
10/19/2015 5:00,42296.21,1631.9,25.71,17.65
10/19/2015 5:10,42296.22,1630.9,25.71,17.65
10/19/2015 5:20,42296.22,1629.5,25.71,17.65
10/19/2015 5:30,42296.23,1627.9,25.72,17.65
10/19/2015 5:40,42296.24,1625.8,25.71,17.64
10/19/2015 5:50,42296.24,1624.3,25.71,17.65
10/19/2015 6:00,42296.25,1622.4,25.71,17.65
10/19/2015 6:10,42296.26,1620.5,25.71,17.65
10/19/2015 6:20,42296.26,1618.2,25.71,17.64
10/19/2015 6:30,42296.27,1616,25.72,17.65
10/19/2015 6:40,42296.28,1613.7,25.71,17.65
10/19/2015 6:50,42296.28,1611.4,25.71,17.65
10/19/2015 7:00,42296.29,1608.8,25.71,17.65
10/19/2015 7:10,42296.30,1606.5,25.72,17.65
10/19/2015 7:20,42296.31,1604.4,25.72,17.65
10/19/2015 7:30,42296.31,1602.3,25.72,17.65
10/19/2015 7:40,42296.32,1600.4,25.72,17.65
10/19/2015 7:50,42296.33,1598.4,25.71,17.65
10/19/2015 8:00,42296.33,1596.9,25.72,17.65
10/19/2015 8:10,42296.34,1595.5,25.72,17.65
10/19/2015 8:20,42296.35,1593.9,25.72,17.65
10/19/2015 8:30,42296.35,1592.7,25.72,17.65
10/19/2015 8:40,42296.36,1591.2,25.72,17.65
10/19/2015 8:50,42296.37,1590.1,25.72,17.65
10/19/2015 9:00,42296.38,1589.2,25.72,17.65
10/19/2015 9:10,42296.38,1588.2,25.72,17.65
10/19/2015 9:20,42296.39,1587.1,25.72,17.65
10/19/2015 9:30,42296.40,1586.3,25.72,17.65
10/19/2015 9:40,42296.40,1585.4,25.72,17.65
10/19/2015 9:50,42296.41,1584.7,25.72,17.65
10/19/2015 10:00,42296.42,1584.2,25.72,17.65
10/19/2015 10:10,42296.42,1584.1,25.72,17.65
10/19/2015 10:20,42296.43,1583.9,25.72,17.65
10/19/2015 10:30,42296.44,1583.9,25.72,17.65
10/19/2015 10:40,42296.44,1584.2,25.72,17.65
10/19/2015 10:50,42296.45,1585,25.72,17.65
10/19/2015 11:00,42296.46,1585.7,25.72,17.65
10/19/2015 11:10,42296.47,1586.6,25.72,17.65
10/19/2015 11:20,42296.47,1588,25.72,17.65
10/19/2015 11:30,42296.48,1589.2,25.72,17.65
10/19/2015 11:40,42296.49,1590.8,25.72,17.64
10/19/2015 11:50,42296.49,1592.7,25.72,17.65
10/19/2015 12:00,42296.50,1594.3,25.72,17.65
10/19/2015 12:10,42296.51,1596.4,25.72,17.65
10/19/2015 12:20,42296.51,1598.1,25.72,17.65
10/19/2015 12:30,42296.52,1600.4,25.72,17.65
10/19/2015 12:40,42296.53,1602.1,25.72,17.65
10/19/2015 12:50,42296.53,1603.8,25.72,17.65
10/19/2015 13:00,42296.54,1605.6,25.72,17.64
10/19/2015 13:10,42296.55,1607.7,25.72,17.65
10/19/2015 13:20,42296.56,1609.8,25.71,17.65
10/19/2015 13:30,42296.56,1612,25.72,17.65
10/19/2015 13:40,42296.57,1614.2,25.71,17.65
10/19/2015 13:50,42296.58,1616,25.71,17.64
10/19/2015 14:00,42296.58,1617.9,25.72,17.65
10/19/2015 14:10,42296.59,1619.4,25.71,17.65
10/19/2015 14:20,42296.60,1620.8,25.71,17.65
10/19/2015 14:30,42296.60,1622.3,25.72,17.65
10/19/2015 14:40,42296.61,1623.5,25.72,17.65
10/19/2015 14:50,42296.62,1624.5,25.71,17.64
10/19/2015 15:00,42296.63,1625.6,25.72,17.64
10/19/2015 15:10,42296.63,1626.1,25.72,17.64
10/19/2015 15:20,42296.64,1626.7,25.71,17.64
10/19/2015 15:30,42296.65,1627.2,25.71,17.64
10/19/2015 15:40,42296.65,1627.7,25.72,17.65
10/19/2015 15:50,42296.66,1627.7,25.71,17.65
10/19/2015 16:00,42296.67,1628.1,25.71,17.65
10/19/2015 16:10,42296.67,1628.2,25.72,17.64
10/19/2015 16:20,42296.68,1628,25.72,17.64
10/19/2015 16:30,42296.69,1031.9,29.01,0.09
,,,,
